insee;dep;nom;nb_inscrits;nb_votants;nb_exprimes;nb_voix1;nb_voix2;nb_voix3;nb_voix4;nb_voix5;nb_voix6;nb_voix7;nb_voix8;nb_voix9;nb_voix10;nb_voix11;nb_voix12;nb_voix13;nb_voix14;voix_1;voix_2;voix_3;voix_4;voix_5;voix_6;voix_7;voix_8;voix_9;voix_10;voix_11;voix_12;voix_13;voix_14
01001;01;L'Abergement-Clémenciat;598;506;495;126;59;119;110;34;2;29;6;4;4;2;0;92;9;25.45;11.92;24.04;22.22;6.87;0.4;5.86;1.21;0.81;0.81;0.4;0;15.38;1.82
01002;01;L'Abergement-de-Varey;209;184;176;48;33;37;34;6;0;13;1;2;2;0;0;25;2;27.27;18.75;21.02;19.32;3.41;0;7.39;0.57;1.14;1.14;0;0;11.96;1.14
01004;01;Ambérieu-en-Bugey;8586;6624;6452;1667;1412;1332;1084;346;60;344;71;91;40;5;0;1962;58;25.84;21.88;20.64;16.8;5.36;0.93;5.33;1.1;1.41;0.62;0.08;0;22.85;0.9
01005;01;Ambérieux-en-Dombes;1172;957;933;306;126;191;197;45;6;37;10;10;5;0;0;215;3;32.8;13.5;20.47;21.11;4.82;0.64;3.97;1.07;1.07;0.54;0;0;18.34;0.32
01006;01;Ambléon;99;79;77;18;19;15;14;4;1;3;0;2;1;0;0;20;0;23.38;24.68;19.48;18.18;5.19;1.3;3.9;0;2.6;1.3;0;0;20.2;0
01007;01;Ambronay;1880;1612;1548;458;296;348;233;80;13;82;11;17;9;1;0;268;11;29.59;19.12;22.48;15.05;5.17;0.84;5.3;0.71;1.1;0.58;0.06;0;14.26;0.71
01008;01;Ambutrix;581;490;473;135;89;95;84;28;3;23;2;8;3;3;0;91;5;28.54;18.82;20.08;17.76;5.92;0.63;4.86;0.42;1.69;0.63;0.63;0;15.66;1.06
01009;01;Andert-et-Condon;254;213;209;40;39;55;44;6;8;8;6;3;0;0;0;41;3;19.14;18.66;26.32;21.05;2.87;3.83;3.83;2.87;1.44;0;0;0;16.14;1.44
01010;01;Anglefort;738;602;589;207;103;110;83;33;14;20;10;5;3;1;0;136;11;35.14;17.49;18.68;14.09;5.6;2.38;3.4;1.7;0.85;0.51;0.17;0;18.43;1.87
01011;01;Apremont;275;232;224;64;30;49;46;9;4;13;1;4;4;0;0;43;2;28.57;13.39;21.88;20.54;4.02;1.79;5.8;0.45;1.79;1.79;0;0;15.64;0.89
01012;01;Aranc;278;225;218;56;61;51;23;10;2;10;0;2;2;1;0;53;7;25.69;27.98;23.39;10.55;4.59;0.92;4.59;0;0.92;0.92;0.46;0;19.06;3.21
01013;01;Arandas;133;111;109;41;19;16;23;3;0;1;2;2;2;0;0;22;0;37.61;17.43;14.68;21.1;2.75;0;0.92;1.83;1.83;1.83;0;0;16.54;0
01014;01;Arbent;2178;1658;1613;332;291;421;343;98;21;58;23;15;9;2;0;520;12;20.58;18.04;26.1;21.26;6.08;1.3;3.6;1.43;0.93;0.56;0.12;0;23.88;0.74
01015;01;Arboys en Bugey;535;456;437;101;72;111;81;25;7;22;9;4;3;2;0;79;8;23.11;16.48;25.4;18.54;5.72;1.6;5.03;2.06;0.92;0.69;0.46;0;14.77;1.83
01016;01;Arbigny;317;252;246;74;37;47;50;17;2;5;2;6;5;1;0;65;1;30.08;15.04;19.11;20.33;6.91;0.81;2.03;0.81;2.44;2.03;0.41;0;20.5;0.41
01017;01;Argis;322;262;260;90;56;39;34;14;5;6;8;5;2;1;0;60;1;34.62;21.54;15;13.08;5.38;1.92;2.31;3.08;1.92;0.77;0.38;0;18.63;0.38
01019;01;Armix;36;28;27;8;3;6;5;3;0;1;0;1;0;0;0;8;0;29.63;11.11;22.22;18.52;11.11;0;3.7;0;3.7;0;0;0;22.22;0
01021;01;Ars-sur-Formans;945;818;796;187;81;147;279;55;7;22;6;7;5;0;0;127;8;23.49;10.18;18.47;35.05;6.91;0.88;2.76;0.75;0.88;0.63;0;0;13.44;1.01
01022;01;Artemare;879;697;684;200;123;129;118;49;6;32;9;8;8;2;0;182;8;29.24;17.98;18.86;17.25;7.16;0.88;4.68;1.32;1.17;1.17;0.29;0;20.71;1.17
01023;01;Asnières-sur-Saône;56;47;45;16;11;1;15;0;0;0;2;0;0;0;0;9;2;35.56;24.44;2.22;33.33;0;0;0;4.44;0;0;0;0;16.07;4.44
01024;01;Attignat;2333;1891;1850;493;272;386;383;146;14;104;14;20;16;2;0;442;8;26.65;14.7;20.86;20.7;7.89;0.76;5.62;0.76;1.08;0.86;0.11;0;18.95;0.43
01025;01;Bâgé-la-Ville;2281;1905;1834;508;270;460;321;150;16;67;15;16;8;3;0;376;19;27.7;14.72;25.08;17.5;8.18;0.87;3.65;0.82;0.87;0.44;0.16;0;16.48;1.04
01026;01;Bâgé-le-Châtel;552;452;439;90;61;134;99;25;4;14;1;8;2;1;0;100;11;20.5;13.9;30.52;22.55;5.69;0.91;3.19;0.23;1.82;0.46;0.23;0;18.12;2.51
01027;01;Balan;1215;1014;992;303;134;223;193;70;7;33;12;9;6;2;0;201;2;30.54;13.51;22.48;19.46;7.06;0.71;3.33;1.21;0.91;0.6;0.2;0;16.54;0.2
01028;01;Baneins;448;371;356;139;40;73;63;17;6;13;0;2;0;3;0;77;13;39.04;11.24;20.51;17.7;4.78;1.69;3.65;0;0.56;0;0.84;0;17.19;3.65
01029;01;Beaupont;430;353;338;122;51;67;51;31;1;6;3;3;0;3;0;77;3;36.09;15.09;19.82;15.09;9.17;0.3;1.78;0.89;0.89;0;0.89;0;17.91;0.89
01030;01;Beauregard;518;412;406;116;68;82;93;18;1;18;2;7;1;0;0;106;5;28.57;16.75;20.2;22.91;4.43;0.25;4.43;0.49;1.72;0.25;0;0;20.46;1.23
01031;01;Bellignat;2072;1472;1420;338;240;310;310;75;24;73;31;9;8;2;0;600;14;23.8;16.9;21.83;21.83;5.28;1.69;5.14;2.18;0.63;0.56;0.14;0;28.96;0.99
01032;01;Béligneux;1936;1572;1543;496;245;303;270;93;16;82;13;9;10;6;0;364;6;32.15;15.88;19.64;17.5;6.03;1.04;5.31;0.84;0.58;0.65;0.39;0;18.8;0.39
01033;01;Bellegarde-sur-Valserine;6064;4336;4223;903;885;981;766;204;43;273;93;45;27;3;0;1728;39;21.38;20.96;23.23;18.14;4.83;1.02;6.46;2.2;1.07;0.64;0.07;0;28.5;0.92
01034;01;Belley;5609;4336;4232;954;816;987;843;219;42;244;56;38;20;13;0;1273;37;22.54;19.28;23.32;19.92;5.17;0.99;5.77;1.32;0.9;0.47;0.31;0;22.7;0.87
01035;01;Belleydoux;256;208;205;61;37;37;29;21;3;8;4;4;1;0;0;48;0;29.76;18.05;18.05;14.15;10.24;1.46;3.9;1.95;1.95;0.49;0;0;18.75;0
01036;01;Belmont-Luthézieu;460;373;367;81;87;60;77;17;8;22;1;10;4;0;0;87;0;22.07;23.71;16.35;20.98;4.63;2.18;5.99;0.27;2.72;1.09;0;0;18.91;0
01037;01;Bénonces;226;182;173;52;17;27;58;9;3;4;0;2;1;0;0;44;8;30.06;9.83;15.61;33.53;5.2;1.73;2.31;0;1.16;0.58;0;0;19.47;4.62
01038;01;Bény;578;496;478;110;85;98;119;26;8;14;5;5;6;2;0;82;2;23.01;17.78;20.5;24.9;5.44;1.67;2.93;1.05;1.05;1.26;0.42;0;14.19;0.42
01039;01;Béon;357;290;288;78;59;68;40;17;4;17;1;4;0;0;0;67;2;27.08;20.49;23.61;13.89;5.9;1.39;5.9;0.35;1.39;0;0;0;18.77;0.69
01040;01;Béréziat;348;276;267;78;44;42;56;20;5;12;2;4;2;2;0;72;1;29.21;16.48;15.73;20.97;7.49;1.87;4.49;0.75;1.5;0.75;0.75;0;20.69;0.37
01041;01;Bettant;590;497;477;146;96;97;55;29;9;31;3;6;3;2;0;93;6;30.61;20.13;20.34;11.53;6.08;1.89;6.5;0.63;1.26;0.63;0.42;0;15.76;1.26
01042;01;Bey;226;193;184;36;33;40;44;13;5;3;1;5;4;0;0;33;1;19.57;17.93;21.74;23.91;7.07;2.72;1.63;0.54;2.72;2.17;0;0;14.6;0.54
01043;01;Beynost;3573;2884;2830;524;411;789;748;146;22;113;34;26;12;5;0;689;9;18.52;14.52;27.88;26.43;5.16;0.78;3.99;1.2;0.92;0.42;0.18;0;19.28;0.32
01044;01;Billiat;407;311;301;82;37;78;43;23;2;21;4;10;1;0;0;96;1;27.24;12.29;25.91;14.29;7.64;0.66;6.98;1.33;3.32;0.33;0;0;23.59;0.33
01045;01;Birieux;192;164;158;62;9;32;37;8;4;4;0;2;0;0;0;28;0;39.24;5.7;20.25;23.42;5.06;2.53;2.53;0;1.27;0;0;0;14.58;0
01046;01;Biziat;616;506;485;175;44;90;98;40;4;22;5;5;2;0;0;110;21;36.08;9.07;18.56;20.21;8.25;0.82;4.54;1.03;1.03;0.41;0;0;17.86;4.33
01047;01;Blyes;693;596;572;159;91;123;113;45;4;17;8;5;5;2;0;97;5;27.8;15.91;21.5;19.76;7.87;0.7;2.97;1.4;0.87;0.87;0.35;0;14;0.87
01049;01;La Boisse;2152;1804;1759;451;306;410;344;109;17;77;26;11;7;1;0;348;10;25.64;17.4;23.31;19.56;6.2;0.97;4.38;1.48;0.63;0.4;0.06;0;16.17;0.57
01050;01;Boissey;247;195;187;83;26;13;46;9;1;6;0;1;1;1;0;52;2;44.39;13.9;6.95;24.6;4.81;0.53;3.21;0;0.53;0.53;0.53;0;21.05;1.07
01051;01;Bolozon;98;76;76;19;15;14;11;2;4;11;0;0;0;0;0;22;0;25;19.74;18.42;14.47;2.63;5.26;14.47;0;0;0;0;0;22.45;0
01052;01;Bouligneux;266;228;225;51;26;39;73;17;4;10;3;1;1;0;0;38;0;22.67;11.56;17.33;32.44;7.56;1.78;4.44;1.33;0.44;0.44;0;0;14.29;0
01053;01;Bourg-en-Bresse;23698;17294;16939;2795;3514;4311;3602;729;135;1408;182;145;90;28;0;6404;82;16.5;20.75;25.45;21.26;4.3;0.8;8.31;1.07;0.86;0.53;0.17;0;27.02;0.48
01054;01;Bourg-Saint-Christophe;927;823;812;243;121;176;143;55;4;46;9;8;6;1;0;104;1;29.93;14.9;21.67;17.61;6.77;0.49;5.67;1.11;0.99;0.74;0.12;0;11.22;0.12
01056;01;Boyeux-Saint-Jérôme;301;246;242;82;25;39;61;13;3;12;2;3;1;1;0;55;4;33.88;10.33;16.12;25.21;5.37;1.24;4.96;0.83;1.24;0.41;0.41;0;18.27;1.65
01057;01;Boz;390;326;319;121;47;57;32;29;2;21;5;2;2;1;0;64;5;37.93;14.73;17.87;10.03;9.09;0.63;6.58;1.57;0.63;0.63;0.31;0;16.41;1.57
01058;01;Brégnier-Cordon;622;501;489;144;85;97;89;30;5;19;5;5;9;1;0;121;2;29.45;17.38;19.84;18.2;6.13;1.02;3.89;1.02;1.02;1.84;0.2;0;19.45;0.41
01059;01;Brénaz;95;80;76;16;9;21;22;1;1;6;0;0;0;0;0;15;0;21.05;11.84;27.63;28.95;1.32;1.32;7.89;0;0;0;0;0;15.79;0
01060;01;Brénod;420;346;330;88;50;59;94;14;2;14;5;4;0;0;0;74;1;26.67;15.15;17.88;28.48;4.24;0.61;4.24;1.52;1.21;0;0;0;17.62;0.3
01061;01;Brens;850;737;712;217;107;168;105;54;12;30;9;7;3;0;0;113;6;30.48;15.03;23.6;14.75;7.58;1.69;4.21;1.26;0.98;0.42;0;0;13.29;0.84
01062;01;Bressolles;616;536;521;113;73;129;132;31;13;22;4;1;1;2;0;80;12;21.69;14.01;24.76;25.34;5.95;2.5;4.22;0.77;0.19;0.19;0.38;0;12.99;2.3
01063;01;Brion;367;308;302;73;22;68;85;24;5;10;7;5;2;1;0;59;1;24.17;7.28;22.52;28.15;7.95;1.66;3.31;2.32;1.66;0.66;0.33;0;16.08;0.33
01064;01;Briord;728;576;558;233;101;94;52;31;4;21;10;6;4;2;0;152;3;41.76;18.1;16.85;9.32;5.56;0.72;3.76;1.79;1.08;0.72;0.36;0;20.88;0.54
01065;01;Buellas;1325;1146;1118;240;127;291;274;74;17;69;7;13;6;0;0;179;4;21.47;11.36;26.03;24.51;6.62;1.52;6.17;0.63;1.16;0.54;0;0;13.51;0.36
01066;01;La Burbanche;82;60;60;22;14;3;14;2;1;1;1;2;0;0;0;22;0;36.67;23.33;5;23.33;3.33;1.67;1.67;1.67;3.33;0;0;0;26.83;0
01067;01;Ceignes;203;152;148;34;15;35;29;20;2;9;1;1;2;0;0;51;4;22.97;10.14;23.65;19.59;13.51;1.35;6.08;0.68;0.68;1.35;0;0;25.12;2.7
01068;01;Cerdon;503;396;370;146;61;54;59;24;5;13;4;4;0;0;0;107;22;39.46;16.49;14.59;15.95;6.49;1.35;3.51;1.08;1.08;0;0;0;21.27;5.95
01069;01;Certines;1082;947;920;262;144;202;163;78;11;42;9;5;3;1;0;135;8;28.48;15.65;21.96;17.72;8.48;1.2;4.57;0.98;0.54;0.33;0.11;0;12.48;0.87
01071;01;Cessy;2563;2093;2044;305;277;535;604;139;19;110;28;12;13;2;0;470;9;14.92;13.55;26.17;29.55;6.8;0.93;5.38;1.37;0.59;0.64;0.1;0;18.34;0.44
01072;01;Ceyzériat;2236;1833;1782;368;341;437;403;92;17;86;12;16;7;3;0;403;13;20.65;19.14;24.52;22.62;5.16;0.95;4.83;0.67;0.9;0.39;0.17;0;18.02;0.73
01073;01;Ceyzérieu;887;723;697;184;125;155;111;42;6;37;13;14;7;3;0;164;8;26.4;17.93;22.24;15.93;6.03;0.86;5.31;1.87;2.01;1;0.43;0;18.49;1.15
01074;01;Chalamont;1543;1239;1202;401;165;209;238;84;10;67;16;5;6;1;0;304;5;33.36;13.73;17.39;19.8;6.99;0.83;5.57;1.33;0.42;0.5;0.08;0;19.7;0.42
01075;01;Chaleins;888;744;728;220;107;124;175;48;8;30;7;6;0;3;0;144;3;30.22;14.7;17.03;24.04;6.59;1.1;4.12;0.96;0.82;0;0.41;0;16.22;0.41
01076;01;Chaley;122;97;95;32;15;15;19;3;2;6;0;2;1;0;0;25;1;33.68;15.79;15.79;20;3.16;2.11;6.32;0;2.11;1.05;0;0;20.49;1.05
01077;01;Challes-la-Montagne;150;125;121;47;18;14;20;16;0;3;1;1;1;0;0;25;0;38.84;14.88;11.57;16.53;13.22;0;2.48;0.83;0.83;0.83;0;0;16.67;0
01078;01;Challex;777;589;581;82;106;142;170;36;3;24;6;7;2;3;0;188;2;14.11;18.24;24.44;29.26;6.2;0.52;4.13;1.03;1.2;0.34;0.52;0;24.2;0.34
01079;01;Champagne-en-Valromey;556;435;427;69;85;84;81;62;5;27;4;5;3;2;0;121;8;16.16;19.91;19.67;18.97;14.52;1.17;6.32;0.94;1.17;0.7;0.47;0;21.76;1.87
01080;01;Champdor-Corcelles;503;420;397;85;82;82;76;24;9;21;5;9;4;0;0;83;4;21.41;20.65;20.65;19.14;6.05;2.27;5.29;1.26;2.27;1.01;0;0;16.5;1.01
01081;01;Champfromier;508;432;418;114;75;59;94;29;5;28;2;10;2;0;0;76;0;27.27;17.94;14.11;22.49;6.94;1.2;6.7;0.48;2.39;0.48;0;0;14.96;0
01082;01;Chanay;386;309;301;81;57;56;41;32;6;18;5;3;2;0;0;77;2;26.91;18.94;18.6;13.62;10.63;1.99;5.98;1.66;1;0.66;0;0;19.95;0.66
01083;01;Chaneins;672;565;551;212;65;84;128;27;6;24;1;1;3;0;0;107;4;38.48;11.8;15.25;23.23;4.9;1.09;4.36;0.18;0.18;0.54;0;0;15.92;0.73
01084;01;Chanoz-Châtenay;593;484;478;154;36;106;108;32;7;20;3;3;7;2;0;109;0;32.22;7.53;22.18;22.59;6.69;1.46;4.18;0.63;0.63;1.46;0.42;0;18.38;0
01085;01;La Chapelle-du-Châtelard;291;242;241;77;19;41;50;30;1;13;7;2;1;0;0;49;0;31.95;7.88;17.01;20.75;12.45;0.41;5.39;2.9;0.83;0.41;0;0;16.84;0
01087;01;Charix;212;179;175;41;30;34;36;14;5;5;1;6;3;0;0;33;3;23.43;17.14;19.43;20.57;8;2.86;2.86;0.57;3.43;1.71;0;0;15.57;1.71
01088;01;Charnoz-sur-Ain;741;657;643;250;74;126;117;33;5;28;3;3;3;1;0;84;0;38.88;11.51;19.6;18.2;5.13;0.78;4.35;0.47;0.47;0.47;0.16;0;11.34;0
01089;01;Château-Gaillard;1436;1200;1166;390;192;223;207;67;9;51;12;8;5;2;0;236;12;33.45;16.47;19.13;17.75;5.75;0.77;4.37;1.03;0.69;0.43;0.17;0;16.43;1.03
01090;01;Châtenay;253;218;214;54;35;37;58;17;3;7;2;0;1;0;0;35;0;25.23;16.36;17.29;27.1;7.94;1.4;3.27;0.93;0;0.47;0;0;13.83;0
01091;01;Châtillon-en-Michaille;2265;1783;1737;442;328;363;309;140;12;82;25;28;7;1;0;482;9;25.45;18.88;20.9;17.79;8.06;0.69;4.72;1.44;1.61;0.4;0.06;0;21.28;0.52
01092;01;Châtillon-la-Palud;1201;999;973;331;147;188;169;50;6;52;11;10;9;0;0;202;7;34.02;15.11;19.32;17.37;5.14;0.62;5.34;1.13;1.03;0.92;0;0;16.82;0.72
01093;01;Châtillon-sur-Chalaronne;3504;2729;2676;682;329;544;712;168;22;129;28;36;19;7;0;775;12;25.49;12.29;20.33;26.61;6.28;0.82;4.82;1.05;1.35;0.71;0.26;0;22.12;0.45
01094;01;Chavannes-sur-Reyssouze;554;427;420;125;52;89;70;40;6;22;3;5;7;1;0;127;3;29.76;12.38;21.19;16.67;9.52;1.43;5.24;0.71;1.19;1.67;0.24;0;22.92;0.71
01095;01;Nivigne et Suran;564;464;451;123;86;90;73;26;7;32;2;7;5;0;0;100;3;27.27;19.07;19.96;16.19;5.76;1.55;7.1;0.44;1.55;1.11;0;0;17.73;0.67
01096;01;Chaveyriat;747;628;609;190;75;127;115;43;9;33;5;1;10;1;0;119;2;31.2;12.32;20.85;18.88;7.06;1.48;5.42;0.82;0.16;1.64;0.16;0;15.93;0.33
01097;01;Chavornay;189;154;149;34;25;39;20;14;2;13;1;1;0;0;0;35;0;22.82;16.78;26.17;13.42;9.4;1.34;8.72;0.67;0.67;0;0;0;18.52;0
01098;01;Chazey-Bons;734;598;587;165;105;127;103;36;6;23;5;13;4;0;0;136;1;28.11;17.89;21.64;17.55;6.13;1.02;3.92;0.85;2.21;0.68;0;0;18.53;0.17
01099;01;Chazey-sur-Ain;1188;1002;974;319;126;220;166;64;9;49;4;8;8;1;0;186;5;32.75;12.94;22.59;17.04;6.57;0.92;5.03;0.41;0.82;0.82;0.1;0;15.66;0.51
01100;01;Cheignieu-la-Balme;138;113;110;22;27;24;14;7;3;8;2;2;1;0;0;25;1;20;24.55;21.82;12.73;6.36;2.73;7.27;1.82;1.82;0.91;0;0;18.12;0.91
01101;01;Chevillard;145;118;116;35;21;24;16;11;2;3;2;1;1;0;0;27;2;30.17;18.1;20.69;13.79;9.48;1.72;2.59;1.72;0.86;0.86;0;0;18.62;1.72
01102;01;Chevroux;646;527;512;188;57;107;92;34;6;16;4;7;1;0;0;119;3;36.72;11.13;20.9;17.97;6.64;1.17;3.13;0.78;1.37;0.2;0;0;18.42;0.59
01103;01;Chevry;841;665;651;99;81;174;204;34;7;37;10;4;0;1;0;176;0;15.21;12.44;26.73;31.34;5.22;1.08;5.68;1.54;0.61;0;0.15;0;20.93;0
01104;01;Chézery-Forens;332;255;250;64;37;37;59;19;6;12;10;3;3;0;0;77;1;25.6;14.8;14.8;23.6;7.6;2.4;4.8;4;1.2;1.2;0;0;23.19;0.4
01105;01;Civrieux;1189;995;976;265;110;246;249;49;9;33;5;4;6;0;0;194;3;27.15;11.27;25.2;25.51;5.02;0.92;3.38;0.51;0.41;0.61;0;0;16.32;0.31
01106;01;Cize;132;112;108;29;25;8;15;10;6;11;1;2;1;0;0;20;1;26.85;23.15;7.41;13.89;9.26;5.56;10.19;0.93;1.85;0.93;0;0;15.15;0.93
01107;01;Cleyzieu;120;103;100;26;14;19;23;7;0;10;1;0;0;0;0;17;0;26;14;19;23;7;0;10;1;0;0;0;0;14.17;0
01108;01;Coligny;889;702;688;187;98;140;150;46;6;43;12;3;3;0;0;187;5;27.18;14.24;20.35;21.8;6.69;0.87;6.25;1.74;0.44;0.44;0;0;21.03;0.73
01109;01;Collonges;1165;849;825;182;167;178;149;49;8;58;12;15;3;4;0;316;2;22.06;20.24;21.58;18.06;5.94;0.97;7.03;1.45;1.82;0.36;0.48;0;27.12;0.24
01110;01;Colomieu;127;107;106;25;34;21;12;0;4;7;1;1;1;0;0;20;0;23.58;32.08;19.81;11.32;0;3.77;6.6;0.94;0.94;0.94;0;0;15.75;0
01111;01;Conand;105;85;82;14;24;15;15;6;1;5;1;0;1;0;0;20;0;17.07;29.27;18.29;18.29;7.32;1.22;6.1;1.22;0;1.22;0;0;19.05;0
01112;01;Condamine;268;225;220;70;31;33;49;26;0;8;1;1;0;1;0;43;2;31.82;14.09;15;22.27;11.82;0;3.64;0.45;0.45;0;0.45;0;16.04;0.91
01113;01;Condeissiat;585;496;482;123;57;122;96;39;9;22;4;5;4;1;0;89;2;25.52;11.83;25.31;19.92;8.09;1.87;4.56;0.83;1.04;0.83;0.21;0;15.21;0.41
01114;01;Confort;391;335;324;85;59;57;65;21;4;26;2;1;3;1;0;56;1;26.23;18.21;17.59;20.06;6.48;1.23;8.02;0.62;0.31;0.93;0.31;0;14.32;0.31
01115;01;Confrançon;887;735;718;224;108;151;126;52;16;29;4;3;4;1;0;152;6;31.2;15.04;21.03;17.55;7.24;2.23;4.04;0.56;0.42;0.56;0.14;0;17.14;0.84
01116;01;Contrevoz;439;366;359;115;70;69;59;16;6;18;2;3;1;0;0;73;2;32.03;19.5;19.22;16.43;4.46;1.67;5.01;0.56;0.84;0.28;0;0;16.63;0.56
01117;01;Conzieu;117;96;93;29;22;21;12;4;1;3;0;1;0;0;0;21;0;31.18;23.66;22.58;12.9;4.3;1.08;3.23;0;1.08;0;0;0;17.95;0
01118;01;Corbonod;764;613;593;165;115;99;115;40;10;36;2;5;5;1;0;151;9;27.82;19.39;16.69;19.39;6.75;1.69;6.07;0.34;0.84;0.84;0.17;0;19.76;1.52
01121;01;Corlier;90;76;70;22;7;14;18;3;1;3;1;0;0;1;0;14;1;31.43;10;20;25.71;4.29;1.43;4.29;1.43;0;0;1.43;0;15.56;1.43
01122;01;Cormaranche-en-Bugey;647;552;539;115;107;121;116;29;9;27;9;1;4;1;0;95;3;21.34;19.85;22.45;21.52;5.38;1.67;5.01;1.67;0.19;0.74;0.19;0;14.68;0.56
01123;01;Cormoranche-sur-Saône;809;688;674;174;103;149;150;51;2;33;5;3;2;2;0;121;4;25.82;15.28;22.11;22.26;7.57;0.3;4.9;0.74;0.45;0.3;0.3;0;14.96;0.59
01124;01;Cormoz;537;437;430;156;51;81;64;31;5;23;8;8;3;0;0;100;0;36.28;11.86;18.84;14.88;7.21;1.16;5.35;1.86;1.86;0.7;0;0;18.62;0
01125;01;Corveissiat;450;385;374;129;58;55;61;23;7;30;0;6;5;0;0;65;2;34.49;15.51;14.71;16.31;6.15;1.87;8.02;0;1.6;1.34;0;0;14.44;0.53
01127;01;Courmangoux;390;339;330;84;54;69;72;15;6;14;3;8;3;2;0;51;1;25.45;16.36;20.91;21.82;4.55;1.82;4.24;0.91;2.42;0.91;0.61;0;13.08;0.3
01128;01;Courtes;215;177;163;57;20;28;29;9;5;11;0;4;0;0;0;38;5;34.97;12.27;17.18;17.79;5.52;3.07;6.75;0;2.45;0;0;0;17.67;3.07
01129;01;Crans;202;182;179;63;30;28;31;15;0;10;1;0;1;0;0;20;0;35.2;16.76;15.64;17.32;8.38;0;5.59;0.56;0;0.56;0;0;9.9;0
01130;01;Cras-sur-Reyssouze;1039;858;834;243;102;213;151;65;1;42;7;4;5;1;0;181;2;29.14;12.23;25.54;18.11;7.79;0.12;5.04;0.84;0.48;0.6;0.12;0;17.42;0.24
01133;01;Cressin-Rochefort;326;288;286;70;55;69;55;17;2;11;2;4;1;0;0;38;1;24.48;19.23;24.13;19.23;5.94;0.7;3.85;0.7;1.4;0.35;0;0;11.66;0.35
01134;01;Crottet;1285;1113;1088;320;136;247;214;79;12;45;7;12;13;3;0;172;5;29.41;12.5;22.7;19.67;7.26;1.1;4.14;0.64;1.1;1.19;0.28;0;13.39;0.46
01135;01;Crozet;1116;907;900;179;137;207;227;56;5;73;6;4;5;1;0;209;2;19.89;15.22;23;25.22;6.22;0.56;8.11;0.67;0.44;0.56;0.11;0;18.73;0.22
01136;01;Cruzilles-lès-Mépillat;605;511;490;160;55;94;104;40;10;15;5;0;4;3;0;94;6;32.65;11.22;19.18;21.22;8.16;2.04;3.06;1.02;0;0.82;0.61;0;15.54;1.22
01138;01;Culoz;1866;1473;1443;439;297;278;198;76;18;89;14;24;6;4;0;393;7;30.42;20.58;19.27;13.72;5.27;1.25;6.17;0.97;1.66;0.42;0.28;0;21.06;0.49
01139;01;Curciat-Dongalon;325;262;257;88;23;52;57;14;2;6;5;3;5;2;0;63;0;34.24;8.95;20.23;22.18;5.45;0.78;2.33;1.95;1.17;1.95;0.78;0;19.38;0
01140;01;Curtafond;542;480;468;145;72;71;108;25;11;24;5;3;4;0;0;62;2;30.98;15.38;15.17;23.08;5.34;2.35;5.13;1.07;0.64;0.85;0;0;11.44;0.43
01141;01;Cuzieu;364;297;283;68;55;69;56;16;3;13;0;2;1;0;0;67;3;24.03;19.43;24.38;19.79;5.65;1.06;4.59;0;0.71;0.35;0;0;18.41;1.06
01142;01;Dagneux;3184;2542;2474;721;414;510;466;149;20;126;29;22;9;8;0;642;11;29.14;16.73;20.61;18.84;6.02;0.81;5.09;1.17;0.89;0.36;0.32;0;20.16;0.44
01143;01;Divonne-les-Bains;5840;4509;4435;478;441;1339;1711;140;33;170;72;32;6;13;0;1331;12;10.78;9.94;30.19;38.58;3.16;0.74;3.83;1.62;0.72;0.14;0.29;0;22.79;0.27
01144;01;Dommartin;632;513;491;146;61;114;83;53;4;17;1;6;5;1;0;119;8;29.74;12.42;23.22;16.9;10.79;0.81;3.46;0.2;1.22;1.02;0.2;0;18.83;1.63
01145;01;Dompierre-sur-Veyle;833;703;696;247;104;122;127;37;7;32;14;1;4;1;0;130;2;35.49;14.94;17.53;18.25;5.32;1.01;4.6;2.01;0.14;0.57;0.14;0;15.61;0.29
01146;01;Dompierre-sur-Chalaronne;284;239;226;58;27;56;53;14;1;13;3;1;0;0;0;45;1;25.66;11.95;24.78;23.45;6.19;0.44;5.75;1.33;0.44;0;0;0;15.85;0.44
01147;01;Domsure;363;303;296;97;32;62;56;26;1;15;3;1;3;0;0;60;1;32.77;10.81;20.95;18.92;8.78;0.34;5.07;1.01;0.34;1.01;0;0;16.53;0.34
01148;01;Dortan;1302;1016;980;295;113;203;212;70;12;39;9;16;5;6;0;286;5;30.1;11.53;20.71;21.63;7.14;1.22;3.98;0.92;1.63;0.51;0.61;0;21.97;0.51
01149;01;Douvres;817;709;680;163;120;162;135;43;9;33;7;5;2;1;0;108;5;23.97;17.65;23.82;19.85;6.32;1.32;4.85;1.03;0.74;0.29;0.15;0;13.22;0.74
01150;01;Drom;170;150;148;33;38;25;27;5;2;13;2;1;2;0;0;20;0;22.3;25.68;16.89;18.24;3.38;1.35;8.78;1.35;0.68;1.35;0;0;11.76;0
01151;01;Druillat;855;735;718;245;83;135;153;41;11;34;3;9;4;0;0;120;1;34.12;11.56;18.8;21.31;5.71;1.53;4.74;0.42;1.25;0.56;0;0;14.04;0.14
01152;01;Echallon;590;499;488;122;79;93;103;40;13;23;4;10;0;1;0;91;0;25;16.19;19.06;21.11;8.2;2.66;4.71;0.82;2.05;0;0.2;0;15.42;0
01153;01;Echenevex;1132;888;874;109;100;246;291;45;13;55;8;5;1;1;0;244;1;12.47;11.44;28.15;33.3;5.15;1.49;6.29;0.92;0.57;0.11;0.11;0;21.55;0.11
01154;01;Etrez;571;486;469;143;58;94;86;42;6;23;7;4;6;0;0;85;5;30.49;12.37;20.04;18.34;8.96;1.28;4.9;1.49;0.85;1.28;0;0;14.89;1.07
01155;01;Evosges;127;111;106;42;15;11;23;6;2;4;1;2;0;0;0;16;1;39.62;14.15;10.38;21.7;5.66;1.89;3.77;0.94;1.89;0;0;0;12.6;0.94
01156;01;Faramans;620;543;527;216;63;78;103;35;12;13;1;4;2;0;0;77;4;40.99;11.95;14.8;19.54;6.64;2.28;2.47;0.19;0.76;0.38;0;0;12.42;0.76
01157;01;Fareins;1654;1378;1351;289;177;336;333;102;23;60;8;14;7;2;0;276;3;21.39;13.1;24.87;24.65;7.55;1.7;4.44;0.59;1.04;0.52;0.15;0;16.69;0.22
01158;01;Farges;526;428;410;96;78;80;93;25;7;16;7;4;3;1;0;98;0;23.41;19.02;19.51;22.68;6.1;1.71;3.9;1.71;0.98;0.73;0.24;0;18.63;0
01159;01;Feillens;2542;2076;2017;487;225;456;560;150;16;86;16;10;6;5;0;466;31;24.14;11.16;22.61;27.76;7.44;0.79;4.26;0.79;0.5;0.3;0.25;0;18.33;1.54
01160;01;Ferney-Voltaire;3629;2789;2748;282;560;847;669;81;15;220;31;30;6;7;0;840;17;10.26;20.38;30.82;24.34;2.95;0.55;8.01;1.13;1.09;0.22;0.25;0;23.15;0.62
01162;01;Flaxieu;69;68;67;19;6;10;27;1;2;0;0;1;0;1;0;1;0;28.36;8.96;14.93;40.3;1.49;2.99;0;0;1.49;0;1.49;0;1.45;0
01163;01;Foissiat;1494;1190;1151;314;129;240;275;88;14;45;17;17;11;1;0;304;7;27.28;11.21;20.85;23.89;7.65;1.22;3.91;1.48;1.48;0.96;0.09;0;20.35;0.61
01165;01;Francheleins;1011;892;866;272;104;192;179;72;4;29;4;6;3;1;0;119;22;31.41;12.01;22.17;20.67;8.31;0.46;3.35;0.46;0.69;0.35;0.12;0;11.77;2.54
01166;01;Frans;1683;1423;1391;350;175;396;282;106;7;44;10;9;10;2;0;260;8;25.16;12.58;28.47;20.27;7.62;0.5;3.16;0.72;0.65;0.72;0.14;0;15.45;0.58
01167;01;Garnerans;537;470;462;156;62;96;77;32;6;21;1;5;4;2;0;67;2;33.77;13.42;20.78;16.67;6.93;1.3;4.55;0.22;1.08;0.87;0.43;0;12.48;0.43
01169;01;Genouilleux;418;350;341;107;34;66;73;29;2;19;4;1;5;1;0;68;1;31.38;9.97;19.35;21.41;8.5;0.59;5.57;1.17;0.29;1.47;0.29;0;16.27;0.29
01170;01;Beard-Géovreissiat;655;540;526;180;69;113;84;41;8;16;8;5;2;0;0;115;1;34.22;13.12;21.48;15.97;7.79;1.52;3.04;1.52;0.95;0.38;0;0;17.56;0.19
01171;01;Géovreisset;618;504;495;128;64;102;139;26;5;19;7;4;1;0;0;114;4;25.86;12.93;20.61;28.08;5.25;1.01;3.84;1.41;0.81;0.2;0;0;18.45;0.81
01173;01;Gex;6391;4759;4658;707;803;1320;1108;249;41;289;60;52;22;7;0;1632;27;15.18;17.24;28.34;23.79;5.35;0.88;6.2;1.29;1.12;0.47;0.15;0;25.54;0.58
01174;01;Giron;132;101;99;23;11;20;32;1;5;1;3;2;0;1;0;31;0;23.23;11.11;20.2;32.32;1.01;5.05;1.01;3.03;2.02;0;1.01;0;23.48;0
01175;01;Gorrevod;615;489;472;118;93;103;91;36;7;13;3;3;3;2;0;126;4;25;19.7;21.82;19.28;7.63;1.48;2.75;0.64;0.64;0.64;0.42;0;20.49;0.85
01177;01;Grand-Corent;147;123;120;22;37;16;17;9;5;14;0;0;0;0;0;24;0;18.33;30.83;13.33;14.17;7.5;4.17;11.67;0;0;0;0;0;16.33;0
01179;01;Grièges;1390;1190;1160;312;173;254;251;80;10;50;4;18;5;3;0;200;10;26.9;14.91;21.9;21.64;6.9;0.86;4.31;0.34;1.55;0.43;0.26;0;14.39;0.86
01180;01;Grilly;491;390;384;37;34;92;182;13;5;11;4;4;1;1;0;101;2;9.64;8.85;23.96;47.4;3.39;1.3;2.86;1.04;1.04;0.26;0.26;0;20.57;0.52
01181;01;Groissiat;813;690;674;182;93;142;169;48;11;17;5;3;4;0;0;123;2;27;13.8;21.07;25.07;7.12;1.63;2.52;0.74;0.45;0.59;0;0;15.13;0.3
01183;01;Guéreins;1015;841;821;252;82;167;211;48;6;26;10;7;7;5;0;174;20;30.69;9.99;20.34;25.7;5.85;0.73;3.17;1.22;0.85;0.85;0.61;0;17.14;2.44
01184;01;Hautecourt-Romanèche;589;485;471;116;84;104;87;29;2;34;7;5;3;0;0;104;2;24.63;17.83;22.08;18.47;6.16;0.42;7.22;1.49;1.06;0.64;0;0;17.66;0.42
01185;01;Hauteville-Lompnes;2224;1669;1618;406;354;299;312;72;32;82;17;23;17;4;0;555;14;25.09;21.88;18.48;19.28;4.45;1.98;5.07;1.05;1.42;1.05;0.25;0;24.96;0.87
01186;01;Hostiaz;83;69;67;21;16;6;15;4;3;2;0;0;0;0;0;14;1;31.34;23.88;8.96;22.39;5.97;4.48;2.99;0;0;0;0;0;16.87;1.49
01187;01;Haut Valromey;622;527;514;95;84;95;129;43;8;39;8;9;3;1;0;95;5;18.48;16.34;18.48;25.1;8.37;1.56;7.59;1.56;1.75;0.58;0.19;0;15.27;0.97
01188;01;Illiat;481;417;406;144;29;66;111;31;5;11;2;5;2;0;0;64;4;35.47;7.14;16.26;27.34;7.64;1.23;2.71;0.49;1.23;0.49;0;0;13.31;0.99
01189;01;Injoux-Génissiat;754;617;599;201;113;134;60;25;13;40;2;8;2;1;0;137;0;33.56;18.86;22.37;10.02;4.17;2.17;6.68;0.33;1.34;0.33;0.17;0;18.17;0
01190;01;Innimond;102;89;85;23;13;16;20;3;1;9;0;0;0;0;0;13;2;27.06;15.29;18.82;23.53;3.53;1.18;10.59;0;0;0;0;0;12.75;2.35
01191;01;Izenave;139;117;115;25;7;20;31;9;3;6;10;0;4;0;0;22;1;21.74;6.09;17.39;26.96;7.83;2.61;5.22;8.7;0;3.48;0;0;15.83;0.87
01192;01;Izernore;1497;1229;1208;381;156;208;259;94;19;51;16;17;6;1;0;268;4;31.54;12.91;17.22;21.44;7.78;1.57;4.22;1.32;1.41;0.5;0.08;0;17.9;0.33
01193;01;Izieu;175;140;136;35;23;26;28;13;0;9;1;0;1;0;0;35;1;25.74;16.91;19.12;20.59;9.56;0;6.62;0.74;0;0.74;0;0;20;0.74
01194;01;Jassans-Riottier;4217;3393;3305;857;514;773;652;207;31;170;37;37;20;7;0;824;21;25.93;15.55;23.39;19.73;6.26;0.94;5.14;1.12;1.12;0.61;0.21;0;19.54;0.64
01195;01;Jasseron;1193;1013;987;229;138;273;205;54;11;57;10;7;0;3;0;180;4;23.2;13.98;27.66;20.77;5.47;1.11;5.78;1.01;0.71;0;0.3;0;15.09;0.41
01196;01;Jayat;790;658;635;231;68;100;118;53;14;31;4;11;5;0;0;132;10;36.38;10.71;15.75;18.58;8.35;2.2;4.88;0.63;1.73;0.79;0;0;16.71;1.57
01197;01;Journans;270;244;240;48;59;55;44;14;2;11;1;5;1;0;0;26;0;20;24.58;22.92;18.33;5.83;0.83;4.58;0.42;2.08;0.42;0;0;9.63;0
01198;01;Joyeux;187;165;158;31;31;27;44;14;2;5;2;0;2;0;0;22;0;19.62;19.62;17.09;27.85;8.86;1.27;3.16;1.27;0;1.27;0;0;11.76;0
01199;01;Jujurieux;1470;1195;1171;325;248;204;210;73;14;61;16;10;9;1;0;275;3;27.75;21.18;17.42;17.93;6.23;1.2;5.21;1.37;0.85;0.77;0.09;0;18.71;0.26
01200;01;Labalme;124;112;104;23;27;27;17;7;0;3;0;0;0;0;0;12;2;22.12;25.96;25.96;16.35;6.73;0;2.88;0;0;0;0;0;9.68;1.92
01202;01;Lagnieu;4874;3975;3860;1081;703;808;712;239;36;170;43;34;29;5;0;899;27;28.01;18.21;20.93;18.45;6.19;0.93;4.4;1.11;0.88;0.75;0.13;0;18.44;0.7
01203;01;Laiz;905;764;744;205;112;179;125;59;5;43;5;4;7;0;0;141;4;27.55;15.05;24.06;16.8;7.93;0.67;5.78;0.67;0.54;0.94;0;0;15.58;0.54
01204;01;Le Poizat-Lalleyriat;519;438;430;109;65;103;83;30;9;19;0;7;5;0;0;81;5;25.35;15.12;23.95;19.3;6.98;2.09;4.42;0;1.63;1.16;0;0;15.61;1.16
01205;01;Lancrans;704;549;531;123;85;102;118;36;14;28;15;5;4;1;0;155;6;23.16;16.01;19.21;22.22;6.78;2.64;5.27;2.82;0.94;0.75;0.19;0;22.02;1.13
01206;01;Lantenay;221;190;188;51;23;41;37;11;9;7;3;2;3;1;0;31;0;27.13;12.23;21.81;19.68;5.85;4.79;3.72;1.6;1.06;1.6;0.53;0;14.03;0
01207;01;Lapeyrouse;248;226;222;70;25;24;79;12;3;3;4;0;1;1;0;22;1;31.53;11.26;10.81;35.59;5.41;1.35;1.35;1.8;0;0.45;0.45;0;8.87;0.45
01208;01;Lavours;118;106;103;34;21;12;18;3;1;11;0;1;2;0;0;12;0;33.01;20.39;11.65;17.48;2.91;0.97;10.68;0;0.97;1.94;0;0;10.17;0
01209;01;Léaz;428;354;346;100;50;57;78;16;3;18;10;8;4;2;0;74;2;28.9;14.45;16.47;22.54;4.62;0.87;5.2;2.89;2.31;1.16;0.58;0;17.29;0.58
01210;01;Lélex;184;149;144;28;20;29;47;7;2;8;0;1;2;0;0;35;1;19.44;13.89;20.14;32.64;4.86;1.39;5.56;0;0.69;1.39;0;0;19.02;0.69
01211;01;Lent;1019;853;828;202;115;193;171;72;13;49;1;7;4;1;0;166;3;24.4;13.89;23.31;20.65;8.7;1.57;5.92;0.12;0.85;0.48;0.12;0;16.29;0.36
01212;01;Lescheroux;547;441;429;185;61;53;76;23;4;15;4;4;3;1;0;106;2;43.12;14.22;12.35;17.72;5.36;0.93;3.5;0.93;0.93;0.7;0.23;0;19.38;0.47
01213;01;Leyment;920;766;742;265;141;130;91;41;6;48;5;8;4;3;0;154;8;35.71;19;17.52;12.26;5.53;0.81;6.47;0.67;1.08;0.54;0.4;0;16.74;1.08
01214;01;Leyssard;125;108;105;29;24;16;10;8;2;11;2;1;0;2;0;17;0;27.62;22.86;15.24;9.52;7.62;1.9;10.48;1.9;0.95;0;1.9;0;13.6;0
01215;01;Lhôpital;47;37;32;7;3;8;3;5;0;4;2;0;0;0;0;10;4;21.88;9.38;25;9.38;15.63;0;12.5;6.25;0;0;0;0;21.28;12.5
01216;01;Lhuis;609;501;488;145;69;99;116;16;10;18;9;4;2;0;0;108;5;29.71;14.14;20.29;23.77;3.28;2.05;3.69;1.84;0.82;0.41;0;0;17.73;1.02
01218;01;Lochieu;80;60;58;16;9;6;16;5;1;1;1;2;1;0;0;20;2;27.59;15.52;10.34;27.59;8.62;1.72;1.72;1.72;3.45;1.72;0;0;25;3.45
01219;01;Lompnas;131;103;103;27;14;16;34;4;0;6;1;0;1;0;0;28;0;26.21;13.59;15.53;33.01;3.88;0;5.83;0.97;0;0.97;0;0;21.37;0
01221;01;Lompnieu;119;97;95;23;18;20;20;4;0;7;0;2;1;0;0;22;0;24.21;18.95;21.05;21.05;4.21;0;7.37;0;2.11;1.05;0;0;18.49;0
01224;01;Loyettes;1933;1515;1482;505;223;278;232;101;12;64;30;22;13;2;0;418;4;34.08;15.05;18.76;15.65;6.82;0.81;4.32;2.02;1.48;0.88;0.13;0;21.62;0.27
01225;01;Lurcy;339;286;279;65;32;55;80;20;4;14;7;1;1;0;0;53;1;23.3;11.47;19.71;28.67;7.17;1.43;5.02;2.51;0.36;0.36;0;0;15.63;0.36
01227;01;Magnieu;357;296;285;108;38;57;47;11;5;13;3;1;2;0;0;61;2;37.89;13.33;20;16.49;3.86;1.75;4.56;1.05;0.35;0.7;0;0;17.09;0.7
01228;01;Maillat;472;381;372;110;20;68;95;44;13;10;2;2;7;1;0;91;3;29.57;5.38;18.28;25.54;11.83;3.49;2.69;0.54;0.54;1.88;0.27;0;19.28;0.81
01229;01;Malafretaz;828;700;682;183;62;170;159;53;2;31;5;11;4;2;0;128;7;26.83;9.09;24.93;23.31;7.77;0.29;4.55;0.73;1.61;0.59;0.29;0;15.46;1.03
01230;01;Mantenay-Montlin;233;182;181;55;23;42;39;11;1;6;1;0;2;1;0;51;0;30.39;12.71;23.2;21.55;6.08;0.55;3.31;0.55;0;1.1;0.55;0;21.89;0
01231;01;Manziat;1501;1292;1262;328;144;328;281;84;17;40;15;12;10;3;0;209;9;25.99;11.41;25.99;22.27;6.66;1.35;3.17;1.19;0.95;0.79;0.24;0;13.92;0.71
01232;01;Marboz;1687;1378;1331;348;171;283;322;77;18;78;9;12;10;3;0;309;16;26.15;12.85;21.26;24.19;5.79;1.35;5.86;0.68;0.9;0.75;0.23;0;18.32;1.2
01233;01;Marchamp;108;86;86;22;10;19;23;4;3;3;0;1;1;0;0;22;0;25.58;11.63;22.09;26.74;4.65;3.49;3.49;0;1.16;1.16;0;0;20.37;0
01234;01;Marignieu;156;133;128;42;27;28;19;5;2;4;0;0;1;0;0;23;4;32.81;21.09;21.88;14.84;3.91;1.56;3.13;0;0;0.78;0;0;14.74;3.13
01235;01;Marlieux;671;560;542;181;56;102;120;41;3;21;5;10;3;0;0;111;2;33.39;10.33;18.82;22.14;7.56;0.55;3.87;0.92;1.85;0.55;0;0;16.54;0.37
01236;01;Marsonnas;731;592;568;145;71;162;100;44;15;21;4;4;1;1;0;139;4;25.53;12.5;28.52;17.61;7.75;2.64;3.7;0.7;0.7;0.18;0.18;0;19.02;0.7
01237;01;Martignat;1094;883;852;243;155;156;175;56;15;21;13;7;10;1;0;211;26;28.52;18.19;18.31;20.54;6.57;1.76;2.46;1.53;0.82;1.17;0.12;0;19.29;3.05
01238;01;Massieux;1927;1663;1616;399;231;364;393;95;13;79;22;14;6;0;0;264;6;24.69;14.29;22.52;24.32;5.88;0.8;4.89;1.36;0.87;0.37;0;0;13.7;0.37
01239;01;Massignieu-de-Rives;494;417;401;101;63;91;70;35;6;18;8;4;4;1;0;77;6;25.19;15.71;22.69;17.46;8.73;1.5;4.49;2;1;1;0.25;0;15.59;1.5
01240;01;Matafelon-Granges;494;416;408;152;58;70;54;29;8;21;7;5;2;2;0;78;2;37.25;14.22;17.16;13.24;7.11;1.96;5.15;1.72;1.23;0.49;0.49;0;15.79;0.49
01241;01;Meillonnas;976;850;817;159;155;186;167;59;5;63;12;9;1;1;0;126;1;19.46;18.97;22.77;20.44;7.22;0.61;7.71;1.47;1.1;0.12;0.12;0;12.91;0.12
01242;01;Mérignat;101;88;88;12;37;13;12;1;3;8;1;1;0;0;0;13;0;13.64;42.05;14.77;13.64;1.14;3.41;9.09;1.14;1.14;0;0;0;12.87;0
01243;01;Messimy-sur-Saône;902;763;745;189;86;169;198;43;10;34;4;7;3;2;0;139;1;25.37;11.54;22.68;26.58;5.77;1.34;4.56;0.54;0.94;0.4;0.27;0;15.41;0.13
01244;01;Meximieux;5057;4082;3987;936;700;979;709;260;20;266;46;40;23;8;0;975;22;23.48;17.56;24.55;17.78;6.52;0.5;6.67;1.15;1;0.58;0.2;0;19.28;0.55
01245;01;Bohas-Meyriat-Rignat;717;604;594;148;124;133;100;34;11;30;5;5;2;2;0;113;0;24.92;20.88;22.39;16.84;5.72;1.85;5.05;0.84;0.84;0.34;0.34;0;15.76;0
01246;01;Mézériat;1499;1176;1141;298;139;248;263;75;12;58;19;18;6;5;0;323;4;26.12;12.18;21.74;23.05;6.57;1.05;5.08;1.67;1.58;0.53;0.44;0;21.55;0.35
01247;01;Mijoux;249;205;197;50;27;32;58;7;5;10;1;7;0;0;0;44;0;25.38;13.71;16.24;29.44;3.55;2.54;5.08;0.51;3.55;0;0;0;17.67;0
01248;01;Mionnay;1733;1409;1371;345;197;324;346;73;10;48;9;10;8;1;0;324;8;25.16;14.37;23.63;25.24;5.32;0.73;3.5;0.66;0.73;0.58;0.07;0;18.7;0.58
01249;01;Miribel;6784;5331;5214;1106;836;1367;1138;289;48;281;81;38;21;9;0;1453;27;21.21;16.03;26.22;21.83;5.54;0.92;5.39;1.55;0.73;0.4;0.17;0;21.42;0.52
01250;01;Misérieux;1278;1114;1085;251;181;301;208;60;5;51;13;6;5;4;0;164;4;23.13;16.68;27.74;19.17;5.53;0.46;4.7;1.2;0.55;0.46;0.37;0;12.83;0.37
01252;01;Mogneneins;584;491;477;137;41;116;129;23;5;19;1;4;1;1;0;93;2;28.72;8.6;24.32;27.04;4.82;1.05;3.98;0.21;0.84;0.21;0.21;0;15.92;0.42
01254;01;Montagnat;1602;1359;1331;274;157;350;350;86;15;65;10;13;9;2;0;243;0;20.59;11.8;26.3;26.3;6.46;1.13;4.88;0.75;0.98;0.68;0.15;0;15.17;0
01255;01;Montagnieu;393;325;313;84;47;78;60;20;5;13;2;3;1;0;0;68;1;26.84;15.02;24.92;19.17;6.39;1.6;4.15;0.64;0.96;0.32;0;0;17.3;0.32
01257;01;Montanges;302;243;234;60;35;44;47;19;2;11;3;5;7;1;0;59;2;25.64;14.96;18.8;20.09;8.12;0.85;4.7;1.28;2.14;2.99;0.43;0;19.54;0.85
01258;01;Montceaux;919;754;730;253;101;110;159;62;10;25;0;6;3;1;0;165;3;34.66;13.84;15.07;21.78;8.49;1.37;3.42;0;0.82;0.41;0.14;0;17.95;0.41
01259;01;Montcet;449;388;377;109;43;88;68;43;5;15;0;3;2;1;0;61;1;28.91;11.41;23.34;18.04;11.41;1.33;3.98;0;0.8;0.53;0.27;0;13.59;0.27
01260;01;Le Montellier;197;173;170;42;9;29;56;24;2;6;1;0;1;0;0;24;0;24.71;5.29;17.06;32.94;14.12;1.18;3.53;0.59;0;0.59;0;0;12.18;0
01261;01;Monthieux;496;418;410;108;54;93;103;21;5;16;6;2;2;0;0;78;0;26.34;13.17;22.68;25.12;5.12;1.22;3.9;1.46;0.49;0.49;0;0;15.73;0
01262;01;Montluel;4357;3296;3222;788;642;741;587;183;24;171;30;35;16;5;0;1061;26;24.46;19.93;23;18.22;5.68;0.74;5.31;0.93;1.09;0.5;0.16;0;24.35;0.81
01263;01;Montmerle-sur-Saône;2832;2317;2261;566;281;508;576;179;12;94;13;22;7;3;0;515;19;25.03;12.43;22.47;25.48;7.92;0.53;4.16;0.57;0.97;0.31;0.13;0;18.19;0.84
01264;01;Montracol;696;604;589;193;75;105;130;40;12;30;1;1;2;0;0;92;2;32.77;12.73;17.83;22.07;6.79;2.04;5.09;0.17;0.17;0.34;0;0;13.22;0.34
01265;01;Montréal-la-Cluse;2048;1558;1503;369;219;328;327;101;18;74;31;20;11;5;0;490;18;24.55;14.57;21.82;21.76;6.72;1.2;4.92;2.06;1.33;0.73;0.33;0;23.93;1.2
01266;01;Montrevel-en-Bresse;1835;1432;1387;360;189;320;298;83;16;85;15;8;7;6;0;403;11;25.96;13.63;23.07;21.49;5.98;1.15;6.13;1.08;0.58;0.5;0.43;0;21.96;0.79
01267;01;Nurieux-Volognat;716;595;576;164;65;118;118;55;11;25;8;3;8;1;0;121;4;28.47;11.28;20.49;20.49;9.55;1.91;4.34;1.39;0.52;1.39;0.17;0;16.9;0.69
01268;01;Murs-et-Gélignieux;208;169;166;58;9;22;43;19;6;4;1;0;2;2;0;39;0;34.94;5.42;13.25;25.9;11.45;3.61;2.41;0.6;0;1.2;1.2;0;18.75;0
01269;01;Nantua;1698;1254;1219;305;206;294;242;56;24;50;23;14;5;0;0;444;6;25.02;16.9;24.12;19.85;4.59;1.97;4.1;1.89;1.15;0.41;0;0;26.15;0.49
01272;01;Neuville-les-Dames;1031;875;850;269;89;168;186;70;9;37;3;12;6;1;0;156;7;31.65;10.47;19.76;21.88;8.24;1.06;4.35;0.35;1.41;0.71;0.12;0;15.13;0.82
01273;01;Neuville-sur-Ain;1233;995;972;296;189;185;143;51;16;59;12;10;8;3;0;238;3;30.45;19.44;19.03;14.71;5.25;1.65;6.07;1.23;1.03;0.82;0.31;0;19.3;0.31
01274;01;Les Neyrolles;343;273;266;110;28;49;43;11;2;5;6;7;2;3;0;70;1;41.35;10.53;18.42;16.17;4.14;0.75;1.88;2.26;2.63;0.75;1.13;0;20.41;0.38
01275;01;Neyron;1859;1589;1553;307;197;386;467;70;13;85;17;6;3;2;0;270;9;19.77;12.69;24.86;30.07;4.51;0.84;5.47;1.09;0.39;0.19;0.13;0;14.52;0.58
01276;01;Niévroz;1193;991;965;294;159;210;173;70;4;41;5;4;5;0;0;202;6;30.47;16.48;21.76;17.93;7.25;0.41;4.25;0.52;0.41;0.52;0;0;16.93;0.62
01277;01;Nivollet-Montgriffon;115;87;84;24;20;17;14;5;1;2;0;0;1;0;0;28;1;28.57;23.81;20.24;16.67;5.95;1.19;2.38;0;0;1.19;0;0;24.35;1.19
01279;01;Oncieu;86;74;73;20;6;13;19;3;1;7;0;3;0;1;0;12;0;27.4;8.22;17.81;26.03;4.11;1.37;9.59;0;4.11;0;1.37;0;13.95;0
01280;01;Ordonnaz;123;96;94;23;5;24;34;4;2;1;0;1;0;0;0;27;0;24.47;5.32;25.53;36.17;4.26;2.13;1.06;0;1.06;0;0;0;21.95;0
01281;01;Ornex;1801;1390;1363;138;234;399;370;63;9;93;38;10;7;2;0;411;7;10.12;17.17;29.27;27.15;4.62;0.66;6.82;2.79;0.73;0.51;0.15;0;22.82;0.51
01282;01;Outriaz;174;140;138;39;22;28;34;2;3;8;1;1;0;0;0;34;1;28.26;15.94;20.29;24.64;1.45;2.17;5.8;0.72;0.72;0;0;0;19.54;0.72
01283;01;Oyonnax;11314;7940;7736;1701;1543;1603;1674;326;117;432;205;78;41;16;0;3374;51;21.99;19.95;20.72;21.64;4.21;1.51;5.58;2.65;1.01;0.53;0.21;0;29.82;0.66
01284;01;Ozan;481;394;381;133;65;67;69;16;4;13;1;5;8;0;0;87;3;34.91;17.06;17.59;18.11;4.2;1.05;3.41;0.26;1.31;2.1;0;0;18.09;0.79
01285;01;Parcieux;864;758;739;156;101;204;180;37;10;40;6;3;2;0;0;106;3;21.11;13.67;27.6;24.36;5.01;1.35;5.41;0.81;0.41;0.27;0;0;12.27;0.41
01286;01;Parves et Nattages;758;646;624;127;159;146;91;41;5;40;10;3;2;0;0;112;7;20.35;25.48;23.4;14.58;6.57;0.8;6.41;1.6;0.48;0.32;0;0;14.78;1.12
01288;01;Péron;1322;1041;1013;202;141;234;242;81;22;56;15;12;6;2;0;281;7;19.94;13.92;23.1;23.89;8;2.17;5.53;1.48;1.18;0.59;0.2;0;21.26;0.69
01289;01;Péronnas;4483;3647;3561;673;596;963;818;196;36;191;29;27;25;7;0;836;19;18.9;16.74;27.04;22.97;5.5;1.01;5.36;0.81;0.76;0.7;0.2;0;18.65;0.53
01290;01;Pérouges;978;819;802;182;106;173;245;51;7;25;3;6;3;1;0;159;4;22.69;13.22;21.57;30.55;6.36;0.87;3.12;0.37;0.75;0.37;0.12;0;16.26;0.5
01291;01;Perrex;607;530;511;146;47;114;126;51;3;13;0;9;2;0;0;77;5;28.57;9.2;22.31;24.66;9.98;0.59;2.54;0;1.76;0.39;0;0;12.69;0.98
01293;01;Peyriat;132;118;117;37;11;26;18;10;1;10;3;0;0;1;0;14;0;31.62;9.4;22.22;15.38;8.55;0.85;8.55;2.56;0;0;0.85;0;10.61;0
01294;01;Peyrieu;605;467;451;122;89;89;85;29;4;24;5;3;1;0;0;138;1;27.05;19.73;19.73;18.85;6.43;0.89;5.32;1.11;0.67;0.22;0;0;22.81;0.22
01295;01;Peyzieux-sur-Saône;426;377;368;122;57;60;63;29;1;15;15;3;2;1;0;49;3;33.15;15.49;16.3;17.12;7.88;0.27;4.08;4.08;0.82;0.54;0.27;0;11.5;0.82
01296;01;Pirajoux;286;220;213;81;38;27;36;15;3;5;4;1;2;1;0;66;3;38.03;17.84;12.68;16.9;7.04;1.41;2.35;1.88;0.47;0.94;0.47;0;23.08;1.41
01297;01;Pizay;667;570;549;171;75;137;100;33;1;20;7;3;2;0;0;97;3;31.15;13.66;24.95;18.21;6.01;0.18;3.64;1.28;0.55;0.36;0;0;14.54;0.55
01298;01;Plagne;107;86;85;19;13;22;21;2;2;5;0;0;1;0;0;21;0;22.35;15.29;25.88;24.71;2.35;2.35;5.88;0;0;1.18;0;0;19.63;0
01299;01;Le Plantay;391;332;330;115;31;43;107;15;5;7;1;3;3;0;0;59;0;34.85;9.39;13.03;32.42;4.55;1.52;2.12;0.3;0.91;0.91;0;0;15.09;0
01301;01;Polliat;1914;1610;1572;391;176;343;426;102;11;82;9;16;15;1;0;304;8;24.87;11.2;21.82;27.1;6.49;0.7;5.22;0.57;1.02;0.95;0.06;0;15.88;0.51
01302;01;Pollieu;151;125;121;32;30;23;16;2;1;11;5;1;0;0;0;26;4;26.45;24.79;19.01;13.22;1.65;0.83;9.09;4.13;0.83;0;0;0;17.22;3.31
01303;01;Poncin;1161;918;898;273;157;170;176;52;9;41;5;7;6;2;0;243;5;30.4;17.48;18.93;19.6;5.79;1;4.57;0.56;0.78;0.67;0.22;0;20.93;0.56
01304;01;Pont-d'Ain;1798;1434;1382;443;231;256;243;91;12;64;18;14;7;3;0;364;11;32.05;16.71;18.52;17.58;6.58;0.87;4.63;1.3;1.01;0.51;0.22;0;20.24;0.8
01305;01;Pont-de-Vaux;1486;1108;1073;240;169;253;251;65;5;58;13;12;5;2;0;378;7;22.37;15.75;23.58;23.39;6.06;0.47;5.41;1.21;1.12;0.47;0.19;0;25.44;0.65
01306;01;Pont-de-Veyle;928;756;724;192;139;168;130;31;8;35;7;8;5;1;0;172;6;26.52;19.2;23.2;17.96;4.28;1.1;4.83;0.97;1.1;0.69;0.14;0;18.53;0.83
01307;01;Port;583;483;464;109;71;89;117;30;3;16;14;10;2;3;0;100;4;23.49;15.3;19.18;25.22;6.47;0.65;3.45;3.02;2.16;0.43;0.65;0;17.15;0.86
01308;01;Pougny;431;303;298;53;79;70;59;13;6;12;3;0;3;0;0;128;0;17.79;26.51;23.49;19.8;4.36;2.01;4.03;1.01;0;1.01;0;0;29.7;0
01309;01;Pouillat;72;55;54;24;4;7;6;5;1;6;1;0;0;0;0;17;1;44.44;7.41;12.96;11.11;9.26;1.85;11.11;1.85;0;0;0;0;23.61;1.85
01310;01;Prémeyzel;132;117;112;47;23;17;15;5;0;2;1;1;1;0;0;15;2;41.96;20.54;15.18;13.39;4.46;0;1.79;0.89;0.89;0.89;0;0;11.36;1.79
01311;01;Prémillieu;42;33;33;11;4;11;5;0;0;2;0;0;0;0;0;9;0;33.33;12.12;33.33;15.15;0;0;6.06;0;0;0;0;0;21.43;0
01313;01;Prévessin-Moëns;3643;2915;2877;285;400;936;928;111;25;134;32;18;7;1;0;728;6;9.91;13.9;32.53;32.26;3.86;0.87;4.66;1.11;0.63;0.24;0.03;0;19.98;0.21
01314;01;Priay;1175;1025;998;363;155;179;181;46;12;35;9;8;10;0;0;150;7;36.37;15.53;17.94;18.14;4.61;1.2;3.51;0.9;0.8;1;0;0;12.77;0.7
01317;01;Ramasse;223;193;181;70;22;42;25;7;2;5;4;2;2;0;0;30;4;38.67;12.15;23.2;13.81;3.87;1.1;2.76;2.21;1.1;1.1;0;0;13.45;2.21
01318;01;Rancé;498;417;406;104;56;81;103;29;2;24;4;1;1;1;0;81;1;25.62;13.79;19.95;25.37;7.14;0.49;5.91;0.99;0.25;0.25;0.25;0;16.27;0.25
01319;01;Relevant;340;297;293;93;28;57;64;24;3;14;3;3;2;2;0;43;0;31.74;9.56;19.45;21.84;8.19;1.02;4.78;1.02;1.02;0.68;0.68;0;12.65;0
01320;01;Replonges;2688;2249;2187;530;244;563;524;151;37;84;17;23;8;6;0;439;13;24.23;11.16;25.74;23.96;6.9;1.69;3.84;0.78;1.05;0.37;0.27;0;16.33;0.59
01321;01;Revonnas;652;543;535;113;114;136;106;22;4;32;1;4;2;1;0;109;2;21.12;21.31;25.42;19.81;4.11;0.75;5.98;0.19;0.75;0.37;0.19;0;16.72;0.37
01322;01;Reyrieux;3350;2826;2765;523;393;747;744;161;18;135;18;15;9;2;0;524;15;18.92;14.21;27.02;26.91;5.82;0.65;4.88;0.65;0.54;0.33;0.07;0;15.64;0.54
01323;01;Reyssouze;734;589;566;157;84;120;99;51;9;28;6;3;5;4;0;145;19;27.74;14.84;21.2;17.49;9.01;1.59;4.95;1.06;0.53;0.88;0.71;0;19.75;3.36
01325;01;Rignieux-le-Franc;733;628;616;196;104;111;114;36;4;34;8;5;4;0;0;105;2;31.82;16.88;18.02;18.51;5.84;0.65;5.52;1.3;0.81;0.65;0;0;14.32;0.32
01328;01;Romans;378;316;305;100;31;65;63;24;5;12;1;1;1;2;0;62;1;32.79;10.16;21.31;20.66;7.87;1.64;3.93;0.33;0.33;0.33;0.66;0;16.4;0.33
01329;01;Rossillon;153;133;130;46;29;26;21;2;1;3;1;0;0;1;0;20;1;35.38;22.31;20;16.15;1.54;0.77;2.31;0.77;0;0;0.77;0;13.07;0.77
01330;01;Ruffieu;157;140;137;23;38;34;13;5;1;17;3;2;1;0;0;17;0;16.79;27.74;24.82;9.49;3.65;0.73;12.41;2.19;1.46;0.73;0;0;10.83;0
01331;01;Saint-Alban;157;134;130;29;23;33;17;12;3;5;1;5;2;0;0;23;1;22.31;17.69;25.38;13.08;9.23;2.31;3.85;0.77;3.85;1.54;0;0;14.65;0.77
01332;01;Saint-André-de-Bâgé;556;468;443;123;53;128;79;33;2;17;6;2;0;0;0;88;23;27.77;11.96;28.89;17.83;7.45;0.45;3.84;1.35;0.45;0;0;0;15.83;5.19
01333;01;Saint-André-de-Corcy;2516;2083;2036;553;358;413;386;167;16;100;18;14;6;5;0;433;10;27.16;17.58;20.28;18.96;8.2;0.79;4.91;0.88;0.69;0.29;0.25;0;17.21;0.49
01334;01;Saint-André-d'Huiriat;427;367;356;136;38;58;74;30;4;11;0;2;2;1;0;60;1;38.2;10.67;16.29;20.79;8.43;1.12;3.09;0;0.56;0.56;0.28;0;14.05;0.28
01335;01;Saint-André-le-Bouchoux;242;209;206;66;22;45;39;20;6;5;0;1;0;2;0;33;3;32.04;10.68;21.84;18.93;9.71;2.91;2.43;0;0.49;0;0.97;0;13.64;1.46
01336;01;Saint-André-sur-Vieux-Jonc;863;722;700;194;86;172;132;52;3;49;5;6;1;0;0;141;21;27.71;12.29;24.57;18.86;7.43;0.43;7;0.71;0.86;0.14;0;0;16.34;3
01337;01;Saint-Bénigne;954;791;758;223;93;170;142;57;17;32;11;7;4;2;0;163;11;29.42;12.27;22.43;18.73;7.52;2.24;4.22;1.45;0.92;0.53;0.26;0;17.09;1.45
01338;01;Groslée-Saint-Benoît;909;751;726;221;111;138;143;35;17;26;15;12;5;3;0;158;9;30.44;15.29;19.01;19.7;4.82;2.34;3.58;2.07;1.65;0.69;0.41;0;17.38;1.24
01339;01;Saint-Bernard;1203;1006;987;192;100;257;324;61;8;35;4;3;3;0;0;197;6;19.45;10.13;26.04;32.83;6.18;0.81;3.55;0.41;0.3;0.3;0;0;16.38;0.61
01341;01;Saint-Champ;126;114;112;15;12;31;27;11;2;10;2;2;0;0;0;12;0;13.39;10.71;27.68;24.11;9.82;1.79;8.93;1.79;1.79;0;0;0;9.52;0
01342;01;Sainte-Croix;403;357;350;80;51;71;95;20;5;14;7;3;3;1;0;46;7;22.86;14.57;20.29;27.14;5.71;1.43;4;2;0.86;0.86;0.29;0;11.41;2
01343;01;Saint-Cyr-sur-Menthon;1294;1069;1024;293;134;234;194;81;14;46;4;12;8;4;0;225;26;28.61;13.09;22.85;18.95;7.91;1.37;4.49;0.39;1.17;0.78;0.39;0;17.39;2.54
01344;01;Saint-Denis-lès-Bourg;4538;3712;3621;658;580;1058;804;205;36;213;27;23;11;6;0;826;21;18.17;16.02;29.22;22.2;5.66;0.99;5.88;0.75;0.64;0.3;0.17;0;18.2;0.58
01345;01;Saint-Denis-en-Bugey;1682;1321;1273;391;246;248;185;91;16;57;11;13;13;2;0;361;13;30.71;19.32;19.48;14.53;7.15;1.26;4.48;0.86;1.02;1.02;0.16;0;21.46;1.02
01346;01;Saint-Didier-d'Aussiat;609;506;489;125;61;111;101;36;8;24;8;7;7;1;0;103;3;25.56;12.47;22.7;20.65;7.36;1.64;4.91;1.64;1.43;1.43;0.2;0;16.91;0.61
01347;01;Saint-Didier-de-Formans;1545;1306;1286;306;180;337;283;78;13;62;16;7;2;2;0;239;3;23.79;14;26.21;22.01;6.07;1.01;4.82;1.24;0.54;0.16;0.16;0;15.47;0.23
01348;01;Saint-Didier-sur-Chalaronne;2088;1621;1575;487;176;336;378;97;19;53;5;12;10;2;0;467;11;30.92;11.17;21.33;24;6.16;1.21;3.37;0.32;0.76;0.63;0.13;0;22.37;0.7
01349;01;Saint-Eloi;401;321;315;95;46;51;80;20;1;17;2;2;1;0;0;80;0;30.16;14.6;16.19;25.4;6.35;0.32;5.4;0.63;0.63;0.32;0;0;19.95;0
01350;01;Saint-Etienne-du-Bois;1863;1583;1536;382;203;338;351;127;16;73;13;16;14;3;0;280;10;24.87;13.22;22.01;22.85;8.27;1.04;4.75;0.85;1.04;0.91;0.2;0;15.03;0.65
01351;01;Saint-Etienne-sur-Chalaronne;1086;885;849;311;127;135;148;62;14;35;5;5;4;3;0;201;3;36.63;14.96;15.9;17.43;7.3;1.65;4.12;0.59;0.59;0.47;0.35;0;18.51;0.35
01352;01;Saint-Etienne-sur-Reyssouze;390;326;316;95;41;65;42;47;5;13;1;1;5;1;0;64;5;30.06;12.97;20.57;13.29;14.87;1.58;4.11;0.32;0.32;1.58;0.32;0;16.41;1.58
01353;01;Sainte-Euphémie;1094;936;913;212;114;253;195;60;7;39;14;11;4;4;0;158;6;23.22;12.49;27.71;21.36;6.57;0.77;4.27;1.53;1.2;0.44;0.44;0;14.44;0.66
01354;01;Saint-Genis-Pouilly;4555;3396;3325;455;732;909;785;136;34;185;40;27;15;7;0;1159;7;13.68;22.02;27.34;23.61;4.09;1.02;5.56;1.2;0.81;0.45;0.21;0;25.44;0.21
01355;01;Saint-Genis-sur-Menthon;348;294;279;84;46;44;54;27;4;11;1;4;4;0;0;54;0;30.11;16.49;15.77;19.35;9.68;1.43;3.94;0.36;1.43;1.43;0;0;15.52;0
01356;01;Saint-Georges-sur-Renon;149;129;125;33;22;30;14;14;4;2;1;3;1;1;0;20;0;26.4;17.6;24;11.2;11.2;3.2;1.6;0.8;2.4;0.8;0.8;0;13.42;0
01357;01;Saint-Germain-de-Joux;271;206;198;50;33;42;41;9;2;11;5;2;2;1;0;65;1;25.25;16.67;21.21;20.71;4.55;1.01;5.56;2.53;1.01;1.01;0.51;0;23.99;0.51
01358;01;Saint-Germain-les-Paroisses;326;264;258;57;36;56;70;14;3;14;4;3;1;0;0;62;1;22.09;13.95;21.71;27.13;5.43;1.16;5.43;1.55;1.16;0.39;0;0;19.02;0.39
01359;01;Saint-Germain-sur-Renon;203;159;155;61;9;24;45;13;1;0;0;1;1;0;0;44;0;39.35;5.81;15.48;29.03;8.39;0.65;0;0;0.65;0.65;0;0;21.67;0
01360;01;Saint-Jean-de-Gonville;944;769;758;123;107;215;203;49;4;40;8;2;5;2;0;175;1;16.23;14.12;28.36;26.78;6.46;0.53;5.28;1.06;0.26;0.66;0.26;0;18.54;0.13
01361;01;Saint-Jean-de-Niost;1170;973;950;312;114;196;220;45;5;40;9;3;5;1;0;197;6;32.84;12;20.63;23.16;4.74;0.53;4.21;0.95;0.32;0.53;0.11;0;16.84;0.63
01362;01;Saint-Jean-de-Thurigneux;565;484;469;143;40;121;99;36;2;19;3;3;0;3;0;81;3;30.49;8.53;25.8;21.11;7.68;0.43;4.05;0.64;0.64;0;0.64;0;14.34;0.64
01363;01;Saint-Jean-le-Vieux;1294;1064;1047;291;190;204;174;77;12;72;7;10;9;1;0;230;7;27.79;18.15;19.48;16.62;7.35;1.15;6.88;0.67;0.96;0.86;0.1;0;17.77;0.67
01364;01;Saint-Jean-sur-Reyssouze;552;449;434;132;56;69;93;38;8;24;5;7;1;1;0;103;8;30.41;12.9;15.9;21.43;8.76;1.84;5.53;1.15;1.61;0.23;0.23;0;18.66;1.84
01365;01;Saint-Jean-sur-Veyle;836;710;665;173;102;152;129;61;3;27;11;3;4;0;0;126;12;26.02;15.34;22.86;19.4;9.17;0.45;4.06;1.65;0.45;0.6;0;0;15.07;1.8
01366;01;Sainte-Julie;628;545;529;173;88;98;91;27;8;22;11;3;5;3;0;83;8;32.7;16.64;18.53;17.2;5.1;1.51;4.16;2.08;0.57;0.95;0.57;0;13.22;1.51
01367;01;Saint-Julien-sur-Reyssouze;432;370;359;110;49;51;79;28;7;19;4;6;4;2;0;62;1;30.64;13.65;14.21;22.01;7.8;1.95;5.29;1.11;1.67;1.11;0.56;0;14.35;0.28
01368;01;Saint-Julien-sur-Veyle;550;477;456;145;70;77;88;41;2;19;3;4;6;1;0;73;5;31.8;15.35;16.89;19.3;8.99;0.44;4.17;0.66;0.88;1.32;0.22;0;13.27;1.1
01369;01;Saint-Just;741;616;592;115;98;143;148;41;8;31;3;3;2;0;0;125;22;19.43;16.55;24.16;25;6.93;1.35;5.24;0.51;0.51;0.34;0;0;16.87;3.72
01370;01;Saint-Laurent-sur-Saône;987;724;705;159;156;162;113;41;2;51;8;7;5;1;0;263;3;22.55;22.13;22.98;16.03;5.82;0.28;7.23;1.13;0.99;0.71;0.14;0;26.65;0.43
01371;01;Saint-Marcel;897;772;750;251;131;152;116;42;2;39;3;10;3;1;0;125;2;33.47;17.47;20.27;15.47;5.6;0.27;5.2;0.4;1.33;0.4;0.13;0;13.94;0.27
01372;01;Saint-Martin-de-Bavel;328;258;253;51;61;78;27;9;1;20;3;3;0;0;0;70;1;20.16;24.11;30.83;10.67;3.56;0.4;7.91;1.19;1.19;0;0;0;21.34;0.4
01373;01;Saint-Martin-du-Frêne;707;583;569;183;53;112;144;35;12;12;7;4;5;2;0;124;13;32.16;9.31;19.68;25.31;6.15;2.11;2.11;1.23;0.7;0.88;0.35;0;17.54;2.28
01374;01;Saint-Martin-du-Mont;1327;1118;1096;275;174;235;238;86;15;49;10;10;2;2;0;209;2;25.09;15.88;21.44;21.72;7.85;1.37;4.47;0.91;0.91;0.18;0.18;0;15.75;0.18
01375;01;Saint-Martin-le-Châtel;604;499;480;145;45;113;91;32;6;33;4;2;9;0;0;105;7;30.21;9.38;23.54;18.96;6.67;1.25;6.88;0.83;0.42;1.88;0;0;17.38;1.46
01376;01;Saint-Maurice-de-Beynost;2455;1900;1856;418;409;457;295;90;11;112;20;16;19;9;0;555;11;22.52;22.04;24.62;15.89;4.85;0.59;6.03;1.08;0.86;1.02;0.48;0;22.61;0.59
01378;01;Saint-Maurice-de-Gourdans;1996;1651;1615;545;172;340;321;106;17;82;16;5;8;3;0;345;7;33.75;10.65;21.05;19.88;6.56;1.05;5.08;0.99;0.31;0.5;0.19;0;17.28;0.43
01379;01;Saint-Maurice-de-Rémens;536;448;433;159;80;55;54;32;5;29;10;9;0;0;0;88;2;36.72;18.48;12.7;12.47;7.39;1.15;6.7;2.31;2.08;0;0;0;16.42;0.46
01380;01;Saint-Nizier-le-Bouchoux;503;388;373;110;44;86;72;20;4;24;4;6;3;0;0;115;2;29.49;11.8;23.06;19.3;5.36;1.07;6.43;1.07;1.61;0.8;0;0;22.86;0.54
01381;01;Saint-Nizier-le-Désert;619;511;494;180;80;77;88;30;6;24;2;3;3;1;0;108;12;36.44;16.19;15.59;17.81;6.07;1.21;4.86;0.4;0.61;0.61;0.2;0;17.45;2.43
01382;01;Sainte-Olive;222;192;189;71;13;40;47;11;2;4;0;1;0;0;0;30;0;37.57;6.88;21.16;24.87;5.82;1.06;2.12;0;0.53;0;0;0;13.51;0
01383;01;Saint-Paul-de-Varax;1050;860;829;315;105;145;159;50;6;31;3;11;3;1;0;190;2;38;12.67;17.49;19.18;6.03;0.72;3.74;0.36;1.33;0.36;0.12;0;18.1;0.24
01384;01;Saint-Rambert-en-Bugey;1300;985;954;295;255;149;120;42;16;44;8;17;7;1;0;315;6;30.92;26.73;15.62;12.58;4.4;1.68;4.61;0.84;1.78;0.73;0.1;0;24.23;0.63
01385;01;Saint-Rémy;801;692;674;151;91;190;155;46;8;27;2;2;1;1;0;109;2;22.4;13.5;28.19;23;6.82;1.19;4.01;0.3;0.3;0.15;0.15;0;13.61;0.3
01386;01;Saint-Sorlin-en-Bugey;840;698;672;165;116;167;118;37;7;41;7;8;4;2;0;142;9;24.55;17.26;24.85;17.56;5.51;1.04;6.1;1.04;1.19;0.6;0.3;0;16.9;1.34
01387;01;Saint-Sulpice;151;130;127;45;13;30;23;10;1;5;0;0;0;0;0;21;0;35.43;10.24;23.62;18.11;7.87;0.79;3.94;0;0;0;0;0;13.91;0
01388;01;Saint-Trivier-de-Courtes;718;558;533;167;52;116;134;25;8;16;4;5;4;2;0;160;9;31.33;9.76;21.76;25.14;4.69;1.5;3;0.75;0.94;0.75;0.38;0;22.28;1.69
01389;01;Saint-Trivier-sur-Moignans;1338;1078;1043;375;117;177;232;60;9;51;8;6;7;1;0;260;7;35.95;11.22;16.97;22.24;5.75;0.86;4.89;0.77;0.58;0.67;0.1;0;19.43;0.67
01390;01;Saint-Vulbas;775;644;627;249;76;98;114;37;1;22;12;13;4;1;0;131;16;39.71;12.12;15.63;18.18;5.9;0.16;3.51;1.91;2.07;0.64;0.16;0;16.9;2.55
01391;01;Salavre;242;205;191;59;30;35;44;15;1;3;0;2;1;1;0;37;2;30.89;15.71;18.32;23.04;7.85;0.52;1.57;0;1.05;0.52;0.52;0;15.29;1.05
01392;01;Samognat;471;405;386;107;48;98;87;19;7;13;2;2;2;1;0;66;4;27.72;12.44;25.39;22.54;4.92;1.81;3.37;0.52;0.52;0.52;0.26;0;14.01;1.04
01393;01;Sandrans;380;333;324;111;22;54;87;26;4;11;3;5;1;0;0;47;0;34.26;6.79;16.67;26.85;8.02;1.23;3.4;0.93;1.54;0.31;0;0;12.37;0
01396;01;Sault-Brénaz;640;482;461;136;87;87;79;28;4;21;9;7;2;1;0;158;3;29.5;18.87;18.87;17.14;6.07;0.87;4.56;1.95;1.52;0.43;0.22;0;24.69;0.65
01397;01;Sauverny;604;425;411;59;42;129;129;18;2;14;8;7;2;1;0;179;14;14.36;10.22;31.39;31.39;4.38;0.49;3.41;1.95;1.7;0.49;0.24;0;29.64;3.41
01398;01;Savigneux;987;820;800;275;75;135;207;67;7;13;6;5;7;3;0;167;2;34.38;9.38;16.88;25.88;8.38;0.88;1.63;0.75;0.63;0.88;0.38;0;16.92;0.25
01399;01;Ségny;1059;820;800;149;101;192;256;33;9;42;7;9;0;2;0;239;17;18.63;12.63;24;32;4.13;1.13;5.25;0.88;1.13;0;0.25;0;22.57;2.13
01400;01;Seillonnaz;129;114;111;27;18;31;17;7;1;6;0;1;3;0;0;15;0;24.32;16.22;27.93;15.32;6.31;0.9;5.41;0;0.9;2.7;0;0;11.63;0
01401;01;Sergy;965;798;788;114;120;207;233;40;11;41;10;5;7;0;0;167;1;14.47;15.23;26.27;29.57;5.08;1.4;5.2;1.27;0.63;0.89;0;0;17.31;0.13
01402;01;Sermoyer;478;392;377;115;69;66;59;28;4;20;5;4;6;1;0;86;2;30.5;18.3;17.51;15.65;7.43;1.06;5.31;1.33;1.06;1.59;0.27;0;17.99;0.53
01403;01;Serrières-de-Briord;901;704;692;191;153;128;117;41;7;36;9;7;2;1;0;197;1;27.6;22.11;18.5;16.91;5.92;1.01;5.2;1.3;1.01;0.29;0.14;0;21.86;0.14
01404;01;Serrières-sur-Ain;126;94;94;30;16;12;19;9;0;5;0;2;1;0;0;32;0;31.91;17.02;12.77;20.21;9.57;0;5.32;0;2.13;1.06;0;0;25.4;0
01405;01;Servas;836;686;668;241;100;138;94;51;6;20;8;8;2;0;0;150;3;36.08;14.97;20.66;14.07;7.63;0.9;2.99;1.2;1.2;0.3;0;0;17.94;0.45
01406;01;Servignat;124;109;106;28;19;17;26;7;1;4;0;2;0;2;0;15;0;26.42;17.92;16.04;24.53;6.6;0.94;3.77;0;1.89;0;1.89;0;12.1;0
01407;01;Seyssel;623;502;495;129;91;120;72;25;6;32;9;7;3;1;0;121;1;26.06;18.38;24.24;14.55;5.05;1.21;6.46;1.82;1.41;0.61;0.2;0;19.42;0.2
01408;01;Simandre-sur-Suran;506;421;412;123;79;76;54;34;4;31;2;3;5;1;0;85;1;29.85;19.17;18.45;13.11;8.25;0.97;7.52;0.49;0.73;1.21;0.24;0;16.8;0.24
01410;01;Sonthonnax-la-Montagne;251;215;204;45;39;41;43;8;7;12;3;4;0;2;0;36;0;22.06;19.12;20.1;21.08;3.92;3.43;5.88;1.47;1.96;0;0.98;0;14.34;0
01411;01;Souclin;203;176;173;65;24;28;31;15;0;4;1;1;4;0;0;27;2;37.57;13.87;16.18;17.92;8.67;0;2.31;0.58;0.58;2.31;0;0;13.3;1.16
01412;01;Sulignat;424;358;348;123;41;60;72;25;6;17;1;2;0;1;0;66;4;35.34;11.78;17.24;20.69;7.18;1.72;4.89;0.29;0.57;0;0.29;0;15.57;1.15
01413;01;Surjoux;66;50;49;17;5;3;10;10;1;2;0;1;0;0;0;16;1;34.69;10.2;6.12;20.41;20.41;2.04;4.08;0;2.04;0;0;0;24.24;2.04
01414;01;Sutrieu;185;154;151;33;17;28;30;22;2;10;7;1;1;0;0;31;0;21.85;11.26;18.54;19.87;14.57;1.32;6.62;4.64;0.66;0.66;0;0;16.76;0
01415;01;Talissieu;294;256;255;91;32;63;39;13;0;15;1;1;0;0;0;38;0;35.69;12.55;24.71;15.29;5.1;0;5.88;0.39;0.39;0;0;0;12.93;0
01416;01;Tenay;632;464;453;166;75;88;54;18;10;21;8;5;6;2;0;168;3;36.64;16.56;19.43;11.92;3.97;2.21;4.64;1.77;1.1;1.32;0.44;0;26.58;0.66
01417;01;Thézillieu;276;235;232;50;49;47;55;9;5;11;0;5;0;1;0;41;0;21.55;21.12;20.26;23.71;3.88;2.16;4.74;0;2.16;0;0.43;0;14.86;0
01418;01;Thil;815;699;682;145;96;193;149;45;14;32;1;4;2;1;0;116;5;21.26;14.08;28.3;21.85;6.6;2.05;4.69;0.15;0.59;0.29;0.15;0;14.23;0.73
01419;01;Thoiry;3007;2393;2349;332;356;702;613;105;20;149;29;31;7;5;0;614;8;14.13;15.16;29.89;26.1;4.47;0.85;6.34;1.23;1.32;0.3;0.21;0;20.42;0.34
01420;01;Thoissey;1030;743;728;244;102;129;139;39;4;41;14;6;8;2;0;287;2;33.52;14.01;17.72;19.09;5.36;0.55;5.63;1.92;0.82;1.1;0.27;0;27.86;0.27
01421;01;Torcieu;515;438;429;166;77;65;48;26;6;28;3;6;4;0;0;77;1;38.69;17.95;15.15;11.19;6.06;1.4;6.53;0.7;1.4;0.93;0;0;14.95;0.23
01422;01;Tossiat;1042;870;846;212;159;191;177;52;6;38;4;5;0;2;0;172;7;25.06;18.79;22.58;20.92;6.15;0.71;4.49;0.47;0.59;0;0.24;0;16.51;0.83
01423;01;Toussieux;770;657;639;199;74;162;131;38;0;26;4;3;2;0;0;113;1;31.14;11.58;25.35;20.5;5.95;0;4.07;0.63;0.47;0.31;0;0;14.68;0.16
01424;01;Tramoyes;1389;1187;1163;244;144;311;299;83;13;59;7;2;1;0;0;202;6;20.98;12.38;26.74;25.71;7.14;1.12;5.07;0.6;0.17;0.09;0;0;14.54;0.52
01425;01;La Tranclière;220;187;182;52;29;27;39;14;3;12;4;1;0;1;0;33;1;28.57;15.93;14.84;21.43;7.69;1.65;6.59;2.2;0.55;0;0.55;0;15;0.55
01426;01;Val-Revermont;1818;1529;1500;379;264;316;270;83;13;120;16;28;8;3;0;289;4;25.27;17.6;21.07;18;5.53;0.87;8;1.07;1.87;0.53;0.2;0;15.9;0.27
01427;01;Trévoux;4191;3250;3183;640;636;758;680;153;14;217;40;19;20;6;0;941;19;20.11;19.98;23.81;21.36;4.81;0.44;6.82;1.26;0.6;0.63;0.19;0;22.45;0.6
01428;01;Valeins;92;80;75;16;6;10;28;13;1;1;0;0;0;0;0;12;1;21.33;8;13.33;37.33;17.33;1.33;1.33;0;0;0;0;0;13.04;1.33
01429;01;Vandeins;474;410;396;142;45;74;66;43;3;17;0;5;0;1;0;64;0;35.86;11.36;18.69;16.67;10.86;0.76;4.29;0;1.26;0;0.25;0;13.5;0
01430;01;Varambon;414;347;343;129;48;60;59;19;5;12;6;2;3;0;0;67;2;37.61;13.99;17.49;17.2;5.54;1.46;3.5;1.75;0.58;0.87;0;0;16.18;0.58
01431;01;Vaux-en-Bugey;909;783;767;175;161;195;116;55;6;37;6;7;7;2;0;126;1;22.82;20.99;25.42;15.12;7.17;0.78;4.82;0.78;0.91;0.91;0.26;0;13.86;0.13
01432;01;Verjon;221;188;179;47;26;28;43;16;3;13;1;2;0;0;0;33;2;26.26;14.53;15.64;24.02;8.94;1.68;7.26;0.56;1.12;0;0;0;14.93;1.12
01433;01;Vernoux;172;148;148;63;18;17;23;12;3;8;1;2;1;0;0;24;0;42.57;12.16;11.49;15.54;8.11;2.03;5.41;0.68;1.35;0.68;0;0;13.95;0
01434;01;Versailleux;324;285;279;91;28;48;71;26;3;7;3;2;0;0;0;39;0;32.62;10.04;17.2;25.45;9.32;1.08;2.51;1.08;0.72;0;0;0;12.04;0
01435;01;Versonnex;1214;899;886;153;128;253;206;45;11;57;14;16;2;1;0;315;0;17.27;14.45;28.56;23.25;5.08;1.24;6.43;1.58;1.81;0.23;0.11;0;25.95;0
01436;01;Vesancy;330;263;256;27;31;62;94;12;2;17;6;1;1;3;0;67;1;10.55;12.11;24.22;36.72;4.69;0.78;6.64;2.34;0.39;0.39;1.17;0;20.3;0.39
01437;01;Vescours;148;123;116;46;17;16;26;6;1;2;1;0;1;0;0;25;3;39.66;14.66;13.79;22.41;5.17;0.86;1.72;0.86;0;0.86;0;0;16.89;2.59
01439;01;Vésines;72;61;57;15;4;6;13;12;1;5;0;0;1;0;0;11;0;26.32;7.02;10.53;22.81;21.05;1.75;8.77;0;0;1.75;0;0;15.28;0
01441;01;Vieu-d'Izenave;474;406;394;128;56;53;86;32;8;17;4;3;4;3;0;68;2;32.49;14.21;13.45;21.83;8.12;2.03;4.31;1.02;0.76;1.02;0.76;0;14.35;0.51
01442;01;Vieu;318;265;261;47;52;59;55;19;7;17;3;1;1;0;0;53;3;18.01;19.92;22.61;21.07;7.28;2.68;6.51;1.15;0.38;0.38;0;0;16.67;1.15
01443;01;Villars-les-Dombes;3234;2661;2592;708;396;577;555;150;22;125;13;22;19;5;0;573;20;27.31;15.28;22.26;21.41;5.79;0.85;4.82;0.5;0.85;0.73;0.19;0;17.72;0.77
01444;01;Villebois;805;661;639;179;152;126;100;24;7;28;9;11;3;0;0;144;5;28.01;23.79;19.72;15.65;3.76;1.1;4.38;1.41;1.72;0.47;0;0;17.89;0.78
01445;01;Villemotier;470;400;391;107;49;78;77;33;13;25;4;2;3;0;0;70;4;27.37;12.53;19.95;19.69;8.44;3.32;6.39;1.02;0.51;0.77;0;0;14.89;1.02
01446;01;Villeneuve;1057;901;875;275;93;161;215;74;6;35;5;8;3;0;0;156;7;31.43;10.63;18.4;24.57;8.46;0.69;4;0.57;0.91;0.34;0;0;14.76;0.8
01447;01;Villereversure;869;676;652;210;112;113;98;42;10;45;14;4;3;1;0;193;5;32.21;17.18;17.33;15.03;6.44;1.53;6.9;2.15;0.61;0.46;0.15;0;22.21;0.77
01448;01;Villes;263;221;218;49;36;42;55;16;1;10;4;3;1;1;0;42;1;22.48;16.51;19.27;25.23;7.34;0.46;4.59;1.83;1.38;0.46;0.46;0;15.97;0.46
01449;01;Villette-sur-Ain;582;491;486;137;75;102;87;36;6;23;10;7;1;2;0;91;2;28.19;15.43;20.99;17.9;7.41;1.23;4.73;2.06;1.44;0.21;0.41;0;15.64;0.41
01450;01;Villieu-Loyes-Mollon;2652;2200;2148;706;293;453;432;123;15;87;17;15;6;1;0;452;13;32.87;13.64;21.09;20.11;5.73;0.7;4.05;0.79;0.7;0.28;0.05;0;17.04;0.61
01451;01;Viriat;4645;3878;3777;846;510;881;958;276;37;181;32;38;16;2;0;767;23;22.4;13.5;23.33;25.36;7.31;0.98;4.79;0.85;1.01;0.42;0.05;0;16.51;0.61
01452;01;Virieu-le-Grand;690;553;541;163;115;115;59;33;5;35;9;4;3;0;0;137;5;30.13;21.26;21.26;10.91;6.1;0.92;6.47;1.66;0.74;0.55;0;0;19.86;0.92
01453;01;Virieu-le-Petit;215;170;165;47;18;40;22;22;4;4;5;1;2;0;0;45;2;28.48;10.91;24.24;13.33;13.33;2.42;2.42;3.03;0.61;1.21;0;0;20.93;1.21
01454;01;Virignin;631;523;513;155;83;97;91;37;9;25;5;5;6;0;0;108;4;30.21;16.18;18.91;17.74;7.21;1.75;4.87;0.97;0.97;1.17;0;0;17.12;0.78
01456;01;Vongnes;75;59;58;8;7;16;18;4;0;3;2;0;0;0;0;16;1;13.79;12.07;27.59;31.03;6.9;0;5.17;3.45;0;0;0;0;21.33;1.72
01457;01;Vonnas;1980;1625;1551;372;202;368;392;98;7;67;14;14;12;5;0;355;18;23.98;13.02;23.73;25.27;6.32;0.45;4.32;0.9;0.9;0.77;0.32;0;17.93;1.16