insee;dep;nom;nb_inscrits;nb_votants;nb_exprimes;nb_voix1;nb_voix2;nb_voix3;nb_voix4;nb_voix5;nb_voix6;nb_voix7;nb_voix8;nb_voix9;nb_voix10;nb_voix11;nb_voix12;nb_voix13;nb_voix14;voix_1;voix_2;voix_3;voix_4;voix_5;voix_6;voix_7;voix_8;voix_9;voix_10;voix_11;voix_12;voix_13;voix_14
03001;03;Abrest;2088;1677;1624;439;255;415;292;91;32;63;6;21;10;0;0;411;12;27.03;15.7;25.55;17.98;5.6;1.97;3.88;0.37;1.29;0.62;0;0;19.68;0.74
03002;03;Agonges;239;203;193;32;68;32;39;3;3;14;0;2;0;0;0;36;3;16.58;35.23;16.58;20.21;1.55;1.55;7.25;0;1.04;0;0;0;15.06;1.55
03003;03;Ainay-le-Château;791;630;601;131;86;145;143;35;6;33;3;10;7;2;0;161;5;21.8;14.31;24.13;23.79;5.82;1;5.49;0.5;1.66;1.16;0.33;0;20.35;0.83
03004;03;Andelaroche;205;164;163;46;23;22;56;4;4;4;2;1;1;0;0;41;0;28.22;14.11;13.5;34.36;2.45;2.45;2.45;1.23;0.61;0.61;0;0;20;0
03005;03;Archignat;225;177;174;41;39;28;32;9;3;10;9;3;0;0;0;48;1;23.56;22.41;16.09;18.39;5.17;1.72;5.75;5.17;1.72;0;0;0;21.33;0.57
03006;03;Arfeuilles;537;418;405;105;101;75;52;24;11;24;2;7;4;0;0;119;3;25.93;24.94;18.52;12.84;5.93;2.72;5.93;0.49;1.73;0.99;0;0;22.16;0.74
03007;03;Arpheuilles-Saint-Priest;258;221;206;48;46;46;34;11;7;12;1;0;1;0;0;37;2;23.3;22.33;22.33;16.5;5.34;3.4;5.83;0.49;0;0.49;0;0;14.34;0.97
03008;03;Arronnes;310;264;255;60;41;47;54;18;5;15;4;9;2;0;0;46;7;23.53;16.08;18.43;21.18;7.06;1.96;5.88;1.57;3.53;0.78;0;0;14.84;2.75
03009;03;Aubigny;91;82;77;21;16;14;11;8;1;5;0;0;0;1;0;9;5;27.27;20.78;18.18;14.29;10.39;1.3;6.49;0;0;0;1.3;0;9.89;6.49
03010;03;Audes;352;291;281;74;50;70;36;13;6;23;1;5;2;1;0;61;6;26.33;17.79;24.91;12.81;4.63;2.14;8.19;0.36;1.78;0.71;0.36;0;17.33;2.14
03011;03;Aurouër;290;237;230;58;38;37;62;15;0;9;5;1;5;0;0;53;1;25.22;16.52;16.09;26.96;6.52;0;3.91;2.17;0.43;2.17;0;0;18.28;0.43
03012;03;Autry-Issards;259;231;223;33;65;42;33;24;0;18;0;7;0;1;0;28;0;14.8;29.15;18.83;14.8;10.76;0;8.07;0;3.14;0;0.45;0;10.81;0
03013;03;Avermes;3049;2497;2422;501;471;681;424;119;22;152;9;24;13;6;0;552;27;20.69;19.45;28.12;17.51;4.91;0.91;6.28;0.37;0.99;0.54;0.25;0;18.1;1.11
03014;03;Avrilly;114;97;97;9;18;28;23;8;3;6;1;0;1;0;0;17;0;9.28;18.56;28.87;23.71;8.25;3.09;6.19;1.03;0;1.03;0;0;14.91;0
03015;03;Bagneux;241;189;186;39;47;28;39;16;4;11;0;2;0;0;0;52;3;20.97;25.27;15.05;20.97;8.6;2.15;5.91;0;1.08;0;0;0;21.58;1.61
03016;03;Barberier;122;93;85;20;21;15;17;6;1;3;0;2;0;0;0;29;2;23.53;24.71;17.65;20;7.06;1.18;3.53;0;2.35;0;0;0;23.77;2.35
03017;03;Barrais-Bussolles;180;150;147;42;20;28;25;17;4;6;5;0;0;0;0;30;0;28.57;13.61;19.05;17.01;11.56;2.72;4.08;3.4;0;0;0;0;16.67;0
03018;03;Bayet;507;434;417;127;70;85;59;28;6;17;6;11;7;1;0;73;4;30.46;16.79;20.38;14.15;6.71;1.44;4.08;1.44;2.64;1.68;0.24;0;14.4;0.96
03019;03;Beaulon;1308;1032;975;245;211;187;184;58;14;45;8;16;3;4;0;276;10;25.13;21.64;19.18;18.87;5.95;1.44;4.62;0.82;1.64;0.31;0.41;0;21.1;1.03
03020;03;Beaune-d'Allier;231;188;184;39;41;43;28;15;5;6;3;3;1;0;0;43;0;21.2;22.28;23.37;15.22;8.15;2.72;3.26;1.63;1.63;0.54;0;0;18.61;0
03021;03;Bègues;194;162;159;37;28;43;27;2;7;5;4;1;4;1;0;32;2;23.27;17.61;27.04;16.98;1.26;4.4;3.14;2.52;0.63;2.52;0.63;0;16.49;1.26
03022;03;Bellenaves;786;627;612;150;156;135;72;25;13;39;5;12;4;1;0;159;8;24.51;25.49;22.06;11.76;4.08;2.12;6.37;0.82;1.96;0.65;0.16;0;20.23;1.31
03023;03;Bellerive-sur-Allier;6067;4917;4788;901;656;1281;1295;232;48;269;27;37;34;8;0;1150;40;18.82;13.7;26.75;27.05;4.85;1;5.62;0.56;0.77;0.71;0.17;0;18.96;0.84
03024;03;Bert;196;160;152;61;29;22;24;6;1;5;1;1;2;0;0;36;1;40.13;19.08;14.47;15.79;3.95;0.66;3.29;0.66;0.66;1.32;0;0;18.37;0.66
03025;03;Bessay-sur-Allier;1021;860;840;233;152;177;133;62;12;51;4;8;8;0;0;161;6;27.74;18.1;21.07;15.83;7.38;1.43;6.07;0.48;0.95;0.95;0;0;15.77;0.71
03026;03;Besson;636;544;531;97;105;100;130;39;13;24;3;8;10;2;0;92;4;18.27;19.77;18.83;24.48;7.34;2.45;4.52;0.56;1.51;1.88;0.38;0;14.47;0.75
03027;03;Bézenet;656;522;499;140;137;98;55;20;4;27;3;13;2;0;0;134;7;28.06;27.45;19.64;11.02;4.01;0.8;5.41;0.6;2.61;0.4;0;0;20.43;1.4
03028;03;Billezois;317;261;252;81;68;40;26;16;6;8;1;6;0;0;0;56;4;32.14;26.98;15.87;10.32;6.35;2.38;3.17;0.4;2.38;0;0;0;17.67;1.59
03029;03;Billy;583;473;444;120;74;94;72;29;4;34;2;10;4;1;0;110;5;27.03;16.67;21.17;16.22;6.53;0.9;7.66;0.45;2.25;0.9;0.23;0;18.87;1.13
03030;03;Biozat;662;551;526;152;90;114;75;45;14;26;1;5;4;0;0;111;11;28.9;17.11;21.67;14.26;8.56;2.66;4.94;0.19;0.95;0.76;0;0;16.77;2.09
03031;03;Bizeneuille;232;200;197;32;38;49;49;7;5;7;4;3;3;0;0;32;2;16.24;19.29;24.87;24.87;3.55;2.54;3.55;2.03;1.52;1.52;0;0;13.79;1.02
03032;03;Blomard;177;141;137;45;27;19;26;9;4;2;2;2;1;0;0;36;0;32.85;19.71;13.87;18.98;6.57;2.92;1.46;1.46;1.46;0.73;0;0;20.34;0
03033;03;Bost;128;100;93;24;25;20;6;6;2;9;0;0;1;0;0;28;0;25.81;26.88;21.51;6.45;6.45;2.15;9.68;0;0;1.08;0;0;21.88;0
03034;03;Boucé;402;306;296;111;50;46;43;15;2;19;1;6;3;0;0;96;1;37.5;16.89;15.54;14.53;5.07;0.68;6.42;0.34;2.03;1.01;0;0;23.88;0.34
03035;03;Le Bouchaud;168;140;135;27;26;32;26;6;4;8;2;4;0;0;0;28;0;20;19.26;23.7;19.26;4.44;2.96;5.93;1.48;2.96;0;0;0;16.67;0
03036;03;Bourbon-l'Archambault;1902;1574;1522;229;517;281;281;68;24;85;15;14;6;2;0;328;14;15.05;33.97;18.46;18.46;4.47;1.58;5.58;0.99;0.92;0.39;0.13;0;17.25;0.92
03037;03;Braize;188;157;152;66;17;31;27;5;0;1;3;0;2;0;0;31;0;43.42;11.18;20.39;17.76;3.29;0;0.66;1.97;0;1.32;0;0;16.49;0
03038;03;Bransat;399;338;323;78;46;78;72;6;8;26;0;4;5;0;0;61;1;24.15;14.24;24.15;22.29;1.86;2.48;8.05;0;1.24;1.55;0;0;15.29;0.31
03039;03;Bresnay;316;252;241;67;43;55;38;17;2;12;2;2;1;2;0;64;1;27.8;17.84;22.82;15.77;7.05;0.83;4.98;0.83;0.83;0.41;0.83;0;20.25;0.41
03040;03;Bressolles;946;817;799;149;171;191;174;52;9;41;1;4;7;0;0;129;3;18.65;21.4;23.9;21.78;6.51;1.13;5.13;0.13;0.5;0.88;0;0;13.64;0.38
03041;03;Le Brethon;293;243;237;62;42;52;53;13;3;9;1;2;0;0;0;50;2;26.16;17.72;21.94;22.36;5.49;1.27;3.8;0.42;0.84;0;0;0;17.06;0.84
03042;03;Le Breuil;462;376;367;98;59;70;70;17;9;26;4;9;5;0;0;86;4;26.7;16.08;19.07;19.07;4.63;2.45;7.08;1.09;2.45;1.36;0;0;18.61;1.09
03043;03;Broût-Vernet;928;749;729;206;124;163;123;47;12;37;3;8;5;1;0;179;6;28.26;17.01;22.36;16.87;6.45;1.65;5.08;0.41;1.1;0.69;0.14;0;19.29;0.82
03044;03;Brugheas;1101;922;894;220;162;218;172;54;9;33;2;9;10;5;0;179;6;24.61;18.12;24.38;19.24;6.04;1.01;3.69;0.22;1.01;1.12;0.56;0;16.26;0.67
03045;03;Busset;689;541;513;136;87;124;102;26;12;20;1;4;1;0;0;148;7;26.51;16.96;24.17;19.88;5.07;2.34;3.9;0.19;0.78;0.19;0;0;21.48;1.36
03046;03;Buxières-les-Mines;817;631;606;123;197;128;71;35;5;30;1;9;6;1;0;186;8;20.3;32.51;21.12;11.72;5.78;0.83;4.95;0.17;1.49;0.99;0.17;0;22.77;1.32
03047;03;La Celle;349;263;251;79;48;34;40;10;9;18;2;9;0;2;0;86;3;31.47;19.12;13.55;15.94;3.98;3.59;7.17;0.8;3.59;0;0.8;0;24.64;1.2
03048;03;Cérilly;1067;825;799;152;180;178;177;49;14;27;3;12;6;1;0;242;8;19.02;22.53;22.28;22.15;6.13;1.75;3.38;0.38;1.5;0.75;0.13;0;22.68;1
03049;03;Cesset;345;275;268;67;49;60;52;13;4;10;6;4;1;2;0;70;0;25;18.28;22.39;19.4;4.85;1.49;3.73;2.24;1.49;0.37;0.75;0;20.29;0
03050;03;La Chabanne;178;138;133;32;24;18;38;4;8;5;2;2;0;0;0;40;0;24.06;18.05;13.53;28.57;3.01;6.02;3.76;1.5;1.5;0;0;0;22.47;0
03051;03;Chambérat;244;192;187;49;44;35;23;7;7;17;0;1;4;0;0;52;1;26.2;23.53;18.72;12.3;3.74;3.74;9.09;0;0.53;2.14;0;0;21.31;0.53
03052;03;Chamblet;771;638;612;152;127;157;69;44;14;27;7;6;9;0;0;133;11;24.84;20.75;25.65;11.27;7.19;2.29;4.41;1.14;0.98;1.47;0;0;17.25;1.8
03053;03;Chantelle;814;681;654;145;130;140;151;29;7;29;7;5;11;0;0;133;8;22.17;19.88;21.41;23.09;4.43;1.07;4.43;1.07;0.76;1.68;0;0;16.34;1.22
03054;03;Chapeau;173;137;134;33;21;30;28;4;3;6;2;4;3;0;0;36;1;24.63;15.67;22.39;20.9;2.99;2.24;4.48;1.49;2.99;2.24;0;0;20.81;0.75
03055;03;La Chapelaude;743;587;563;141;130;125;79;29;9;28;4;9;6;3;0;156;9;25.04;23.09;22.2;14.03;5.15;1.6;4.97;0.71;1.6;1.07;0.53;0;21;1.6
03056;03;La Chapelle;338;261;251;49;56;51;43;18;18;13;0;3;0;0;0;77;3;19.52;22.31;20.32;17.13;7.17;7.17;5.18;0;1.2;0;0;0;22.78;1.2
03057;03;La Chapelle-aux-Chasses;173;148;147;28;31;29;35;7;0;11;2;3;1;0;0;25;0;19.05;21.09;19.73;23.81;4.76;0;7.48;1.36;2.04;0.68;0;0;14.45;0
03058;03;Chappes;158;134;124;22;44;21;18;5;1;5;2;0;6;0;0;24;1;17.74;35.48;16.94;14.52;4.03;0.81;4.03;1.61;0;4.84;0;0;15.19;0.81
03059;03;Chareil-Cintrat;252;209;201;43;32;46;52;8;2;12;1;4;0;1;0;43;1;21.39;15.92;22.89;25.87;3.98;1;5.97;0.5;1.99;0;0.5;0;17.06;0.5
03060;03;Charmeil;712;581;559;157;70;134;120;38;9;18;0;10;3;0;0;131;6;28.09;12.52;23.97;21.47;6.8;1.61;3.22;0;1.79;0.54;0;0;18.4;1.07
03061;03;Charmes;294;249;242;66;45;59;35;8;9;11;3;3;3;0;0;45;2;27.27;18.6;24.38;14.46;3.31;3.72;4.55;1.24;1.24;1.24;0;0;15.31;0.83
03062;03;Charroux;299;255;250;48;32;61;74;14;3;13;1;4;0;0;0;44;3;19.2;12.8;24.4;29.6;5.6;1.2;5.2;0.4;1.6;0;0;0;14.72;1.2
03063;03;Chassenard;706;584;568;178;87;141;56;52;6;33;3;10;2;0;0;122;5;31.34;15.32;24.82;9.86;9.15;1.06;5.81;0.53;1.76;0.35;0;0;17.28;0.88
03064;03;Château-sur-Allier;139;121;116;36;20;24;8;9;2;12;2;0;3;0;0;18;0;31.03;17.24;20.69;6.9;7.76;1.72;10.34;1.72;0;2.59;0;0;12.95;0
03065;03;Châtel-de-Neuvre;412;323;308;74;78;66;48;11;6;17;3;1;4;0;0;89;5;24.03;25.32;21.43;15.58;3.57;1.95;5.52;0.97;0.32;1.3;0;0;21.6;1.62
03066;03;Châtel-Montagne;315;248;244;63;45;41;42;15;11;11;2;9;1;4;0;67;1;25.82;18.44;16.8;17.21;6.15;4.51;4.51;0.82;3.69;0.41;1.64;0;21.27;0.41
03067;03;Châtelperron;131;115;113;30;19;14;30;5;1;8;0;2;4;0;0;16;1;26.55;16.81;12.39;26.55;4.42;0.88;7.08;0;1.77;3.54;0;0;12.21;0.88
03068;03;Châtelus;112;85;81;28;14;10;14;6;1;7;0;0;1;0;0;27;0;34.57;17.28;12.35;17.28;7.41;1.23;8.64;0;0;1.23;0;0;24.11;0
03069;03;Châtillon;224;189;185;39;72;26;23;7;6;11;0;0;1;0;0;35;1;21.08;38.92;14.05;12.43;3.78;3.24;5.95;0;0;0.54;0;0;15.63;0.54
03070;03;Chavenon;100;84;81;18;13;21;18;2;2;3;1;1;1;1;0;16;2;22.22;16.05;25.93;22.22;2.47;2.47;3.7;1.23;1.23;1.23;1.23;0;16;2.47
03071;03;Chavroches;183;143;137;22;42;30;23;4;5;9;0;0;1;1;0;40;1;16.06;30.66;21.9;16.79;2.92;3.65;6.57;0;0;0.73;0.73;0;21.86;0.73
03072;03;Chazemais;371;302;293;59;69;69;54;18;1;15;3;2;3;0;0;69;3;20.14;23.55;23.55;18.43;6.14;0.34;5.12;1.02;0.68;1.02;0;0;18.6;1.02
03073;03;Chemilly;473;403;390;79;74;100;70;23;11;23;2;6;2;0;0;70;2;20.26;18.97;25.64;17.95;5.9;2.82;5.9;0.51;1.54;0.51;0;0;14.8;0.51
03074;03;Chevagnes;546;417;403;72;63;107;115;14;4;16;5;4;3;0;0;129;7;17.87;15.63;26.55;28.54;3.47;0.99;3.97;1.24;0.99;0.74;0;0;23.63;1.74
03075;03;Chezelle;121;99;96;30;19;9;22;4;1;6;4;0;1;0;0;22;1;31.25;19.79;9.38;22.92;4.17;1.04;6.25;4.17;0;1.04;0;0;18.18;1.04
03076;03;Chézy;176;149;143;37;14;21;47;12;4;6;0;0;1;1;0;27;3;25.87;9.79;14.69;32.87;8.39;2.8;4.2;0;0;0.7;0.7;0;15.34;2.1
03077;03;Chirat-l'Eglise;101;84;80;28;10;25;9;2;2;1;2;0;1;0;0;17;0;35;12.5;31.25;11.25;2.5;2.5;1.25;2.5;0;1.25;0;0;16.83;0
03078;03;Chouvigny;213;171;169;27;40;30;37;17;5;1;1;8;3;0;0;42;2;15.98;23.67;17.75;21.89;10.06;2.96;0.59;0.59;4.73;1.78;0;0;19.72;1.18
03079;03;Cindré;246;198;190;51;34;34;35;14;2;14;2;2;2;0;0;48;5;26.84;17.89;17.89;18.42;7.37;1.05;7.37;1.05;1.05;1.05;0;0;19.51;2.63
03080;03;Cognat-Lyonne;509;439;432;97;91;84;93;37;5;13;4;4;3;1;0;70;0;22.45;21.06;19.44;21.53;8.56;1.16;3.01;0.93;0.93;0.69;0.23;0;13.75;0
03081;03;Colombier;277;224;219;57;66;38;29;5;3;13;0;2;6;0;0;53;1;26.03;30.14;17.35;13.24;2.28;1.37;5.94;0;0.91;2.74;0;0;19.13;0.46
03082;03;Commentry;4781;3523;3401;790;886;771;434;148;47;229;23;36;33;4;0;1258;55;23.23;26.05;22.67;12.76;4.35;1.38;6.73;0.68;1.06;0.97;0.12;0;26.31;1.62
03083;03;Contigny;529;441;428;122;76;107;66;31;7;11;3;5;0;0;0;88;13;28.5;17.76;25;15.42;7.24;1.64;2.57;0.7;1.17;0;0;0;16.64;3.04
03084;03;Cosne-d'Allier;1581;1244;1189;201;300;287;234;48;9;72;5;15;15;3;0;337;11;16.9;25.23;24.14;19.68;4.04;0.76;6.06;0.42;1.26;1.26;0.25;0;21.32;0.93
03085;03;Coulandon;545;475;457;113;76;113;78;24;5;35;1;5;6;1;0;70;15;24.73;16.63;24.73;17.07;5.25;1.09;7.66;0.22;1.09;1.31;0.22;0;12.84;3.28
03086;03;Coulanges;238;185;179;53;36;32;35;10;2;7;0;1;3;0;0;53;0;29.61;20.11;17.88;19.55;5.59;1.12;3.91;0;0.56;1.68;0;0;22.27;0
03087;03;Couleuvre;455;366;357;111;71;76;61;13;3;10;3;5;4;0;0;89;2;31.09;19.89;21.29;17.09;3.64;0.84;2.8;0.84;1.4;1.12;0;0;19.56;0.56
03088;03;Courçais;275;213;200;66;39;28;35;9;6;11;2;3;1;0;0;62;1;33;19.5;14;17.5;4.5;3;5.5;1;1.5;0.5;0;0;22.55;0.5
03089;03;Coutansouze;111;94;91;15;17;27;17;3;1;5;0;3;2;1;0;17;0;16.48;18.68;29.67;18.68;3.3;1.1;5.49;0;3.3;2.2;1.1;0;15.32;0
03090;03;Couzon;233;182;179;65;39;23;25;12;3;8;1;3;0;0;0;51;1;36.31;21.79;12.85;13.97;6.7;1.68;4.47;0.56;1.68;0;0;0;21.89;0.56
03091;03;Créchy;326;267;262;82;47;54;32;26;1;12;1;2;4;1;0;59;0;31.3;17.94;20.61;12.21;9.92;0.38;4.58;0.38;0.76;1.53;0.38;0;18.1;0
03092;03;Cressanges;523;454;450;111;86;85;88;27;11;22;3;11;6;0;0;69;2;24.67;19.11;18.89;19.56;6;2.44;4.89;0.67;2.44;1.33;0;0;13.19;0.44
03093;03;Creuzier-le-Neuf;822;695;661;182;100;189;89;47;8;35;4;5;1;1;0;127;8;27.53;15.13;28.59;13.46;7.11;1.21;5.3;0.61;0.76;0.15;0.15;0;15.45;1.21
03094;03;Creuzier-le-Vieux;2841;2320;2252;474;352;589;498;133;30;124;11;28;6;7;0;521;16;21.05;15.63;26.15;22.11;5.91;1.33;5.51;0.49;1.24;0.27;0.31;0;18.34;0.71
03095;03;Cusset;8704;6979;6738;1525;1321;1732;1170;342;107;360;62;68;40;11;0;1725;104;22.63;19.61;25.7;17.36;5.08;1.59;5.34;0.92;1.01;0.59;0.16;0;19.82;1.54
03096;03;Deneuille-lès-Chantelle;80;72;69;12;14;18;10;5;2;4;0;1;1;2;0;8;0;17.39;20.29;26.09;14.49;7.25;2.9;5.8;0;1.45;1.45;2.9;0;10;0
03097;03;Deneuille-les-Mines;258;215;208;51;60;40;29;10;3;13;1;0;1;0;0;43;3;24.52;28.85;19.23;13.94;4.81;1.44;6.25;0.48;0;0.48;0;0;16.67;1.44
03098;03;Désertines;3410;2789;2696;589;683;661;368;124;33;163;16;31;21;7;0;621;32;21.85;25.33;24.52;13.65;4.6;1.22;6.05;0.59;1.15;0.78;0.26;0;18.21;1.19
03099;03;Deux-Chaises;326;272;263;47;52;50;64;16;11;11;4;5;1;2;0;54;4;17.87;19.77;19.01;24.33;6.08;4.18;4.18;1.52;1.9;0.38;0.76;0;16.56;1.52
03100;03;Diou;1038;838;806;194;148;195;162;33;13;35;8;8;9;1;0;200;14;24.07;18.36;24.19;20.1;4.09;1.61;4.34;0.99;0.99;1.12;0.12;0;19.27;1.74
03101;03;Domérat;7135;5689;5455;1220;1307;1384;744;282;66;298;38;58;50;8;0;1446;90;22.36;23.96;25.37;13.64;5.17;1.21;5.46;0.7;1.06;0.92;0.15;0;20.27;1.65
03102;03;Dompierre-sur-Besbre;2332;1769;1682;313;311;465;345;76;16;103;12;25;15;1;0;563;32;18.61;18.49;27.65;20.51;4.52;0.95;6.12;0.71;1.49;0.89;0.06;0;24.14;1.9
03103;03;Le Donjon;776;635;615;140;69;161;156;24;10;36;4;9;5;1;0;141;9;22.76;11.22;26.18;25.37;3.9;1.63;5.85;0.65;1.46;0.81;0.16;0;18.17;1.46
03104;03;Doyet;881;685;660;158;174;151;91;24;10;29;5;12;4;2;0;196;6;23.94;26.36;22.88;13.79;3.64;1.52;4.39;0.76;1.82;0.61;0.3;0;22.25;0.91
03105;03;Droiturier;274;238;229;73;31;41;40;18;7;12;0;2;5;0;0;36;2;31.88;13.54;17.9;17.47;7.86;3.06;5.24;0;0.87;2.18;0;0;13.14;0.87
03106;03;Durdat-Larequille;963;792;775;144;189;201;110;52;9;40;6;14;9;1;0;171;11;18.58;24.39;25.94;14.19;6.71;1.16;5.16;0.77;1.81;1.16;0.13;0;17.76;1.42
03107;03;Ebreuil;910;740;721;144;140;164;162;37;13;34;13;8;6;0;0;170;4;19.97;19.42;22.75;22.47;5.13;1.8;4.72;1.8;1.11;0.83;0;0;18.68;0.55
03108;03;Echassières;267;215;209;39;41;42;38;13;10;19;0;6;1;0;0;52;3;18.66;19.62;20.1;18.18;6.22;4.78;9.09;0;2.87;0.48;0;0;19.48;1.44
03109;03;Escurolles;555;458;442;127;94;80;80;19;6;23;5;3;3;2;0;97;6;28.73;21.27;18.1;18.1;4.3;1.36;5.2;1.13;0.68;0.68;0.45;0;17.48;1.36
03110;03;Espinasse-Vozelle;693;589;570;127;104;148;102;34;7;24;9;9;6;0;0;104;5;22.28;18.25;25.96;17.89;5.96;1.23;4.21;1.58;1.58;1.05;0;0;15.01;0.88
03111;03;Estivareilles;881;726;697;177;149;168;96;49;12;26;6;8;4;2;0;155;9;25.39;21.38;24.1;13.77;7.03;1.72;3.73;0.86;1.15;0.57;0.29;0;17.59;1.29
03112;03;Etroussat;516;420;399;115;65;83;64;35;7;14;2;7;5;2;0;96;3;28.82;16.29;20.8;16.04;8.77;1.75;3.51;0.5;1.75;1.25;0.5;0;18.6;0.75
03113;03;Ferrières-sur-Sichon;431;340;328;90;49;59;57;17;12;27;5;8;3;1;0;91;2;27.44;14.94;17.99;17.38;5.18;3.66;8.23;1.52;2.44;0.91;0.3;0;21.11;0.61
03114;03;La Ferté-Hauterive;239;201;197;68;24;41;32;16;0;11;3;0;2;0;0;38;1;34.52;12.18;20.81;16.24;8.12;0;5.58;1.52;0;1.02;0;0;15.9;0.51
03115;03;Fleuriel;262;214;208;38;29;54;57;11;7;6;2;1;1;2;0;48;1;18.27;13.94;25.96;27.4;5.29;3.37;2.88;0.96;0.48;0.48;0.96;0;18.32;0.48
03116;03;Fourilles;176;157;152;30;25;28;42;8;1;10;0;5;3;0;0;19;0;19.74;16.45;18.42;27.63;5.26;0.66;6.58;0;3.29;1.97;0;0;10.8;0
03117;03;Franchesse;338;298;287;63;99;42;55;6;6;9;2;5;0;0;0;40;1;21.95;34.49;14.63;19.16;2.09;2.09;3.14;0.7;1.74;0;0;0;11.83;0.35
03118;03;Gannat;4355;3184;3063;767;603;705;529;155;56;151;27;46;21;3;0;1171;34;25.04;19.69;23.02;17.27;5.06;1.83;4.93;0.88;1.5;0.69;0.1;0;26.89;1.11
03119;03;Gannay-sur-Loire;359;299;289;72;33;62;84;15;1;13;3;5;1;0;0;60;2;24.91;11.42;21.45;29.07;5.19;0.35;4.5;1.04;1.73;0.35;0;0;16.71;0.69
03120;03;Garnat-sur-Engièvre;522;415;398;115;49;89;82;25;4;18;2;10;2;2;0;107;8;28.89;12.31;22.36;20.6;6.28;1.01;4.52;0.5;2.51;0.5;0.5;0;20.5;2.01
03121;03;Gennetines;505;413;391;93;68;89;76;25;2;24;7;3;2;2;0;92;19;23.79;17.39;22.76;19.44;6.39;0.51;6.14;1.79;0.77;0.51;0.51;0;18.22;4.86
03122;03;Gipcy;175;137;135;24;37;28;20;11;2;10;0;1;1;1;0;38;2;17.78;27.41;20.74;14.81;8.15;1.48;7.41;0;0.74;0.74;0.74;0;21.71;1.48
03124;03;Gouise;153;131;126;31;17;26;32;8;2;4;0;3;1;2;0;22;1;24.6;13.49;20.63;25.4;6.35;1.59;3.17;0;2.38;0.79;1.59;0;14.38;0.79
03125;03;La Guillermie;126;84;82;26;20;7;16;0;6;3;0;2;2;0;0;42;1;31.71;24.39;8.54;19.51;0;7.32;3.66;0;2.44;2.44;0;0;33.33;1.22
03126;03;Hauterive;830;693;677;176;113;187;100;42;17;24;1;13;3;1;0;137;6;26;16.69;27.62;14.77;6.2;2.51;3.55;0.15;1.92;0.44;0.15;0;16.51;0.89
03127;03;Hérisson;457;368;360;59;80;92;89;17;8;10;1;1;2;1;0;89;2;16.39;22.22;25.56;24.72;4.72;2.22;2.78;0.28;0.28;0.56;0.28;0;19.47;0.56
03128;03;Huriel;2063;1639;1592;390;319;388;204;86;28;109;20;28;19;1;0;424;13;24.5;20.04;24.37;12.81;5.4;1.76;6.85;1.26;1.76;1.19;0.06;0;20.55;0.82
03129;03;Hyds;276;218;209;49;38;43;30;12;15;14;2;4;1;1;0;58;4;23.44;18.18;20.57;14.35;5.74;7.18;6.7;0.96;1.91;0.48;0.48;0;21.01;1.91
03130;03;Isle-et-Bardais;215;178;174;38;37;26;52;6;2;7;0;3;2;1;0;37;1;21.84;21.26;14.94;29.89;3.45;1.15;4.02;0;1.72;1.15;0.57;0;17.21;0.57
03131;03;Isserpent;396;324;316;112;45;51;74;14;7;8;3;2;0;0;0;72;7;35.44;14.24;16.14;23.42;4.43;2.22;2.53;0.95;0.63;0;0;0;18.18;2.22
03132;03;Jaligny-sur-Besbre;470;379;358;104;51;79;77;20;4;13;4;4;1;1;0;91;10;29.05;14.25;22.07;21.51;5.59;1.12;3.63;1.12;1.12;0.28;0.28;0;19.36;2.79
03133;03;Jenzat;450;374;370;78;79;82;60;18;11;25;4;8;5;0;0;76;0;21.08;21.35;22.16;16.22;4.86;2.97;6.76;1.08;2.16;1.35;0;0;16.89;0
03134;03;Laféline;157;135;133;35;26;26;32;4;0;1;2;4;3;0;0;22;1;26.32;19.55;19.55;24.06;3.01;0;0.75;1.5;3.01;2.26;0;0;14.01;0.75
03135;03;Lalizolle;302;230;224;57;47;40;45;10;8;10;4;1;2;0;0;72;2;25.45;20.98;17.86;20.09;4.46;3.57;4.46;1.79;0.45;0.89;0;0;23.84;0.89
03136;03;Lamaids;140;114;110;21;36;21;13;7;5;3;1;1;2;0;0;26;1;19.09;32.73;19.09;11.82;6.36;4.55;2.73;0.91;0.91;1.82;0;0;18.57;0.91
03137;03;Langy;192;157;154;35;50;27;20;14;1;5;0;1;1;0;0;35;1;22.73;32.47;17.53;12.99;9.09;0.65;3.25;0;0.65;0.65;0;0;18.23;0.65
03138;03;Lapalisse;2130;1718;1654;404;253;408;331;90;31;69;12;33;20;3;0;412;39;24.43;15.3;24.67;20.01;5.44;1.87;4.17;0.73;2;1.21;0.18;0;19.34;2.36
03139;03;Laprugne;288;238;229;74;34;48;28;13;10;9;7;2;3;1;0;50;2;32.31;14.85;20.96;12.23;5.68;4.37;3.93;3.06;0.87;1.31;0.44;0;17.36;0.87
03140;03;Lavault-Sainte-Anne;891;712;692;118;176;215;93;32;15;29;3;3;7;1;0;179;1;17.05;25.43;31.07;13.44;4.62;2.17;4.19;0.43;0.43;1.01;0.14;0;20.09;0.14
03141;03;Lavoine;185;161;154;30;11;35;32;13;21;4;2;5;1;0;0;24;3;19.48;7.14;22.73;20.78;8.44;13.64;2.6;1.3;3.25;0.65;0;0;12.97;1.95
03142;03;Lenax;229;171;164;60;13;35;34;11;1;6;1;2;1;0;0;58;1;36.59;7.93;21.34;20.73;6.71;0.61;3.66;0.61;1.22;0.61;0;0;25.33;0.61
03143;03;Lételon;91;62;58;16;19;8;5;3;0;5;2;0;0;0;0;29;1;27.59;32.76;13.79;8.62;5.17;0;8.62;3.45;0;0;0;0;31.87;1.72
03144;03;Liernolles;187;155;146;33;17;35;45;5;1;7;0;1;2;0;0;32;0;22.6;11.64;23.97;30.82;3.42;0.68;4.79;0;0.68;1.37;0;0;17.11;0
03145;03;Lignerolles;615;521;507;122;122;110;56;22;17;40;5;5;7;1;0;94;3;24.06;24.06;21.7;11.05;4.34;3.35;7.89;0.99;0.99;1.38;0.2;0;15.28;0.59
03146;03;Limoise;122;96;94;18;22;18;20;10;0;6;0;0;0;0;0;26;0;19.15;23.4;19.15;21.28;10.64;0;6.38;0;0;0;0;0;21.31;0
03147;03;Loddes;144;118;115;34;26;18;28;2;1;3;0;1;1;1;0;26;1;29.57;22.61;15.65;24.35;1.74;0.87;2.61;0;0.87;0.87;0.87;0;18.06;0.87
03148;03;Loriges;291;227;218;86;28;42;34;7;3;9;2;5;2;0;0;64;0;39.45;12.84;19.27;15.6;3.21;1.38;4.13;0.92;2.29;0.92;0;0;21.99;0
03149;03;Louchy-Montfand;384;328;323;47;72;95;57;19;6;18;1;5;3;0;0;56;5;14.55;22.29;29.41;17.65;5.88;1.86;5.57;0.31;1.55;0.93;0;0;14.58;1.55
03150;03;Louroux-Bourbonnais;188;170;166;26;50;34;26;9;8;6;3;3;1;0;0;18;0;15.66;30.12;20.48;15.66;5.42;4.82;3.61;1.81;1.81;0.6;0;0;9.57;0
03151;03;Louroux-de-Beaune;165;130;127;14;33;42;23;4;1;8;0;0;2;0;0;35;2;11.02;25.98;33.07;18.11;3.15;0.79;6.3;0;0;1.57;0;0;21.21;1.57
03152;03;Louroux-de-Bouble;221;170;168;46;28;37;20;8;4;12;3;4;4;2;0;51;0;27.38;16.67;22.02;11.9;4.76;2.38;7.14;1.79;2.38;2.38;1.19;0;23.08;0
03154;03;Luneau;225;196;189;46;33;32;42;15;5;10;3;1;1;1;0;29;2;24.34;17.46;16.93;22.22;7.94;2.65;5.29;1.59;0.53;0.53;0.53;0;12.89;1.06
03155;03;Lurcy-Lévis;1465;1155;1117;313;201;206;247;51;21;45;7;13;11;2;0;310;13;28.02;17.99;18.44;22.11;4.57;1.88;4.03;0.63;1.16;0.98;0.18;0;21.16;1.16
03156;03;Lusigny;1203;987;957;210;173;260;169;59;15;48;5;11;6;1;0;216;9;21.94;18.08;27.17;17.66;6.17;1.57;5.02;0.52;1.15;0.63;0.1;0;17.96;0.94
03157;03;Magnet;672;588;561;185;106;105;60;43;8;35;4;11;4;0;0;84;26;32.98;18.89;18.72;10.7;7.66;1.43;6.24;0.71;1.96;0.71;0;0;12.5;4.63
03158;03;Haut-Bocage;654;532;512;123;129;118;56;31;9;30;2;9;5;0;0;122;13;24.02;25.2;23.05;10.94;6.05;1.76;5.86;0.39;1.76;0.98;0;0;18.65;2.54
03159;03;Malicorne;580;461;451;121;105;107;41;15;12;33;3;5;7;2;0;119;1;26.83;23.28;23.73;9.09;3.33;2.66;7.32;0.67;1.11;1.55;0.44;0;20.52;0.22
03160;03;Marcenat;268;223;214;62;37;44;46;11;0;10;0;2;0;2;0;45;3;28.97;17.29;20.56;21.5;5.14;0;4.67;0;0.93;0;0.93;0;16.79;1.4
03161;03;Marcillat-en-Combraille;733;602;581;95;92;148;156;24;17;30;4;8;7;0;0;131;9;16.35;15.83;25.47;26.85;4.13;2.93;5.16;0.69;1.38;1.2;0;0;17.87;1.55
03162;03;Marigny;173;149;142;25;24;36;37;5;1;9;1;3;1;0;0;24;1;17.61;16.9;25.35;26.06;3.52;0.7;6.34;0.7;2.11;0.7;0;0;13.87;0.7
03163;03;Mariol;599;496;483;165;96;84;61;26;8;23;4;9;6;1;0;103;3;34.16;19.88;17.39;12.63;5.38;1.66;4.76;0.83;1.86;1.24;0.21;0;17.2;0.62
03164;03;Le Mayet-d'Ecole;213;187;181;64;16;43;37;10;3;4;1;2;1;0;0;26;1;35.36;8.84;23.76;20.44;5.52;1.66;2.21;0.55;1.1;0.55;0;0;12.21;0.55
03165;03;Le Mayet-de-Montagne;1064;853;830;185;158;171;174;42;27;52;4;12;3;2;0;211;11;22.29;19.04;20.6;20.96;5.06;3.25;6.27;0.48;1.45;0.36;0.24;0;19.83;1.33
03166;03;Mazerier;243;216;205;48;28;56;28;12;16;9;1;4;3;0;0;27;3;23.41;13.66;27.32;13.66;5.85;7.8;4.39;0.49;1.95;1.46;0;0;11.11;1.46
03167;03;Mazirat;238;193;187;40;32;37;42;12;6;14;0;3;1;0;0;45;0;21.39;17.11;19.79;22.46;6.42;3.21;7.49;0;1.6;0.53;0;0;18.91;0
03168;03;Meaulne-Vitray;752;647;632;157;120;121;160;29;6;20;6;8;5;0;0;105;2;24.84;18.99;19.15;25.32;4.59;0.95;3.16;0.95;1.27;0.79;0;0;13.96;0.32
03169;03;Meillard;223;189;177;36;49;23;48;6;6;7;1;0;1;0;0;34;11;20.34;27.68;12.99;27.12;3.39;3.39;3.95;0.56;0;0.56;0;0;15.25;6.21
03170;03;Meillers;117;101;97;14;30;21;27;3;0;2;0;0;0;0;0;16;2;14.43;30.93;21.65;27.84;3.09;0;2.06;0;0;0;0;0;13.68;2.06
03171;03;Mercy;187;151;147;31;34;24;26;9;4;15;0;2;2;0;0;36;1;21.09;23.13;16.33;17.69;6.12;2.72;10.2;0;1.36;1.36;0;0;19.25;0.68
03172;03;Mesples;109;84;78;22;10;12;19;5;3;4;1;0;2;0;0;25;2;28.21;12.82;15.38;24.36;6.41;3.85;5.13;1.28;0;2.56;0;0;22.94;2.56
03173;03;Molinet;854;709;683;179;122;159;136;38;4;27;4;7;7;0;0;145;10;26.21;17.86;23.28;19.91;5.56;0.59;3.95;0.59;1.02;1.02;0;0;16.98;1.46
03174;03;Molles;706;593;566;146;99;96;124;29;22;24;7;10;6;3;0;113;3;25.8;17.49;16.96;21.91;5.12;3.89;4.24;1.24;1.77;1.06;0.53;0;16.01;0.53
03175;03;Monestier;244;180;177;59;29;36;24;9;5;5;4;4;2;0;0;64;2;33.33;16.38;20.34;13.56;5.08;2.82;2.82;2.26;2.26;1.13;0;0;26.23;1.13
03176;03;Monétay-sur-Allier;432;352;342;100;72;82;43;14;3;18;3;3;4;0;0;80;3;29.24;21.05;23.98;12.57;4.09;0.88;5.26;0.88;0.88;1.17;0;0;18.52;0.88
03177;03;Monétay-sur-Loire;245;205;200;58;38;34;36;13;6;12;0;1;1;1;0;40;2;29;19;17;18;6.5;3;6;0;0.5;0.5;0.5;0;16.33;1
03178;03;Montaiguët-en-Forez;238;179;169;43;34;42;32;9;2;5;0;2;0;0;0;59;1;25.44;20.12;24.85;18.93;5.33;1.18;2.96;0;1.18;0;0;0;24.79;0.59
03179;03;Montaigu-le-Blin;269;224;217;51;33;46;51;12;5;10;1;4;4;0;0;45;2;23.5;15.21;21.2;23.5;5.53;2.3;4.61;0.46;1.84;1.84;0;0;16.73;0.92
03180;03;Montbeugny;509;444;422;121;82;94;72;27;5;9;1;6;4;1;0;65;21;28.67;19.43;22.27;17.06;6.4;1.18;2.13;0.24;1.42;0.95;0.24;0;12.77;4.98
03181;03;Montcombroux-les-Mines;267;211;203;54;47;34;23;17;5;12;2;2;4;3;0;56;1;26.6;23.15;16.75;11.33;8.37;2.46;5.91;0.99;0.99;1.97;1.48;0;20.97;0.49
03182;03;Monteignet-sur-l'Andelot;193;167;162;52;20;28;38;9;1;12;0;0;1;1;0;26;0;32.1;12.35;17.28;23.46;5.56;0.62;7.41;0;0;0.62;0.62;0;13.47;0
03183;03;Le Montet;301;228;222;61;34;61;38;9;2;11;1;3;2;0;0;73;0;27.48;15.32;27.48;17.12;4.05;0.9;4.95;0.45;1.35;0.9;0;0;24.25;0
03184;03;Montilly;396;341;330;92;57;65;64;22;3;18;1;4;4;0;0;55;2;27.88;17.27;19.7;19.39;6.67;0.91;5.45;0.3;1.21;1.21;0;0;13.89;0.61
03185;03;Montluçon;24972;17068;16498;3006;3901;4027;3104;705;178;1095;132;200;115;35;0;7904;195;18.22;23.65;24.41;18.81;4.27;1.08;6.64;0.8;1.21;0.7;0.21;0;31.65;1.18
03186;03;Montmarault;959;780;759;174;158;180;124;45;21;31;7;12;7;0;0;179;5;22.92;20.82;23.72;16.34;5.93;2.77;4.08;0.92;1.58;0.92;0;0;18.67;0.66
03187;03;Montoldre;369;303;286;107;43;57;37;11;7;15;3;4;2;0;0;66;8;37.41;15.03;19.93;12.94;3.85;2.45;5.24;1.05;1.4;0.7;0;0;17.89;2.8
03188;03;Montord;180;140;138;34;23;28;29;10;2;6;1;2;3;0;0;40;2;24.64;16.67;20.29;21.01;7.25;1.45;4.35;0.72;1.45;2.17;0;0;22.22;1.45
03189;03;Montvicq;565;443;430;96;121;82;71;16;6;26;7;2;2;1;0;122;1;22.33;28.14;19.07;16.51;3.72;1.4;6.05;1.63;0.47;0.47;0.23;0;21.59;0.23
03190;03;Moulins;13446;9463;9016;1643;1798;2399;1907;342;88;586;68;102;63;20;0;3983;280;18.22;19.94;26.61;21.15;3.79;0.98;6.5;0.75;1.13;0.7;0.22;0;29.62;3.11
03191;03;Murat;206;177;171;33;52;35;29;11;3;3;1;3;1;0;0;29;2;19.3;30.41;20.47;16.96;6.43;1.75;1.75;0.58;1.75;0.58;0;0;14.08;1.17
03192;03;Nades;87;76;70;15;24;15;8;0;0;4;0;1;3;0;0;11;0;21.43;34.29;21.43;11.43;0;0;5.71;0;1.43;4.29;0;0;12.64;0
03193;03;Nassigny;124;106;100;27;14;30;11;4;2;6;1;4;0;1;0;18;1;27;14;30;11;4;2;6;1;4;0;1;0;14.52;1
03194;03;Naves;103;90;88;23;13;19;15;5;7;1;1;3;1;0;0;13;2;26.14;14.77;21.59;17.05;5.68;7.95;1.14;1.14;3.41;1.14;0;0;12.62;2.27
03195;03;Néris-les-Bains;2011;1630;1600;244;295;432;374;89;20;106;13;14;9;4;0;381;8;15.25;18.44;27;23.38;5.56;1.25;6.63;0.81;0.88;0.56;0.25;0;18.95;0.5
03196;03;Neuilly-en-Donjon;187;162;160;33;30;33;35;11;3;11;1;1;2;0;0;25;1;20.63;18.75;20.63;21.88;6.88;1.88;6.88;0.63;0.63;1.25;0;0;13.37;0.63
03197;03;Neuilly-le-Réal;1174;971;938;215;162;242;180;57;14;39;8;13;7;1;0;203;15;22.92;17.27;25.8;19.19;6.08;1.49;4.16;0.85;1.39;0.75;0.11;0;17.29;1.6
03198;03;Neure;136;120;116;41;20;15;28;1;2;2;3;0;3;1;0;16;1;35.34;17.24;12.93;24.14;0.86;1.72;1.72;2.59;0;2.59;0.86;0;11.76;0.86
03200;03;Neuvy;1251;1075;1030;170;176;333;210;51;16;55;7;6;5;1;0;176;41;16.5;17.09;32.33;20.39;4.95;1.55;5.34;0.68;0.58;0.49;0.1;0;14.07;3.98
03201;03;Nizerolles;243;200;198;54;30;43;35;11;9;12;0;3;1;0;0;43;2;27.27;15.15;21.72;17.68;5.56;4.55;6.06;0;1.52;0.51;0;0;17.7;1.01
03202;03;Noyant-d'Allier;472;356;349;63;94;77;75;12;3;17;1;1;6;0;0;116;1;18.05;26.93;22.06;21.49;3.44;0.86;4.87;0.29;0.29;1.72;0;0;24.58;0.29
03203;03;Paray-le-Frésil;297;253;241;70;50;40;45;16;1;10;5;0;4;0;0;44;6;29.05;20.75;16.6;18.67;6.64;0.41;4.15;2.07;0;1.66;0;0;14.81;2.49
03204;03;Paray-sous-Briailles;462;397;384;107;69;78;75;25;9;13;2;5;0;1;0;65;6;27.86;17.97;20.31;19.53;6.51;2.34;3.39;0.52;1.3;0;0.26;0;14.07;1.56
03205;03;Périgny;383;294;280;84;63;45;42;18;4;14;3;3;3;1;0;89;7;30;22.5;16.07;15;6.43;1.43;5;1.07;1.07;1.07;0.36;0;23.24;2.5
03206;03;La Petite-Marche;148;129;126;24;26;26;28;5;7;8;0;2;0;0;0;19;1;19.05;20.63;20.63;22.22;3.97;5.56;6.35;0;1.59;0;0;0;12.84;0.79
03207;03;Pierrefitte-sur-Loire;369;311;301;91;62;64;37;11;7;19;4;4;1;1;0;58;1;30.23;20.6;21.26;12.29;3.65;2.33;6.31;1.33;1.33;0.33;0.33;0;15.72;0.33
03208;03;Le Pin;289;240;228;82;41;44;32;12;5;5;1;3;2;1;0;49;3;35.96;17.98;19.3;14.04;5.26;2.19;2.19;0.44;1.32;0.88;0.44;0;16.96;1.32
03209;03;Poëzat;121;109;106;26;10;25;17;6;2;10;2;4;4;0;0;12;1;24.53;9.43;23.58;16.04;5.66;1.89;9.43;1.89;3.77;3.77;0;0;9.92;0.94
03210;03;Pouzy-Mésangy;336;279;272;60;91;30;47;15;5;16;3;4;1;0;0;57;1;22.06;33.46;11.03;17.28;5.51;1.84;5.88;1.1;1.47;0.37;0;0;16.96;0.37
03211;03;Prémilhat;1819;1458;1424;286;267;380;267;61;23;112;4;9;15;0;0;361;8;20.08;18.75;26.69;18.75;4.28;1.62;7.87;0.28;0.63;1.05;0;0;19.85;0.56
03212;03;Quinssaines;1168;958;931;252;142;231;154;57;23;42;6;13;9;2;0;210;6;27.07;15.25;24.81;16.54;6.12;2.47;4.51;0.64;1.4;0.97;0.21;0;17.98;0.64
03213;03;Reugny;206;171;168;31;31;32;41;9;4;9;1;6;3;1;0;35;0;18.45;18.45;19.05;24.4;5.36;2.38;5.36;0.6;3.57;1.79;0.6;0;16.99;0
03214;03;Rocles;225;195;191;61;51;38;18;10;1;4;3;5;0;0;0;30;0;31.94;26.7;19.9;9.42;5.24;0.52;2.09;1.57;2.62;0;0;0;13.33;0
03215;03;Rongères;448;372;366;107;48;80;63;33;6;11;1;9;4;4;0;76;0;29.23;13.11;21.86;17.21;9.02;1.64;3.01;0.27;2.46;1.09;1.09;0;16.96;0
03216;03;Ronnet;151;129;126;24;24;32;28;5;7;3;0;1;2;0;0;22;1;19.05;19.05;25.4;22.22;3.97;5.56;2.38;0;0.79;1.59;0;0;14.57;0.79
03217;03;Saint-Angel;605;513;485;112;92;112;98;28;5;25;1;8;3;1;0;92;12;23.09;18.97;23.09;20.21;5.77;1.03;5.15;0.21;1.65;0.62;0.21;0;15.21;2.47
03218;03;Saint-Aubin-le-Monial;217;185;179;34;41;28;42;15;4;8;1;3;3;0;0;32;1;18.99;22.91;15.64;23.46;8.38;2.23;4.47;0.56;1.68;1.68;0;0;14.75;0.56
03219;03;Saint-Bonnet-de-Four;173;139;138;48;17;17;42;5;3;4;0;1;1;0;0;34;0;34.78;12.32;12.32;30.43;3.62;2.17;2.9;0;0.72;0.72;0;0;19.65;0
03220;03;Saint-Bonnet-de-Rochefort;537;455;440;99;81;87;99;23;12;24;6;7;2;0;0;82;2;22.5;18.41;19.77;22.5;5.23;2.73;5.45;1.36;1.59;0.45;0;0;15.27;0.45
03221;03;Saint-Bonnet-Tronçais;575;452;441;114;63;91;121;21;6;15;4;2;3;1;0;123;1;25.85;14.29;20.63;27.44;4.76;1.36;3.4;0.91;0.45;0.68;0.23;0;21.39;0.23
03222;03;Saint-Caprais;71;67;66;20;11;12;8;3;2;4;5;1;0;0;0;4;0;30.3;16.67;18.18;12.12;4.55;3.03;6.06;7.58;1.52;0;0;0;5.63;0
03223;03;Saint-Christophe;374;323;305;81;66;55;58;18;10;11;1;3;2;0;0;51;18;26.56;21.64;18.03;19.02;5.9;3.28;3.61;0.33;0.98;0.66;0;0;13.64;5.9
03224;03;Saint-Clément;290;234;225;44;34;56;37;17;16;11;1;6;3;0;0;56;6;19.56;15.11;24.89;16.44;7.56;7.11;4.89;0.44;2.67;1.33;0;0;19.31;2.67
03225;03;Saint-Désiré;362;276;263;66;60;46;50;8;8;10;7;3;5;0;0;86;2;25.1;22.81;17.49;19.01;3.04;3.04;3.8;2.66;1.14;1.9;0;0;23.76;0.76
03226;03;Saint-Didier-en-Donjon;195;162;156;43;22;40;26;7;3;11;0;0;4;0;0;33;1;27.56;14.1;25.64;16.67;4.49;1.92;7.05;0;0;2.56;0;0;16.92;0.64
03227;03;Saint-Didier-la-Forêt;276;237;230;66;35;39;47;21;2;14;0;2;4;0;0;39;1;28.7;15.22;16.96;20.43;9.13;0.87;6.09;0;0.87;1.74;0;0;14.13;0.43
03228;03;Saint-Eloy-d'Allier;55;47;45;16;4;8;14;1;1;0;1;0;0;0;0;8;0;35.56;8.89;17.78;31.11;2.22;2.22;0;2.22;0;0;0;0;14.55;0
03229;03;Saint-Ennemond;484;388;371;110;57;75;79;7;8;16;5;7;7;0;0;96;8;29.65;15.36;20.22;21.29;1.89;2.16;4.31;1.35;1.89;1.89;0;0;19.83;2.16
03230;03;Saint-Etienne-de-Vicq;380;332;314;94;54;66;47;14;9;18;5;1;5;1;0;48;4;29.94;17.2;21.02;14.97;4.46;2.87;5.73;1.59;0.32;1.59;0.32;0;12.63;1.27
03231;03;Saint-Fargeol;165;131;120;20;14;34;35;5;4;8;0;0;0;0;0;34;4;16.67;11.67;28.33;29.17;4.17;3.33;6.67;0;0;0;0;0;20.61;3.33
03232;03;Saint-Félix;267;229;222;51;48;48;27;28;2;12;3;2;1;0;0;38;1;22.97;21.62;21.62;12.16;12.61;0.9;5.41;1.35;0.9;0.45;0;0;14.23;0.45
03233;03;Saint-Genest;286;242;232;63;47;57;38;8;4;8;2;3;2;0;0;44;1;27.16;20.26;24.57;16.38;3.45;1.72;3.45;0.86;1.29;0.86;0;0;15.38;0.43
03234;03;Saint-Gérand-de-Vaux;342;282;275;68;33;59;62;22;12;13;3;2;1;0;0;60;4;24.73;12;21.45;22.55;8;4.36;4.73;1.09;0.73;0.36;0;0;17.54;1.45
03235;03;Saint-Gérand-le-Puy;673;528;510;152;91;102;95;22;6;23;7;6;3;3;0;145;8;29.8;17.84;20;18.63;4.31;1.18;4.51;1.37;1.18;0.59;0.59;0;21.55;1.57
03236;03;Saint-Germain-des-Fossés;2584;2070;2002;528;386;452;326;112;30;93;17;30;19;9;0;514;24;26.37;19.28;22.58;16.28;5.59;1.5;4.65;0.85;1.5;0.95;0.45;0;19.89;1.2
03237;03;Saint-Germain-de-Salles;338;295;282;78;51;65;35;17;6;22;3;1;2;2;0;43;6;27.66;18.09;23.05;12.41;6.03;2.13;7.8;1.06;0.35;0.71;0.71;0;12.72;2.13
03238;03;Saint-Hilaire;371;280;273;71;84;48;46;5;3;10;0;2;2;2;0;91;3;26.01;30.77;17.58;16.85;1.83;1.1;3.66;0;0.73;0.73;0.73;0;24.53;1.1
03239;03;Saint-Léger-sur-Vouzance;210;169;161;30;32;44;28;9;4;7;1;1;4;1;0;41;1;18.63;19.88;27.33;17.39;5.59;2.48;4.35;0.62;0.62;2.48;0.62;0;19.52;0.62
03240;03;Saint-Léon;468;379;364;98;75;72;68;13;5;16;5;6;5;1;0;89;3;26.92;20.6;19.78;18.68;3.57;1.37;4.4;1.37;1.65;1.37;0.27;0;19.02;0.82
03241;03;Saint-Léopardin-d'Augy;283;238;227;60;55;40;47;8;5;8;0;2;1;1;0;45;10;26.43;24.23;17.62;20.7;3.52;2.2;3.52;0;0.88;0.44;0.44;0;15.9;4.41
03242;03;Saint-Loup;468;393;383;144;55;74;67;15;4;16;0;7;1;0;0;75;2;37.6;14.36;19.32;17.49;3.92;1.04;4.18;0;1.83;0.26;0;0;16.03;0.52
03243;03;Saint-Marcel-en-Murat;124;118;115;24;29;19;29;2;3;2;2;2;3;0;0;6;2;20.87;25.22;16.52;25.22;1.74;2.61;1.74;1.74;1.74;2.61;0;0;4.84;1.74
03244;03;Saint-Marcel-en-Marcillat;134;114;111;30;3;25;30;8;8;5;0;1;1;0;0;20;1;27.03;2.7;22.52;27.03;7.21;7.21;4.5;0;0.9;0.9;0;0;14.93;0.9
03245;03;Saint-Martin-des-Lais;100;87;86;14;7;21;33;1;3;6;0;0;1;0;0;13;0;16.28;8.14;24.42;38.37;1.16;3.49;6.98;0;0;1.16;0;0;13;0
03246;03;Saint-Martinien;462;366;359;102;81;52;60;17;10;26;1;6;4;0;0;96;3;28.41;22.56;14.48;16.71;4.74;2.79;7.24;0.28;1.67;1.11;0;0;20.78;0.84
03247;03;Saint-Menoux;792;665;644;100;239;141;54;31;7;54;8;5;5;0;0;127;18;15.53;37.11;21.89;8.39;4.81;1.09;8.39;1.24;0.78;0.78;0;0;16.04;2.8
03248;03;Saint-Nicolas-des-Biefs;161;136;132;41;23;35;18;2;3;7;0;3;0;0;0;25;1;31.06;17.42;26.52;13.64;1.52;2.27;5.3;0;2.27;0;0;0;15.53;0.76
03249;03;Saint-Palais;144;121;119;33;26;22;23;5;1;6;0;0;2;1;0;23;0;27.73;21.85;18.49;19.33;4.2;0.84;5.04;0;0;1.68;0.84;0;15.97;0
03250;03;Saint-Pierre-Laval;282;239;236;51;29;59;49;16;10;14;5;1;2;0;0;43;0;21.61;12.29;25;20.76;6.78;4.24;5.93;2.12;0.42;0.85;0;0;15.25;0
03251;03;Saint-Plaisir;316;281;270;68;71;43;46;13;2;16;2;4;3;2;0;35;6;25.19;26.3;15.93;17.04;4.81;0.74;5.93;0.74;1.48;1.11;0.74;0;11.08;2.22
03252;03;Saint-Pont;465;381;371;85;66;81;72;22;3;28;3;5;3;3;0;84;1;22.91;17.79;21.83;19.41;5.93;0.81;7.55;0.81;1.35;0.81;0.81;0;18.06;0.27
03253;03;Saint-Pourçain-sur-Besbre;318;253;240;56;33;71;44;7;2;10;7;4;4;2;0;65;5;23.33;13.75;29.58;18.33;2.92;0.83;4.17;2.92;1.67;1.67;0.83;0;20.44;2.08
03254;03;Saint-Pourçain-sur-Sioule;3790;2846;2755;644;456;654;614;142;35;139;19;31;18;3;0;944;22;23.38;16.55;23.74;22.29;5.15;1.27;5.05;0.69;1.13;0.65;0.11;0;24.91;0.8
03255;03;Saint-Priest-d'Andelot;117;102;98;30;19;17;12;4;1;9;3;3;0;0;0;15;1;30.61;19.39;17.35;12.24;4.08;1.02;9.18;3.06;3.06;0;0;0;12.82;1.02
03256;03;Saint-Priest-en-Murat;165;139;131;22;23;31;35;7;5;3;3;0;2;0;0;26;3;16.79;17.56;23.66;26.72;5.34;3.82;2.29;2.29;0;1.53;0;0;15.76;2.29
03257;03;Saint-Prix;649;558;532;169;79;102;101;23;16;32;1;5;2;2;0;91;4;31.77;14.85;19.17;18.98;4.32;3.01;6.02;0.19;0.94;0.38;0.38;0;14.02;0.75
03258;03;Saint-Rémy-en-Rollat;1343;1114;1078;285;166;266;194;77;18;37;17;11;6;1;0;229;15;26.44;15.4;24.68;18;7.14;1.67;3.43;1.58;1.02;0.56;0.09;0;17.05;1.39
03259;03;Saint-Sauvier;283;201;195;59;47;29;32;14;1;7;2;0;4;0;0;82;5;30.26;24.1;14.87;16.41;7.18;0.51;3.59;1.03;0;2.05;0;0;28.98;2.56
03260;03;Saint-Sornin;183;140;136;37;45;22;21;4;1;2;1;0;3;0;0;43;1;27.21;33.09;16.18;15.44;2.94;0.74;1.47;0.74;0;2.21;0;0;23.5;0.74
03261;03;Sainte-Thérence;157;132;127;22;28;31;22;10;3;5;4;2;0;0;0;25;2;17.32;22.05;24.41;17.32;7.87;2.36;3.94;3.15;1.57;0;0;0;15.92;1.57
03262;03;Saint-Victor;1647;1373;1333;319;247;326;263;71;19;53;10;13;12;0;0;274;12;23.93;18.53;24.46;19.73;5.33;1.43;3.98;0.75;0.98;0.9;0;0;16.64;0.9
03263;03;Saint-Voir;140;105;100;25;16;13;24;9;1;7;1;3;0;1;0;35;1;25;16;13;24;9;1;7;1;3;0;1;0;25;1
03264;03;Saint-Yorre;2114;1571;1509;347;370;360;180;87;27;81;16;22;16;3;0;543;27;23;24.52;23.86;11.93;5.77;1.79;5.37;1.06;1.46;1.06;0.2;0;25.69;1.79
03265;03;Saligny-sur-Roudon;578;460;438;90;62;105;113;24;8;19;5;4;6;2;0;118;5;20.55;14.16;23.97;25.8;5.48;1.83;4.34;1.14;0.91;1.37;0.46;0;20.42;1.14
03266;03;Sanssat;198;168;164;49;26;34;22;11;3;12;0;2;3;2;0;30;2;29.88;15.85;20.73;13.41;6.71;1.83;7.32;0;1.22;1.83;1.22;0;15.15;1.22
03267;03;Saulcet;570;470;455;118;80;105;84;29;5;23;1;4;6;0;0;100;1;25.93;17.58;23.08;18.46;6.37;1.1;5.05;0.22;0.88;1.32;0;0;17.54;0.22
03268;03;Saulzet;290;237;227;61;35;64;37;16;2;4;1;6;1;0;0;53;5;26.87;15.42;28.19;16.3;7.05;0.88;1.76;0.44;2.64;0.44;0;0;18.28;2.2
03269;03;Sauvagny;79;70;68;16;6;11;28;3;1;1;0;1;0;1;0;9;0;23.53;8.82;16.18;41.18;4.41;1.47;1.47;0;1.47;0;1.47;0;11.39;0
03270;03;Sazeret;118;99;94;18;13;23;25;11;2;0;1;0;0;1;0;19;5;19.15;13.83;24.47;26.6;11.7;2.13;0;1.06;0;0;1.06;0;16.1;5.32
03271;03;Serbannes;635;545;525;126;67;151;110;21;9;33;3;5;0;0;0;90;5;24;12.76;28.76;20.95;4;1.71;6.29;0.57;0.95;0;0;0;14.17;0.95
03272;03;Servilly;222;192;187;61;35;37;33;5;2;13;0;1;0;0;0;30;1;32.62;18.72;19.79;17.65;2.67;1.07;6.95;0;0.53;0;0;0;13.51;0.53
03273;03;Seuillet;386;332;318;80;64;81;30;23;10;18;1;7;3;1;0;54;1;25.16;20.13;25.47;9.43;7.23;3.14;5.66;0.31;2.2;0.94;0.31;0;13.99;0.31
03274;03;Sorbier;240;188;177;42;39;33;31;12;3;10;2;3;2;0;0;52;1;23.73;22.03;18.64;17.51;6.78;1.69;5.65;1.13;1.69;1.13;0;0;21.67;0.56
03275;03;Souvigny;1385;1164;1128;260;226;242;209;57;23;78;5;14;11;3;0;221;11;23.05;20.04;21.45;18.53;5.05;2.04;6.91;0.44;1.24;0.98;0.27;0;15.96;0.98
03276;03;Sussat;99;80;79;20;20;18;10;4;0;3;1;3;0;0;0;19;1;25.32;25.32;22.78;12.66;5.06;0;3.8;1.27;3.8;0;0;0;19.19;1.27
03277;03;Target;225;189;180;33;40;27;49;8;6;10;2;2;2;1;0;36;0;18.33;22.22;15;27.22;4.44;3.33;5.56;1.11;1.11;1.11;0.56;0;16;0
03278;03;Taxat-Senat;173;153;146;13;27;31;54;7;2;5;1;3;3;0;0;20;2;8.9;18.49;21.23;36.99;4.79;1.37;3.42;0.68;2.05;2.05;0;0;11.56;1.37
03279;03;Teillet-Argenty;435;360;348;110;77;65;57;13;5;14;1;6;0;0;0;75;4;31.61;22.13;18.68;16.38;3.74;1.44;4.02;0.29;1.72;0;0;0;17.24;1.15
03280;03;Terjat;178;150;143;35;29;32;27;6;4;6;1;2;1;0;0;28;2;24.48;20.28;22.38;18.88;4.2;2.8;4.2;0.7;1.4;0.7;0;0;15.73;1.4
03281;03;Le Theil;318;258;248;53;37;66;58;15;5;8;2;3;1;0;0;60;2;21.37;14.92;26.61;23.39;6.05;2.02;3.23;0.81;1.21;0.4;0;0;18.87;0.81
03282;03;Theneuille;307;264;254;37;90;40;58;7;4;9;3;5;0;1;0;43;1;14.57;35.43;15.75;22.83;2.76;1.57;3.54;1.18;1.97;0;0.39;0;14.01;0.39
03283;03;Thiel-sur-Acolin;848;670;643;138;136;145;109;37;6;45;9;6;11;1;0;178;10;21.46;21.15;22.55;16.95;5.75;0.93;7;1.4;0.93;1.71;0.16;0;20.99;1.56
03284;03;Thionne;252;201;197;56;34;47;30;11;3;6;4;1;5;0;0;51;2;28.43;17.26;23.86;15.23;5.58;1.52;3.05;2.03;0.51;2.54;0;0;20.24;1.02
03285;03;Tortezais;147;135;126;23;21;28;30;7;1;10;3;2;1;0;0;12;2;18.25;16.67;22.22;23.81;5.56;0.79;7.94;2.38;1.59;0.79;0;0;8.16;1.59
03286;03;Toulon-sur-Allier;918;774;750;134;141;205;164;53;9;29;4;7;3;1;0;144;21;17.87;18.8;27.33;21.87;7.07;1.2;3.87;0.53;0.93;0.4;0.13;0;15.69;2.8
03287;03;Treban;282;223;214;55;39;50;39;13;7;6;1;4;0;0;0;59;1;25.7;18.22;23.36;18.22;6.07;3.27;2.8;0.47;1.87;0;0;0;20.92;0.47
03288;03;Treignat;372;287;278;74;61;52;50;11;9;11;4;5;1;0;0;85;2;26.62;21.94;18.71;17.99;3.96;3.24;3.96;1.44;1.8;0.36;0;0;22.85;0.72
03289;03;Treteau;391;330;321;115;44;52;62;24;7;13;1;1;0;2;0;61;3;35.83;13.71;16.2;19.31;7.48;2.18;4.05;0.31;0.31;0;0.62;0;15.6;0.93
03290;03;Trévol;1185;999;970;169;202;313;137;49;9;64;8;11;8;0;0;186;26;17.42;20.82;32.27;14.12;5.05;0.93;6.6;0.82;1.13;0.82;0;0;15.7;2.68
03291;03;Trézelles;320;277;258;69;53;38;68;10;4;10;1;1;3;1;0;43;7;26.74;20.54;14.73;26.36;3.88;1.55;3.88;0.39;0.39;1.16;0.39;0;13.44;2.71
03292;03;Tronget;686;561;529;87;183;112;78;21;11;28;1;5;3;0;0;125;12;16.45;34.59;21.17;14.74;3.97;2.08;5.29;0.19;0.95;0.57;0;0;18.22;2.27
03293;03;Urçay;208;161;158;62;19;27;35;4;2;7;2;0;0;0;0;47;0;39.24;12.03;17.09;22.15;2.53;1.27;4.43;1.27;0;0;0;0;22.6;0
03294;03;Ussel-d'Allier;140;118;115;23;18;28;27;4;1;8;3;2;0;1;0;22;1;20;15.65;24.35;23.48;3.48;0.87;6.96;2.61;1.74;0;0.87;0;15.71;0.87
03295;03;Valignat;70;62;62;17;4;20;9;1;0;8;0;2;1;0;0;8;0;27.42;6.45;32.26;14.52;1.61;0;12.9;0;3.23;1.61;0;0;11.43;0
03296;03;Valigny;318;248;239;84;33;38;47;14;1;10;3;8;1;0;0;70;2;35.15;13.81;15.9;19.67;5.86;0.42;4.18;1.26;3.35;0.42;0;0;22.01;0.84
03297;03;Vallon-en-Sully;1232;1022;984;256;184;221;173;51;15;59;3;15;5;2;0;210;18;26.02;18.7;22.46;17.58;5.18;1.52;6;0.3;1.52;0.51;0.2;0;17.05;1.83
03298;03;Varennes-sur-Allier;2667;2096;2031;541;344;463;359;123;30;109;17;23;19;3;0;571;20;26.64;16.94;22.8;17.68;6.06;1.48;5.37;0.84;1.13;0.94;0.15;0;21.41;0.98
03299;03;Varennes-sur-Tèche;174;147;140;49;20;29;18;8;5;6;3;2;0;0;0;27;1;35;14.29;20.71;12.86;5.71;3.57;4.29;2.14;1.43;0;0;0;15.52;0.71
03300;03;Vaumas;404;322;311;71;61;64;58;13;2;29;0;6;7;0;0;82;7;22.83;19.61;20.58;18.65;4.18;0.64;9.32;0;1.93;2.25;0;0;20.3;2.25
03301;03;Vaux;887;738;706;230;159;143;73;31;14;39;3;7;7;0;0;149;9;32.58;22.52;20.25;10.34;4.39;1.98;5.52;0.42;0.99;0.99;0;0;16.8;1.27
03302;03;Veauce;50;39;39;9;2;14;7;4;2;0;0;1;0;0;0;11;0;23.08;5.13;35.9;17.95;10.26;5.13;0;0;2.56;0;0;0;22;0
03303;03;Venas;192;167;158;28;41;24;30;11;4;13;0;5;1;1;0;25;4;17.72;25.95;15.19;18.99;6.96;2.53;8.23;0;3.16;0.63;0.63;0;13.02;2.53
03304;03;Vendat;1752;1510;1450;323;219;405;268;96;28;85;5;11;8;2;0;242;11;22.28;15.1;27.93;18.48;6.62;1.93;5.86;0.34;0.76;0.55;0.14;0;13.81;0.76
03305;03;Verneix;442;371;349;103;77;62;56;18;3;17;1;8;4;0;0;71;5;29.51;22.06;17.77;16.05;5.16;0.86;4.87;0.29;2.29;1.15;0;0;16.06;1.43
03306;03;Le Vernet;1503;1236;1193;228;240;338;220;70;19;61;1;9;4;3;0;267;14;19.11;20.12;28.33;18.44;5.87;1.59;5.11;0.08;0.75;0.34;0.25;0;17.76;1.17
03307;03;Verneuil-en-Bourbonnais;195;169;165;23;44;49;26;10;3;6;0;0;4;0;0;26;1;13.94;26.67;29.7;15.76;6.06;1.82;3.64;0;0;2.42;0;0;13.33;0.61
03308;03;Vernusse;111;96;93;18;20;17;13;13;4;7;0;0;1;0;0;15;1;19.35;21.51;18.28;13.98;13.98;4.3;7.53;0;0;1.08;0;0;13.51;1.08
03309;03;Le Veurdre;379;294;284;63;50;49;71;18;3;25;0;3;2;0;0;85;1;22.18;17.61;17.25;25;6.34;1.06;8.8;0;1.06;0.7;0;0;22.43;0.35
03310;03;Vichy;17582;12704;12392;2189;1825;3287;3487;543;140;649;101;102;51;18;0;4878;100;17.66;14.73;26.53;28.14;4.38;1.13;5.24;0.82;0.82;0.41;0.15;0;27.74;0.81
03311;03;Vicq;286;232;222;41;45;33;64;7;7;14;2;3;0;6;0;54;0;18.47;20.27;14.86;28.83;3.15;3.15;6.31;0.9;1.35;0;2.7;0;18.88;0
03312;03;Vieure;196;165;163;29;59;34;17;3;1;10;1;5;4;0;0;31;2;17.79;36.2;20.86;10.43;1.84;0.61;6.13;0.61;3.07;2.45;0;0;15.82;1.23
03313;03;Le Vilhain;205;175;169;39;45;30;37;3;2;5;2;3;3;0;0;30;2;23.08;26.63;17.75;21.89;1.78;1.18;2.96;1.18;1.78;1.78;0;0;14.63;1.18
03314;03;Villebret;1037;858;836;175;167;217;136;52;16;48;2;11;9;3;0;179;0;20.93;19.98;25.96;16.27;6.22;1.91;5.74;0.24;1.32;1.08;0.36;0;17.26;0
03315;03;Villefranche-d'Allier;938;756;727;190;154;132;134;49;10;28;7;11;9;3;0;182;14;26.13;21.18;18.16;18.43;6.74;1.38;3.85;0.96;1.51;1.24;0.41;0;19.4;1.93
03316;03;Villeneuve-sur-Allier;727;581;561;155;98;116;107;39;2;26;1;7;8;2;0;146;7;27.63;17.47;20.68;19.07;6.95;0.36;4.63;0.18;1.25;1.43;0.36;0;20.08;1.25
03317;03;Viplaix;280;211;205;59;42;40;42;11;2;5;2;2;0;0;0;69;1;28.78;20.49;19.51;20.49;5.37;0.98;2.44;0.98;0.98;0;0;0;24.64;0.49
03319;03;Voussac;348;288;275;61;59;36;66;17;4;18;1;7;5;1;0;60;5;22.18;21.45;13.09;24;6.18;1.45;6.55;0.36;2.55;1.82;0.36;0;17.24;1.82
03320;03;Ygrande;591;496;475;96;168;77;72;27;3;19;0;4;6;3;0;95;7;20.21;35.37;16.21;15.16;5.68;0.63;4;0;0.84;1.26;0.63;0;16.07;1.47
03321;03;Yzeure;9636;7720;7482;1264;1706;2153;1157;299;72;641;37;77;68;8;0;1916;81;16.89;22.8;28.78;15.46;4;0.96;8.57;0.49;1.03;0.91;0.11;0;19.88;1.08