insee;dep;nom;nb_inscrits;nb_votants;nb_exprimes;nb_voix1;nb_voix2;nb_voix3;nb_voix4;nb_voix5;nb_voix6;nb_voix7;nb_voix8;nb_voix9;nb_voix10;nb_voix11;nb_voix12;nb_voix13;nb_voix14;voix_1;voix_2;voix_3;voix_4;voix_5;voix_6;voix_7;voix_8;voix_9;voix_10;voix_11;voix_12;voix_13;voix_14
10002;10;Ailleville;206;164;163;54;32;30;35;4;1;2;0;2;3;0;0;42;1;33.13;19.63;18.4;21.47;2.45;0.61;1.23;0;1.23;1.84;0;0;20.39;0.61
10003;10;Aix-Villemaur-Pâlis;2560;2111;2064;657;285;419;433;131;19;65;12;21;18;4;0;449;16;31.83;13.81;20.3;20.98;6.35;0.92;3.15;0.58;1.02;0.87;0.19;0;17.54;0.78
10004;10;Allibaudières;168;124;122;55;9;5;39;8;0;2;3;1;0;0;0;44;1;45.08;7.38;4.1;31.97;6.56;0;1.64;2.46;0.82;0;0;0;26.19;0.82
10005;10;Amance;218;180;169;62;12;32;41;11;2;5;2;0;2;0;0;38;2;36.69;7.1;18.93;24.26;6.51;1.18;2.96;1.18;0;1.18;0;0;17.43;1.18
10006;10;Arcis-sur-Aube;1873;1465;1436;503;185;244;322;78;8;61;8;13;14;0;0;408;6;35.03;12.88;16.99;22.42;5.43;0.56;4.25;0.56;0.91;0.97;0;0;21.78;0.42
10007;10;Arconville;96;75;74;29;5;13;18;6;0;2;0;1;0;0;0;21;0;39.19;6.76;17.57;24.32;8.11;0;2.7;0;1.35;0;0;0;21.88;0
10008;10;Argançon;97;73;71;23;5;11;22;6;1;2;1;0;0;0;0;24;0;32.39;7.04;15.49;30.99;8.45;1.41;2.82;1.41;0;0;0;0;24.74;0
10009;10;Arrelles;85;71;70;18;10;1;31;7;2;1;0;0;0;0;0;14;0;25.71;14.29;1.43;44.29;10;2.86;1.43;0;0;0;0;0;16.47;0
10010;10;Arrembécourt;41;35;33;9;3;1;16;3;0;1;0;0;0;0;0;6;2;27.27;9.09;3.03;48.48;9.09;0;3.03;0;0;0;0;0;14.63;6.06
10011;10;Arrentières;177;146;144;44;7;18;53;16;0;3;1;0;1;1;0;31;0;30.56;4.86;12.5;36.81;11.11;0;2.08;0.69;0;0.69;0.69;0;17.51;0
10012;10;Arsonval;231;200;193;76;23;27;48;7;1;6;2;2;1;0;0;31;0;39.38;11.92;13.99;24.87;3.63;0.52;3.11;1.04;1.04;0.52;0;0;13.42;0
10013;10;Assenay;112;95;93;29;7;25;16;5;0;10;0;0;1;0;0;17;2;31.18;7.53;26.88;17.2;5.38;0;10.75;0;0;1.08;0;0;15.18;2.15
10014;10;Assencières;139;113;110;50;3;23;22;9;1;1;0;1;0;0;0;26;1;45.45;2.73;20.91;20;8.18;0.91;0.91;0;0.91;0;0;0;18.71;0.91
10015;10;Aubeterre;232;208;208;79;26;32;40;22;1;3;1;1;2;1;0;24;0;37.98;12.5;15.38;19.23;10.58;0.48;1.44;0.48;0.48;0.96;0.48;0;10.34;0
10017;10;Aulnay;94;84;82;20;11;17;26;3;1;2;2;0;0;0;0;10;1;24.39;13.41;20.73;31.71;3.66;1.22;2.44;2.44;0;0;0;0;10.64;1.22
10018;10;Auxon;712;579;566;208;78;72;129;39;4;24;5;5;2;0;0;133;4;36.75;13.78;12.72;22.79;6.89;0.71;4.24;0.88;0.88;0.35;0;0;18.68;0.71
10019;10;Val-d'Auzon;273;234;229;71;22;37;67;20;2;3;0;2;4;1;0;39;2;31;9.61;16.16;29.26;8.73;0.87;1.31;0;0.87;1.75;0.44;0;14.29;0.87
10020;10;Avant-lès-Marcilly;358;296;291;90;44;43;80;18;1;8;5;0;2;0;0;62;2;30.93;15.12;14.78;27.49;6.19;0.34;2.75;1.72;0;0.69;0;0;17.32;0.69
10021;10;Avant-lès-Ramerupt;120;95;92;34;6;5;28;17;0;0;0;1;0;1;0;25;2;36.96;6.52;5.43;30.43;18.48;0;0;0;1.09;0;1.09;0;20.83;2.17
10022;10;Avirey-Lingey;157;126;120;37;4;9;62;5;0;1;0;1;1;0;0;31;2;30.83;3.33;7.5;51.67;4.17;0;0.83;0;0.83;0.83;0;0;19.75;1.67
10023;10;Avon-la-Pèze;147;128;127;51;16;18;18;20;1;2;0;0;1;0;0;19;0;40.16;12.6;14.17;14.17;15.75;0.79;1.57;0;0;0.79;0;0;12.93;0
10024;10;Avreuil;131;110;110;40;4;19;28;9;2;6;1;0;0;1;0;21;0;36.36;3.64;17.27;25.45;8.18;1.82;5.45;0.91;0;0;0.91;0;16.03;0
10025;10;Bagneux-la-Fosse;160;129;126;27;4;22;59;7;1;5;1;0;0;0;0;31;0;21.43;3.17;17.46;46.83;5.56;0.79;3.97;0.79;0;0;0;0;19.38;0
10026;10;Bailly-le-Franc;29;24;24;9;2;2;5;5;1;0;0;0;0;0;0;5;0;37.5;8.33;8.33;20.83;20.83;4.17;0;0;0;0;0;0;17.24;0
10027;10;Balignicourt;53;46;44;13;5;2;14;7;1;0;1;0;1;0;0;7;0;29.55;11.36;4.55;31.82;15.91;2.27;0;2.27;0;2.27;0;0;13.21;0
10028;10;Balnot-la-Grange;108;92;89;27;4;7;41;8;0;1;0;0;1;0;0;16;2;30.34;4.49;7.87;46.07;8.99;0;1.12;0;0;1.12;0;0;14.81;2.25
10029;10;Balnot-sur-Laignes;152;119;118;43;8;12;30;11;0;6;8;0;0;0;0;33;0;36.44;6.78;10.17;25.42;9.32;0;5.08;6.78;0;0;0;0;21.71;0
10030;10;Barberey-Saint-Sulpice;908;782;769;236;130;150;161;55;5;20;5;4;2;1;0;126;2;30.69;16.91;19.51;20.94;7.15;0.65;2.6;0.65;0.52;0.26;0.13;0;13.88;0.26
10031;10;Barbuise;356;289;285;102;42;45;52;19;4;9;1;2;8;1;0;67;1;35.79;14.74;15.79;18.25;6.67;1.4;3.16;0.35;0.7;2.81;0.35;0;18.82;0.35
10032;10;Baroville;293;243;239;85;22;27;70;19;5;5;2;1;2;1;0;50;1;35.56;9.21;11.3;29.29;7.95;2.09;2.09;0.84;0.42;0.84;0.42;0;17.06;0.42
10033;10;Bar-sur-Aube;3186;2356;2291;709;325;434;497;129;20;123;17;20;11;6;0;830;25;30.95;14.19;18.94;21.69;5.63;0.87;5.37;0.74;0.87;0.48;0.26;0;26.05;1.09
10034;10;Bar-sur-Seine;1813;1328;1289;379;209;252;306;47;6;51;8;17;11;3;0;485;11;29.4;16.21;19.55;23.74;3.65;0.47;3.96;0.62;1.32;0.85;0.23;0;26.75;0.85
10035;10;Bayel;584;451;442;206;55;60;67;15;6;17;5;5;4;2;0;133;2;46.61;12.44;13.57;15.16;3.39;1.36;3.85;1.13;1.13;0.9;0.45;0;22.77;0.45
10037;10;Bercenay-en-Othe;345;276;265;66;44;58;57;15;5;8;5;3;3;1;0;69;2;24.91;16.6;21.89;21.51;5.66;1.89;3.02;1.89;1.13;1.13;0.38;0;20;0.75
10038;10;Bercenay-le-Hayer;124;99;97;30;15;9;23;11;0;5;2;1;1;0;0;25;0;30.93;15.46;9.28;23.71;11.34;0;5.15;2.06;1.03;1.03;0;0;20.16;0
10039;10;Bergères;109;95;92;30;4;8;38;6;1;5;0;0;0;0;0;14;0;32.61;4.35;8.7;41.3;6.52;1.09;5.43;0;0;0;0;0;12.84;0
10040;10;Bernon;142;116;111;44;7;17;24;8;0;6;2;1;1;1;0;26;0;39.64;6.31;15.32;21.62;7.21;0;5.41;1.8;0.9;0.9;0.9;0;18.31;0
10041;10;Bertignolles;49;44;44;20;2;3;9;8;0;0;2;0;0;0;0;5;0;45.45;4.55;6.82;20.45;18.18;0;0;4.55;0;0;0;0;10.2;0
10042;10;Bérulle;202;168;166;62;16;25;44;10;2;5;0;1;1;0;0;34;0;37.35;9.64;15.06;26.51;6.02;1.2;3.01;0;0.6;0.6;0;0;16.83;0
10043;10;Bessy;95;89;88;43;5;9;24;4;0;2;0;0;1;0;0;6;0;48.86;5.68;10.23;27.27;4.55;0;2.27;0;0;1.14;0;0;6.32;0
10044;10;Bétignicourt;31;28;27;20;1;0;3;2;0;0;1;0;0;0;0;3;0;74.07;3.7;0;11.11;7.41;0;0;3.7;0;0;0;0;9.68;0
10045;10;Beurey;147;128;123;25;6;24;47;7;0;7;1;4;2;0;0;19;2;20.33;4.88;19.51;38.21;5.69;0;5.69;0.81;3.25;1.63;0;0;12.93;1.63
10046;10;Blaincourt-sur-Aube;83;69;68;18;6;19;16;4;0;5;0;0;0;0;0;14;0;26.47;8.82;27.94;23.53;5.88;0;7.35;0;0;0;0;0;16.87;0
10047;10;Blignicourt;40;34;34;14;1;2;16;0;0;0;0;0;1;0;0;6;0;41.18;2.94;5.88;47.06;0;0;0;0;0;2.94;0;0;15;0
10048;10;Bligny;155;126;122;46;12;9;33;13;0;5;2;2;0;0;0;29;0;37.7;9.84;7.38;27.05;10.66;0;4.1;1.64;1.64;0;0;0;18.71;0
10049;10;Les Bordes-Aumont;360;308;298;92;40;60;60;22;5;10;5;1;2;1;0;52;0;30.87;13.42;20.13;20.13;7.38;1.68;3.36;1.68;0.34;0.67;0.34;0;14.44;0
10050;10;Bossancourt;176;141;135;40;20;20;26;16;2;5;3;1;2;0;0;35;3;29.63;14.81;14.81;19.26;11.85;1.48;3.7;2.22;0.74;1.48;0;0;19.89;2.22
10051;10;Bouilly;761;665;656;202;104;167;91;36;3;39;4;7;3;0;0;96;1;30.79;15.85;25.46;13.87;5.49;0.46;5.95;0.61;1.07;0.46;0;0;12.61;0.15
10052;10;Boulages;173;144;141;48;8;22;39;9;2;7;4;1;1;0;0;29;1;34.04;5.67;15.6;27.66;6.38;1.42;4.96;2.84;0.71;0.71;0;0;16.76;0.71
10053;10;Bouranton;439;397;387;133;43;79;78;31;0;8;6;7;1;1;0;42;2;34.37;11.11;20.41;20.16;8.01;0;2.07;1.55;1.81;0.26;0.26;0;9.57;0.52
10054;10;Bourdenay;108;93;92;31;12;13;23;6;0;5;1;0;1;0;0;15;1;33.7;13.04;14.13;25;6.52;0;5.43;1.09;0;1.09;0;0;13.89;1.09
10055;10;Bourguignons;226;189;180;49;17;30;58;9;1;8;0;3;3;2;0;37;5;27.22;9.44;16.67;32.22;5;0.56;4.44;0;1.67;1.67;1.11;0;16.37;2.78
10056;10;Bouy-Luxembourg;165;131;129;52;11;31;22;7;0;3;1;1;1;0;0;34;1;40.31;8.53;24.03;17.05;5.43;0;2.33;0.78;0.78;0.78;0;0;20.61;0.78
10057;10;Bouy-sur-Orvin;44;33;31;12;5;2;7;5;0;0;0;0;0;0;0;11;0;38.71;16.13;6.45;22.58;16.13;0;0;0;0;0;0;0;25;0
10058;10;Bragelogne-Beauvoir;214;182;178;42;14;35;60;16;2;4;4;1;0;0;0;32;2;23.6;7.87;19.66;33.71;8.99;1.12;2.25;2.25;0.56;0;0;0;14.95;1.12
10059;10;Braux;100;69;67;23;4;12;18;6;0;4;0;0;0;0;0;31;0;34.33;5.97;17.91;26.87;8.96;0;5.97;0;0;0;0;0;31;0
10060;10;Bréviandes;1655;1412;1389;380;189;338;316;85;13;42;11;9;5;1;0;243;5;27.36;13.61;24.33;22.75;6.12;0.94;3.02;0.79;0.65;0.36;0.07;0;14.68;0.36
10061;10;Brévonnes;497;411;403;160;44;61;60;47;1;22;0;3;5;0;0;86;2;39.7;10.92;15.14;14.89;11.66;0.25;5.46;0;0.74;1.24;0;0;17.3;0.5
10062;10;Briel-sur-Barse;157;141;139;57;10;20;36;13;1;1;1;0;0;0;0;16;2;41.01;7.19;14.39;25.9;9.35;0.72;0.72;0.72;0;0;0;0;10.19;1.44
10063;10;Brienne-la-Vieille;316;277;270;95;31;55;57;17;1;10;0;1;2;1;0;39;0;35.19;11.48;20.37;21.11;6.3;0.37;3.7;0;0.37;0.74;0.37;0;12.34;0
10064;10;Brienne-le-Château;1933;1480;1443;491;169;248;308;110;12;58;13;17;15;2;0;453;9;34.03;11.71;17.19;21.34;7.62;0.83;4.02;0.9;1.18;1.04;0.14;0;23.44;0.62
10065;10;Brillecourt;74;65;64;25;5;10;16;3;0;3;1;0;1;0;0;9;0;39.06;7.81;15.63;25;4.69;0;4.69;1.56;0;1.56;0;0;12.16;0
10066;10;Bucey-en-Othe;345;298;287;57;40;62;81;26;1;14;1;3;1;1;0;47;2;19.86;13.94;21.6;28.22;9.06;0.35;4.88;0.35;1.05;0.35;0.35;0;13.62;0.7
10067;10;Buchères;1272;1034;1012;324;105;212;263;60;4;28;6;3;7;0;0;238;6;32.02;10.38;20.95;25.99;5.93;0.4;2.77;0.59;0.3;0.69;0;0;18.71;0.59
10068;10;Buxeuil;123;106;104;33;5;9;40;11;5;0;0;1;0;0;0;17;1;31.73;4.81;8.65;38.46;10.58;4.81;0;0;0.96;0;0;0;13.82;0.96
10069;10;Buxières-sur-Arce;112;83;82;25;2;8;28;10;0;6;2;0;1;0;0;29;0;30.49;2.44;9.76;34.15;12.2;0;7.32;2.44;0;1.22;0;0;25.89;0
10070;10;Celles-sur-Ource;413;367;359;82;23;58;156;23;1;12;0;4;0;0;0;46;2;22.84;6.41;16.16;43.45;6.41;0.28;3.34;0;1.11;0;0;0;11.14;0.56
10071;10;Chacenay;47;39;38;6;6;13;8;3;0;1;0;1;0;0;0;8;1;15.79;15.79;34.21;21.05;7.89;0;2.63;0;2.63;0;0;0;17.02;2.63
10072;10;La Chaise;38;28;26;10;8;2;3;1;0;0;2;0;0;0;0;10;0;38.46;30.77;7.69;11.54;3.85;0;0;7.69;0;0;0;0;26.32;0
10073;10;Chalette-sur-Voire;95;90;86;38;11;9;19;3;1;1;1;1;2;0;0;5;2;44.19;12.79;10.47;22.09;3.49;1.16;1.16;1.16;1.16;2.33;0;0;5.26;2.33
10074;10;Chamoy;389;328;325;118;43;61;66;15;2;11;5;1;0;3;0;61;1;36.31;13.23;18.77;20.31;4.62;0.62;3.38;1.54;0.31;0;0.92;0;15.68;0.31
10075;10;Champfleury;85;69;69;27;4;7;17;5;2;3;1;3;0;0;0;16;0;39.13;5.8;10.14;24.64;7.25;2.9;4.35;1.45;4.35;0;0;0;18.82;0
10076;10;Champignol-lez-Mondeville;254;211;207;79;22;26;64;7;0;3;0;4;2;0;0;43;3;38.16;10.63;12.56;30.92;3.38;0;1.45;0;1.93;0.97;0;0;16.93;1.45
10077;10;Champigny-sur-Aube;71;59;58;13;4;8;23;5;0;5;0;0;0;0;0;12;0;22.41;6.9;13.79;39.66;8.62;0;8.62;0;0;0;0;0;16.9;0
10078;10;Champ-sur-Barse;25;24;24;8;0;4;9;2;0;0;0;1;0;0;0;1;0;33.33;0;16.67;37.5;8.33;0;0;0;4.17;0;0;0;4;0
10079;10;Channes;112;85;81;22;0;3;48;4;0;3;0;1;0;0;0;27;1;27.16;0;3.7;59.26;4.94;0;3.7;0;1.23;0;0;0;24.11;1.23
10080;10;Chaource;782;604;594;231;76;72;159;23;11;13;4;3;1;1;0;178;4;38.89;12.79;12.12;26.77;3.87;1.85;2.19;0.67;0.51;0.17;0.17;0;22.76;0.67
10081;10;La Chapelle-Saint-Luc;6111;4502;4370;1140;974;922;688;182;32;288;50;52;37;5;0;1609;57;26.09;22.29;21.1;15.74;4.16;0.73;6.59;1.14;1.19;0.85;0.11;0;26.33;1.3
10082;10;Chapelle-Vallon;167;139;135;63;9;22;26;10;0;2;1;1;1;0;0;28;2;46.67;6.67;16.3;19.26;7.41;0;1.48;0.74;0.74;0.74;0;0;16.77;1.48
10083;10;Chappes;253;212;207;63;16;41;61;12;0;7;3;2;1;1;0;41;5;30.43;7.73;19.81;29.47;5.8;0;3.38;1.45;0.97;0.48;0.48;0;16.21;2.42
10084;10;Charmont-sous-Barbuise;787;672;662;193;92;146;141;51;8;13;7;5;3;3;0;115;1;29.15;13.9;22.05;21.3;7.7;1.21;1.96;1.06;0.76;0.45;0.45;0;14.61;0.15
10085;10;Charmoy;48;42;40;6;5;8;17;2;0;1;0;0;1;0;0;6;0;15;12.5;20;42.5;5;0;2.5;0;0;2.5;0;0;12.5;0
10086;10;Charny-le-Bachot;183;159;154;48;11;19;56;12;0;5;0;1;1;1;0;24;1;31.17;7.14;12.34;36.36;7.79;0;3.25;0;0.65;0.65;0.65;0;13.11;0.65
10087;10;Chaserey;45;43;43;21;5;1;9;2;0;4;0;1;0;0;0;2;0;48.84;11.63;2.33;20.93;4.65;0;9.3;0;2.33;0;0;0;4.44;0
10089;10;Châtres;512;421;407;148;55;66;77;29;1;18;0;7;5;1;0;91;4;36.36;13.51;16.22;18.92;7.13;0.25;4.42;0;1.72;1.23;0.25;0;17.77;0.98
10090;10;Chauchigny;188;166;162;61;26;24;30;13;1;1;1;3;1;1;0;22;3;37.65;16.05;14.81;18.52;8.02;0.62;0.62;0.62;1.85;0.62;0.62;0;11.7;1.85
10091;10;Chaudrey;121;100;97;44;13;9;25;1;2;0;1;0;2;0;0;21;1;45.36;13.4;9.28;25.77;1.03;2.06;0;1.03;0;2.06;0;0;17.36;1.03
10092;10;Chauffour-lès-Bailly;93;84;81;34;11;7;19;6;2;1;0;0;1;0;0;9;0;41.98;13.58;8.64;23.46;7.41;2.47;1.23;0;0;1.23;0;0;9.68;0
10093;10;Chaumesnil;79;70;69;33;1;2;29;3;0;0;0;0;0;1;0;9;0;47.83;1.45;2.9;42.03;4.35;0;0;0;0;0;1.45;0;11.39;0
10094;10;Chavanges;481;398;389;179;23;58;95;10;2;12;2;7;1;0;0;83;3;46.02;5.91;14.91;24.42;2.57;0.51;3.08;0.51;1.8;0.26;0;0;17.26;0.77
10095;10;Le Chêne;242;194;194;79;13;21;57;14;2;1;3;2;2;0;0;48;0;40.72;6.7;10.82;29.38;7.22;1.03;0.52;1.55;1.03;1.03;0;0;19.83;0
10096;10;Chennegy;365;322;318;107;38;56;69;17;3;14;5;4;2;3;0;43;0;33.65;11.95;17.61;21.7;5.35;0.94;4.4;1.57;1.26;0.63;0.94;0;11.78;0
10097;10;Chervey;148;138;133;38;6;24;53;3;1;4;4;0;0;0;0;10;1;28.57;4.51;18.05;39.85;2.26;0.75;3.01;3.01;0;0;0;0;6.76;0.75
10098;10;Chesley;261;216;211;68;28;25;64;13;0;5;4;0;3;1;0;45;0;32.23;13.27;11.85;30.33;6.16;0;2.37;1.9;0;1.42;0.47;0;17.24;0
10099;10;Chessy-les-Prés;382;317;307;108;41;50;69;20;2;7;4;3;2;1;0;65;1;35.18;13.36;16.29;22.48;6.51;0.65;2.28;1.3;0.98;0.65;0.33;0;17.02;0.33
10100;10;Clérey;845;701;692;283;76;133;134;38;1;15;1;2;5;4;0;144;5;40.9;10.98;19.22;19.36;5.49;0.14;2.17;0.14;0.29;0.72;0.58;0;17.04;0.72
10101;10;Coclois;117;94;91;40;8;7;32;2;2;0;0;0;0;0;0;23;2;43.96;8.79;7.69;35.16;2.2;2.2;0;0;0;0;0;0;19.66;2.2
10102;10;Colombé-la-Fosse;165;125;120;43;7;15;39;6;5;0;1;2;1;1;0;40;0;35.83;5.83;12.5;32.5;5;4.17;0;0.83;1.67;0.83;0.83;0;24.24;0
10103;10;Colombé-le-Sec;120;107;106;28;8;14;38;14;2;0;0;1;0;1;0;13;0;26.42;7.55;13.21;35.85;13.21;1.89;0;0;0.94;0;0.94;0;10.83;0
10104;10;Cormost;250;208;203;77;18;33;51;19;3;2;0;0;0;0;0;42;1;37.93;8.87;16.26;25.12;9.36;1.48;0.99;0;0;0;0;0;16.8;0.49
10105;10;Courcelles-sur-Voire;26;22;21;10;1;2;5;2;1;0;0;0;0;0;0;4;0;47.62;4.76;9.52;23.81;9.52;4.76;0;0;0;0;0;0;15.38;0
10106;10;Courceroy;89;77;75;22;5;10;32;2;1;2;0;0;1;0;0;12;1;29.33;6.67;13.33;42.67;2.67;1.33;2.67;0;0;1.33;0;0;13.48;1.33
10107;10;Coursan-en-Othe;91;75;75;25;9;17;18;2;0;1;2;0;1;0;0;16;0;33.33;12;22.67;24;2.67;0;1.33;2.67;0;1.33;0;0;17.58;0
10108;10;Courtaoult;61;52;51;19;3;8;11;4;0;3;0;2;0;1;0;9;1;37.25;5.88;15.69;21.57;7.84;0;5.88;0;3.92;0;1.96;0;14.75;1.96
10109;10;Courtenot;216;182;176;59;15;37;26;24;0;8;3;3;0;1;0;34;2;33.52;8.52;21.02;14.77;13.64;0;4.55;1.7;1.7;0;0.57;0;15.74;1.14
10110;10;Courteranges;440;386;380;132;68;68;57;21;2;22;5;2;3;0;0;54;1;34.74;17.89;17.89;15;5.53;0.53;5.79;1.32;0.53;0.79;0;0;12.27;0.26
10111;10;Courteron;113;88;88;28;6;24;18;8;0;3;0;1;0;0;0;25;0;31.82;6.82;27.27;20.45;9.09;0;3.41;0;1.14;0;0;0;22.12;0
10112;10;Coussegrey;137;119;118;42;21;23;20;6;1;1;1;0;3;0;0;18;0;35.59;17.8;19.49;16.95;5.08;0.85;0.85;0.85;0;2.54;0;0;13.14;0
10113;10;Couvignon;176;149;146;60;16;22;32;13;1;2;0;0;0;0;0;27;1;41.1;10.96;15.07;21.92;8.9;0.68;1.37;0;0;0;0;0;15.34;0.68
10114;10;Crancey;546;432;422;170;60;79;68;21;0;10;7;5;2;0;0;114;1;40.28;14.22;18.72;16.11;4.98;0;2.37;1.66;1.18;0.47;0;0;20.88;0.24
10115;10;Creney-près-Troyes;1391;1213;1194;337;147;234;310;83;10;48;8;7;8;2;0;178;1;28.22;12.31;19.6;25.96;6.95;0.84;4.02;0.67;0.59;0.67;0.17;0;12.8;0.08
10116;10;Crésantignes;256;226;224;71;28;42;54;16;0;7;4;1;1;0;0;30;0;31.7;12.5;18.75;24.11;7.14;0;3.13;1.79;0.45;0.45;0;0;11.72;0
10117;10;Crespy-le-Neuf;98;85;81;38;4;16;13;7;2;1;0;0;0;0;0;13;2;46.91;4.94;19.75;16.05;8.64;2.47;1.23;0;0;0;0;0;13.27;2.47
10118;10;Les Croûtes;83;75;73;32;8;4;18;7;0;2;2;0;0;0;0;8;0;43.84;10.96;5.48;24.66;9.59;0;2.74;2.74;0;0;0;0;9.64;0
10119;10;Cunfin;187;159;156;26;23;39;44;12;1;6;2;2;0;1;0;28;0;16.67;14.74;25;28.21;7.69;0.64;3.85;1.28;1.28;0;0.64;0;14.97;0
10120;10;Cussangy;157;137;136;62;18;18;17;11;0;6;1;1;1;1;0;20;0;45.59;13.24;13.24;12.5;8.09;0;4.41;0.74;0.74;0.74;0.74;0;12.74;0
10121;10;Dampierre;290;236;234;81;11;31;83;15;1;3;3;2;3;1;0;54;2;34.62;4.7;13.25;35.47;6.41;0.43;1.28;1.28;0.85;1.28;0.43;0;18.62;0.85
10122;10;Davrey;187;158;151;54;22;11;36;20;1;5;1;1;0;0;0;29;3;35.76;14.57;7.28;23.84;13.25;0.66;3.31;0.66;0.66;0;0;0;15.51;1.99
10123;10;Dienville;669;557;548;201;75;80;107;50;6;13;4;4;3;5;0;112;1;36.68;13.69;14.6;19.53;9.12;1.09;2.37;0.73;0.73;0.55;0.91;0;16.74;0.18
10124;10;Dierrey-Saint-Julien;200;170;165;48;27;23;37;14;1;3;7;3;0;2;0;30;0;29.09;16.36;13.94;22.42;8.48;0.61;1.82;4.24;1.82;0;1.21;0;15;0
10125;10;Dierrey-Saint-Pierre;220;194;190;66;21;20;62;18;1;2;0;0;0;0;0;26;2;34.74;11.05;10.53;32.63;9.47;0.53;1.05;0;0;0;0;0;11.82;1.05
10126;10;Dolancourt;121;103;101;38;14;9;26;12;1;0;1;0;0;0;0;18;1;37.62;13.86;8.91;25.74;11.88;0.99;0;0.99;0;0;0;0;14.88;0.99
10127;10;Dommartin-le-Coq;52;50;48;14;1;10;11;12;0;0;0;0;0;0;0;2;0;29.17;2.08;20.83;22.92;25;0;0;0;0;0;0;0;3.85;0
10128;10;Donnement;86;67;67;17;9;19;14;3;0;2;0;2;1;0;0;19;0;25.37;13.43;28.36;20.9;4.48;0;2.99;0;2.99;1.49;0;0;22.09;0
10129;10;Dosches;237;204;199;44;44;30;54;7;1;18;0;1;0;0;0;33;1;22.11;22.11;15.08;27.14;3.52;0.5;9.05;0;0.5;0;0;0;13.92;0.5
10130;10;Dosnon;85;72;68;23;3;12;18;7;1;4;0;0;0;0;0;13;1;33.82;4.41;17.65;26.47;10.29;1.47;5.88;0;0;0;0;0;15.29;1.47
10131;10;Droupt-Saint-Basle;262;236;228;101;26;23;59;9;0;2;2;4;1;1;0;26;2;44.3;11.4;10.09;25.88;3.95;0;0.88;0.88;1.75;0.44;0.44;0;9.92;0.88
10132;10;Droupt-Sainte-Marie;188;168;164;59;5;26;56;8;0;7;0;3;0;0;0;20;1;35.98;3.05;15.85;34.15;4.88;0;4.27;0;1.83;0;0;0;10.64;0.61
10133;10;Eaux-Puiseaux;198;179;176;36;23;45;37;12;1;11;1;2;7;1;0;19;1;20.45;13.07;25.57;21.02;6.82;0.57;6.25;0.57;1.14;3.98;0.57;0;9.6;0.57
10134;10;Echemines;71;68;66;17;6;13;27;1;1;0;0;1;0;0;0;3;0;25.76;9.09;19.7;40.91;1.52;1.52;0;0;1.52;0;0;0;4.23;0
10135;10;Eclance;103;78;76;20;9;14;24;4;1;2;2;0;0;0;0;25;1;26.32;11.84;18.42;31.58;5.26;1.32;2.63;2.63;0;0;0;0;24.27;1.32
10136;10;Eguilly-sous-Bois;98;86;82;17;10;11;29;10;0;1;1;3;0;0;0;12;1;20.73;12.2;13.41;35.37;12.2;0;1.22;1.22;3.66;0;0;0;12.24;1.22
10137;10;Engente;52;48;48;6;1;10;25;2;1;1;0;2;0;0;0;4;0;12.5;2.08;20.83;52.08;4.17;2.08;2.08;0;4.17;0;0;0;7.69;0
10138;10;Epagne;101;96;95;34;6;18;28;5;1;2;1;0;0;0;0;5;0;35.79;6.32;18.95;29.47;5.26;1.05;2.11;1.05;0;0;0;0;4.95;0
10139;10;Epothémont;147;125;124;48;12;22;27;11;0;0;2;1;1;0;0;22;1;38.71;9.68;17.74;21.77;8.87;0;0;1.61;0.81;0.81;0;0;14.97;0.81
10140;10;Ervy-le-Châtel;759;601;590;201;71;89;162;20;4;20;9;7;7;0;0;158;6;34.07;12.03;15.08;27.46;3.39;0.68;3.39;1.53;1.19;1.19;0;0;20.82;1.02
10141;10;Essoyes;511;402;396;122;50;49;121;27;3;14;1;5;3;1;0;109;4;30.81;12.63;12.37;30.56;6.82;0.76;3.54;0.25;1.26;0.76;0.25;0;21.33;1.01
10142;10;Estissac;1303;1059;1033;368;153;200;182;52;9;41;10;7;10;1;0;244;8;35.62;14.81;19.36;17.62;5.03;0.87;3.97;0.97;0.68;0.97;0.1;0;18.73;0.77
10143;10;Etourvy;178;152;150;46;24;27;37;7;1;6;0;0;2;0;0;26;0;30.67;16;18;24.67;4.67;0.67;4;0;0;1.33;0;0;14.61;0
10144;10;Etrelles-sur-Aube;124;111;106;50;12;16;19;7;0;0;1;0;1;0;0;13;1;47.17;11.32;15.09;17.92;6.6;0;0;0.94;0;0.94;0;0;10.48;0.94
10145;10;Faux-Villecerf;174;153;150;35;14;27;51;12;0;7;1;3;0;0;0;21;0;23.33;9.33;18;34;8;0;4.67;0.67;2;0;0;0;12.07;0
10146;10;Fay-lès-Marcilly;70;60;57;18;5;11;13;2;2;4;0;2;0;0;0;10;0;31.58;8.77;19.3;22.81;3.51;3.51;7.02;0;3.51;0;0;0;14.29;0
10147;10;Fays-la-Chapelle;110;93;89;19;13;23;22;7;1;2;0;0;2;0;0;17;1;21.35;14.61;25.84;24.72;7.87;1.12;2.25;0;0;2.25;0;0;15.45;1.12
10148;10;Ferreux-Quincey;335;289;279;92;37;28;84;13;3;12;2;4;4;0;0;46;2;32.97;13.26;10.04;30.11;4.66;1.08;4.3;0.72;1.43;1.43;0;0;13.73;0.72
10149;10;Feuges;236;208;205;48;26;38;50;30;1;3;6;3;0;0;0;28;1;23.41;12.68;18.54;24.39;14.63;0.49;1.46;2.93;1.46;0;0;0;11.86;0.49
10150;10;Fontaine;223;195;190;56;24;45;43;8;1;10;0;0;2;1;0;28;2;29.47;12.63;23.68;22.63;4.21;0.53;5.26;0;0;1.05;0.53;0;12.56;1.05
10151;10;Fontaine-les-Grès;579;499;491;179;63;78;103;36;2;24;3;1;2;0;0;80;4;36.46;12.83;15.89;20.98;7.33;0.41;4.89;0.61;0.2;0.41;0;0;13.82;0.81
10153;10;Fontaine-Mâcon;443;365;358;143;30;64;81;25;3;8;0;2;1;1;0;78;1;39.94;8.38;17.88;22.63;6.98;0.84;2.23;0;0.56;0.28;0.28;0;17.61;0.28
10154;10;Fontenay-de-Bossery;75;67;66;23;4;3;32;2;0;2;0;0;0;0;0;8;1;34.85;6.06;4.55;48.48;3.03;0;3.03;0;0;0;0;0;10.67;1.52
10155;10;Fontette;169;137;135;37;4;10;78;4;2;0;0;0;0;0;0;32;0;27.41;2.96;7.41;57.78;2.96;1.48;0;0;0;0;0;0;18.93;0
10156;10;Fontvannes;466;408;398;121;57;76;91;17;5;21;1;5;4;0;0;58;1;30.4;14.32;19.1;22.86;4.27;1.26;5.28;0.25;1.26;1.01;0;0;12.45;0.25
10157;10;La Fosse-Corduan;177;147;143;49;17;21;39;11;2;1;0;2;1;0;0;30;0;34.27;11.89;14.69;27.27;7.69;1.4;0.7;0;1.4;0.7;0;0;16.95;0
10158;10;Fouchères;387;336;326;93;45;60;78;28;1;10;5;3;3;0;0;51;1;28.53;13.8;18.4;23.93;8.59;0.31;3.07;1.53;0.92;0.92;0;0;13.18;0.31
10159;10;Fralignes;59;49;49;15;6;11;11;4;0;1;0;0;1;0;0;10;0;30.61;12.24;22.45;22.45;8.16;0;2.04;0;0;2.04;0;0;16.95;0
10160;10;Fravaux;46;41;41;13;1;6;15;5;0;1;0;0;0;0;0;5;0;31.71;2.44;14.63;36.59;12.2;0;2.44;0;0;0;0;0;10.87;0
10161;10;Fresnay;44;41;40;9;2;6;18;3;2;0;0;0;0;0;0;3;0;22.5;5;15;45;7.5;5;0;0;0;0;0;0;6.82;0
10162;10;Fresnoy-le-Château;234;203;198;75;23;21;47;7;1;17;4;0;3;0;0;31;1;37.88;11.62;10.61;23.74;3.54;0.51;8.59;2.02;0;1.52;0;0;13.25;0.51
10163;10;Fuligny;60;52;51;11;0;12;24;1;0;3;0;0;0;0;0;8;0;21.57;0;23.53;47.06;1.96;0;5.88;0;0;0;0;0;13.33;0
10164;10;Gélannes;547;455;439;185;72;64;71;28;2;9;4;0;2;2;0;92;1;42.14;16.4;14.58;16.17;6.38;0.46;2.05;0.91;0;0.46;0.46;0;16.82;0.23
10165;10;Géraudot;280;245;241;78;37;34;64;12;6;6;1;0;3;0;0;35;0;32.37;15.35;14.11;26.56;4.98;2.49;2.49;0.41;0;1.24;0;0;12.5;0
10166;10;Les Grandes-Chapelles;295;251;248;104;25;33;54;19;2;9;0;2;0;0;0;44;0;41.94;10.08;13.31;21.77;7.66;0.81;3.63;0;0.81;0;0;0;14.92;0
10167;10;Grandville;67;43;41;17;1;9;8;0;0;2;2;0;2;0;0;24;2;41.46;2.44;21.95;19.51;0;0;4.88;4.88;0;4.88;0;0;35.82;4.88
10168;10;Les Granges;64;46;43;22;2;8;10;0;0;0;0;1;0;0;0;18;1;51.16;4.65;18.6;23.26;0;0;0;0;2.33;0;0;0;28.13;2.33
10169;10;Gumery;187;150;146;34;19;32;37;7;2;10;3;1;0;1;0;37;3;23.29;13.01;21.92;25.34;4.79;1.37;6.85;2.05;0.68;0;0.68;0;19.79;2.05
10170;10;Gyé-sur-Seine;344;292;285;114;13;43;84;19;1;7;0;3;1;0;0;52;2;40;4.56;15.09;29.47;6.67;0.35;2.46;0;1.05;0.35;0;0;15.12;0.7
10171;10;Hampigny;203;170;162;71;10;24;38;11;3;1;1;1;2;0;0;33;0;43.83;6.17;14.81;23.46;6.79;1.85;0.62;0.62;0.62;1.23;0;0;16.26;0
10172;10;Herbisse;138;121;117;43;6;13;44;8;0;0;0;1;2;0;0;17;1;36.75;5.13;11.11;37.61;6.84;0;0;0;0.85;1.71;0;0;12.32;0.85
10173;10;Isle-Aumont;393;342;336;99;36;64;85;19;2;21;2;4;0;4;0;51;1;29.46;10.71;19.05;25.3;5.65;0.6;6.25;0.6;1.19;0;1.19;0;12.98;0.3
10174;10;Isle-Aubigny;138;112;109;45;2;8;40;7;0;3;3;1;0;0;0;26;0;41.28;1.83;7.34;36.7;6.42;0;2.75;2.75;0.92;0;0;0;18.84;0
10175;10;Jasseines;134;102;97;27;5;19;29;8;3;0;2;1;3;0;0;32;0;27.84;5.15;19.59;29.9;8.25;3.09;0;2.06;1.03;3.09;0;0;23.88;0
10176;10;Jaucourt;136;114;112;41;11;17;26;11;0;5;0;0;1;0;0;22;0;36.61;9.82;15.18;23.21;9.82;0;4.46;0;0;0.89;0;0;16.18;0
10177;10;Javernant;127;117;116;29;11;22;35;9;1;5;0;3;1;0;0;10;0;25;9.48;18.97;30.17;7.76;0.86;4.31;0;2.59;0.86;0;0;7.87;0
10178;10;Jessains;222;189;183;85;19;21;31;24;0;1;0;1;1;0;0;33;2;46.45;10.38;11.48;16.94;13.11;0;0.55;0;0.55;0.55;0;0;14.86;1.09
10179;10;Jeugny;360;287;273;120;46;43;28;14;3;4;2;3;10;0;0;73;5;43.96;16.85;15.75;10.26;5.13;1.1;1.47;0.73;1.1;3.66;0;0;20.28;1.83
10180;10;Joncreuil;74;65;65;21;2;21;10;7;0;2;2;0;0;0;0;9;0;32.31;3.08;32.31;15.38;10.77;0;3.08;3.08;0;0;0;0;12.16;0
10181;10;Jully-sur-Sarce;233;191;185;57;19;29;56;11;2;5;3;2;1;0;0;42;2;30.81;10.27;15.68;30.27;5.95;1.08;2.7;1.62;1.08;0.54;0;0;18.03;1.08
10182;10;Juvancourt;118;98;95;29;20;17;18;4;1;4;0;1;1;0;0;20;0;30.53;21.05;17.89;18.95;4.21;1.05;4.21;0;1.05;1.05;0;0;16.95;0
10183;10;Juvanzé;28;27;27;5;0;2;16;1;2;0;1;0;0;0;0;1;0;18.52;0;7.41;59.26;3.7;7.41;0;3.7;0;0;0;0;3.57;0
10184;10;Juzanvigny;119;90;87;28;7;14;22;7;1;1;2;2;2;1;0;29;0;32.18;8.05;16.09;25.29;8.05;1.15;1.15;2.3;2.3;2.3;1.15;0;24.37;0
10185;10;Lagesse;177;150;141;54;18;14;39;9;1;4;2;0;0;0;0;27;3;38.3;12.77;9.93;27.66;6.38;0.71;2.84;1.42;0;0;0;0;15.25;2.13
10186;10;Laines-aux-Bois;429;365;360;99;28;81;102;27;2;16;1;4;0;0;0;64;0;27.5;7.78;22.5;28.33;7.5;0.56;4.44;0.28;1.11;0;0;0;14.92;0
10187;10;Landreville;386;314;306;93;25;51;98;12;7;12;3;1;3;1;0;72;3;30.39;8.17;16.67;32.03;3.92;2.29;3.92;0.98;0.33;0.98;0.33;0;18.65;0.98
10188;10;Lantages;184;148;146;48;21;43;25;3;1;2;2;0;1;0;0;36;1;32.88;14.38;29.45;17.12;2.05;0.68;1.37;1.37;0;0.68;0;0;19.57;0.68
10189;10;Lassicourt;41;33;33;17;3;2;9;1;0;0;0;1;0;0;0;8;0;51.52;9.09;6.06;27.27;3.03;0;0;0;3.03;0;0;0;19.51;0
10190;10;Laubressel;397;361;359;121;30;68;86;34;0;16;0;2;1;1;0;36;2;33.7;8.36;18.94;23.96;9.47;0;4.46;0;0.56;0.28;0.28;0;9.07;0.56
10191;10;Lavau;696;601;588;136;86;124;163;38;3;26;7;1;1;3;0;95;3;23.13;14.63;21.09;27.72;6.46;0.51;4.42;1.19;0.17;0.17;0.51;0;13.65;0.51
10192;10;Lentilles;107;84;84;37;11;4;27;5;0;0;0;0;0;0;0;23;0;44.05;13.1;4.76;32.14;5.95;0;0;0;0;0;0;0;21.5;0
10193;10;Lesmont;232;191;189;67;24;30;41;13;0;10;2;2;0;0;0;41;0;35.45;12.7;15.87;21.69;6.88;0;5.29;1.06;1.06;0;0;0;17.67;0
10194;10;Lévigny;94;81;77;23;8;17;19;6;0;3;1;0;0;0;0;13;3;29.87;10.39;22.08;24.68;7.79;0;3.9;1.3;0;0;0;0;13.83;3.9
10195;10;Lhuître;228;175;172;54;20;29;54;6;5;1;1;0;2;0;0;53;1;31.4;11.63;16.86;31.4;3.49;2.91;0.58;0.58;0;1.16;0;0;23.25;0.58
10196;10;Lignières;157;121;117;43;14;12;34;5;2;2;1;2;2;0;0;36;1;36.75;11.97;10.26;29.06;4.27;1.71;1.71;0.85;1.71;1.71;0;0;22.93;0.85
10197;10;Lignol-le-Château;157;129;125;42;11;10;38;13;1;5;0;4;1;0;0;28;0;33.6;8.8;8;30.4;10.4;0.8;4;0;3.2;0.8;0;0;17.83;0
10198;10;Lirey;89;72;71;15;19;18;10;2;1;6;0;0;0;0;0;17;0;21.13;26.76;25.35;14.08;2.82;1.41;8.45;0;0;0;0;0;19.1;0
10199;10;Loches-sur-Ource;295;241;236;79;25;24;78;18;3;6;2;0;1;0;0;54;1;33.47;10.59;10.17;33.05;7.63;1.27;2.54;0.85;0;0.42;0;0;18.31;0.42
10200;10;La Loge-aux-Chèvres;84;72;72;27;8;3;24;6;0;4;0;0;0;0;0;12;0;37.5;11.11;4.17;33.33;8.33;0;5.56;0;0;0;0;0;14.29;0
10201;10;La Loge-Pomblin;57;53;53;24;7;3;16;2;0;1;0;0;0;0;0;4;0;45.28;13.21;5.66;30.19;3.77;0;1.89;0;0;0;0;0;7.02;0
10202;10;Les Loges-Margueron;121;108;106;43;8;14;25;8;0;6;0;2;0;0;0;13;0;40.57;7.55;13.21;23.58;7.55;0;5.66;0;1.89;0;0;0;10.74;0
10203;10;Longchamp-sur-Aujon;314;264;256;101;29;43;46;15;4;8;1;6;3;0;0;50;3;39.45;11.33;16.8;17.97;5.86;1.56;3.13;0.39;2.34;1.17;0;0;15.92;1.17
10204;10;Longeville-sur-Mogne;102;85;83;38;9;16;13;4;0;2;0;0;1;0;0;17;1;45.78;10.84;19.28;15.66;4.82;0;2.41;0;0;1.2;0;0;16.67;1.2
10205;10;Longpré-le-Sec;65;59;57;11;5;6;26;6;0;2;1;0;0;0;0;6;0;19.3;8.77;10.53;45.61;10.53;0;3.51;1.75;0;0;0;0;9.23;0
10206;10;Longsols;123;98;96;31;2;18;32;9;1;1;1;0;1;0;0;25;0;32.29;2.08;18.75;33.33;9.38;1.04;1.04;1.04;0;1.04;0;0;20.33;0
10207;10;Longueville-sur-Aube;108;96;95;33;3;19;19;14;1;4;0;0;2;0;0;12;0;34.74;3.16;20;20;14.74;1.05;4.21;0;0;2.11;0;0;11.11;0
10208;10;La Louptière-Thénard;221;199;194;46;23;40;53;17;2;7;2;2;1;1;0;22;0;23.71;11.86;20.62;27.32;8.76;1.03;3.61;1.03;1.03;0.52;0.52;0;9.95;0
10209;10;Lusigny-sur-Barse;1426;1202;1181;409;142;218;271;90;6;29;4;4;7;1;0;224;6;34.63;12.02;18.46;22.95;7.62;0.51;2.46;0.34;0.34;0.59;0.08;0;15.71;0.51
10210;10;Luyères;337;293;286;100;29;60;64;25;1;4;0;2;1;0;0;44;0;34.97;10.14;20.98;22.38;8.74;0.35;1.4;0;0.7;0.35;0;0;13.06;0
10211;10;Macey;669;592;579;170;61;150;122;38;3;28;3;3;1;0;0;77;3;29.36;10.54;25.91;21.07;6.56;0.52;4.84;0.52;0.52;0.17;0;0;11.51;0.52
10212;10;Machy;89;74;73;20;10;11;16;8;0;4;0;4;0;0;0;15;0;27.4;13.7;15.07;21.92;10.96;0;5.48;0;5.48;0;0;0;16.85;0
10213;10;Magnant;133;105;100;22;12;10;49;3;0;3;0;0;0;1;0;28;2;22;12;10;49;3;0;3;0;0;0;1;0;21.05;2
10214;10;Magnicourt;67;57;56;16;3;10;14;7;3;1;0;0;2;0;0;10;0;28.57;5.36;17.86;25;12.5;5.36;1.79;0;0;3.57;0;0;14.93;0
10215;10;Magny-Fouchard;198;167;164;54;7;31;45;13;0;10;0;2;1;1;0;31;3;32.93;4.27;18.9;27.44;7.93;0;6.1;0;1.22;0.61;0.61;0;15.66;1.83
10216;10;Mailly-le-Camp;876;681;667;276;53;83;173;51;3;16;7;3;1;1;0;195;5;41.38;7.95;12.44;25.94;7.65;0.45;2.4;1.05;0.45;0.15;0.15;0;22.26;0.75
10217;10;Maison-des-Champs;31;27;24;15;1;0;7;0;0;0;1;0;0;0;0;4;0;62.5;4.17;0;29.17;0;0;0;4.17;0;0;0;0;12.9;0
10218;10;Maisons-lès-Chaource;136;122;116;53;7;15;28;3;2;5;0;3;0;0;0;14;0;45.69;6.03;12.93;24.14;2.59;1.72;4.31;0;2.59;0;0;0;10.29;0
10219;10;Maisons-lès-Soulaines;52;40;40;10;3;5;16;4;1;0;0;0;1;0;0;12;0;25;7.5;12.5;40;10;2.5;0;0;0;2.5;0;0;23.08;0
10220;10;Maizières-la-Grande-Paroisse;1174;940;921;314;149;149;187;64;9;30;12;4;2;1;0;234;9;34.09;16.18;16.18;20.3;6.95;0.98;3.26;1.3;0.43;0.22;0.11;0;19.93;0.98
10221;10;Maizières-lès-Brienne;136;111;107;37;12;23;13;13;0;3;1;0;4;1;0;25;0;34.58;11.21;21.5;12.15;12.15;0;2.8;0.93;0;3.74;0.93;0;18.38;0
10222;10;Maraye-en-Othe;371;296;293;106;37;50;48;21;3;12;2;7;5;2;0;75;0;36.18;12.63;17.06;16.38;7.17;1.02;4.1;0.68;2.39;1.71;0.68;0;20.22;0
10223;10;Marcilly-le-Hayer;467;382;373;167;48;63;59;17;1;13;1;3;1;0;0;85;0;44.77;12.87;16.89;15.82;4.56;0.27;3.49;0.27;0.8;0.27;0;0;18.2;0
10224;10;Marigny-le-Châtel;1187;985;965;401;118;142;168;74;8;31;8;7;7;1;0;202;7;41.55;12.23;14.72;17.41;7.67;0.83;3.21;0.83;0.73;0.73;0.1;0;17.02;0.73
10225;10;Marnay-sur-Seine;206;172;170;71;15;20;38;13;0;10;2;0;1;0;0;34;0;41.76;8.82;11.76;22.35;7.65;0;5.88;1.18;0;0.59;0;0;16.5;0
10226;10;Marolles-lès-Bailly;86;76;76;25;10;12;20;7;0;0;0;0;1;1;0;10;0;32.89;13.16;15.79;26.32;9.21;0;0;0;0;1.32;1.32;0;11.63;0
10227;10;Marolles-sous-Lignières;258;206;201;76;37;22;33;21;2;8;1;1;0;0;0;52;2;37.81;18.41;10.95;16.42;10.45;1;3.98;0.5;0.5;0;0;0;20.16;1
10228;10;Mathaux;167;142;138;54;12;15;36;7;3;5;1;2;2;1;0;25;0;39.13;8.7;10.87;26.09;5.07;2.17;3.62;0.72;1.45;1.45;0.72;0;14.97;0
10229;10;Maupas;85;69;65;24;10;8;18;3;0;2;0;0;0;0;0;16;2;36.92;15.38;12.31;27.69;4.62;0;3.08;0;0;0;0;0;18.82;3.08
10230;10;Mergey;519;462;450;161;46;82;109;24;7;14;2;0;5;0;0;57;2;35.78;10.22;18.22;24.22;5.33;1.56;3.11;0.44;0;1.11;0;0;10.98;0.44
10231;10;Le Mériot;420;352;347;147;39;44;64;35;3;8;3;3;1;0;0;68;2;42.36;11.24;12.68;18.44;10.09;0.86;2.31;0.86;0.86;0.29;0;0;16.19;0.58
10232;10;Merrey-sur-Arce;254;201;199;63;20;32;54;13;1;9;3;2;1;1;0;53;0;31.66;10.05;16.08;27.14;6.53;0.5;4.52;1.51;1.01;0.5;0.5;0;20.87;0
10233;10;Méry-sur-Seine;941;789;766;300;90;164;121;45;6;21;5;6;6;2;0;152;8;39.16;11.75;21.41;15.8;5.87;0.78;2.74;0.65;0.78;0.78;0.26;0;16.15;1.04
10234;10;Mesgrigny;191;158;146;55;16;21;32;10;3;4;0;2;3;0;0;33;3;37.67;10.96;14.38;21.92;6.85;2.05;2.74;0;1.37;2.05;0;0;17.28;2.05
10235;10;Mesnil-la-Comtesse;43;34;33;14;5;3;9;2;0;0;0;0;0;0;0;9;1;42.42;15.15;9.09;27.27;6.06;0;0;0;0;0;0;0;20.93;3.03
10236;10;Mesnil-Lettre;56;46;45;8;6;7;15;4;3;1;0;1;0;0;0;10;0;17.78;13.33;15.56;33.33;8.89;6.67;2.22;0;2.22;0;0;0;17.86;0
10237;10;Mesnil-Saint-Loup;432;389;379;71;39;68;139;34;2;16;4;4;2;0;0;43;0;18.73;10.29;17.94;36.68;8.97;0.53;4.22;1.06;1.06;0.53;0;0;9.95;0
10238;10;Mesnil-Saint-Père;293;243;237;79;25;47;48;26;2;8;0;0;1;1;0;50;3;33.33;10.55;19.83;20.25;10.97;0.84;3.38;0;0;0.42;0.42;0;17.06;1.27
10239;10;Mesnil-Sellières;454;392;381;139;50;73;58;36;1;15;2;5;2;0;0;62;2;36.48;13.12;19.16;15.22;9.45;0.26;3.94;0.52;1.31;0.52;0;0;13.66;0.52
10240;10;Messon;339;296;293;84;43;70;58;20;1;9;3;3;1;1;0;43;1;28.67;14.68;23.89;19.8;6.83;0.34;3.07;1.02;1.02;0.34;0.34;0;12.68;0.34
10241;10;Metz-Robert;38;36;34;10;1;2;8;7;1;3;1;1;0;0;0;2;0;29.41;2.94;5.88;23.53;20.59;2.94;8.82;2.94;2.94;0;0;0;5.26;0
10242;10;Meurville;161;134;131;36;11;13;49;16;1;2;0;0;1;2;0;27;1;27.48;8.4;9.92;37.4;12.21;0.76;1.53;0;0;0.76;1.53;0;16.77;0.76
10243;10;Molins-sur-Aube;86;73;71;20;13;16;19;2;0;1;0;0;0;0;0;13;1;28.17;18.31;22.54;26.76;2.82;0;1.41;0;0;0;0;0;15.12;1.41
10245;10;Montaulin;594;514;506;185;62;91;106;37;3;10;2;8;2;0;0;80;1;36.56;12.25;17.98;20.95;7.31;0.59;1.98;0.4;1.58;0.4;0;0;13.47;0.2
10246;10;Montceaux-lès-Vaudes;200;162;154;60;14;32;28;12;0;5;0;3;0;0;0;38;2;38.96;9.09;20.78;18.18;7.79;0;3.25;0;1.95;0;0;0;19;1.3
10247;10;Montfey;124;94;93;35;9;14;18;9;0;5;0;2;1;0;0;30;0;37.63;9.68;15.05;19.35;9.68;0;5.38;0;2.15;1.08;0;0;24.19;0
10248;10;Montgueux;344;312;306;78;15;37;136;29;2;6;1;1;1;0;0;32;0;25.49;4.9;12.09;44.44;9.48;0.65;1.96;0.33;0.33;0.33;0;0;9.3;0
10249;10;Montiéramey;345;282;275;91;35;65;54;16;0;9;0;5;0;0;0;63;2;33.09;12.73;23.64;19.64;5.82;0;3.27;0;1.82;0;0;0;18.26;0.73
10250;10;Montier-en-l'Isle;199;162;160;56;24;15;37;17;0;4;1;2;4;0;0;37;2;35;15;9.38;23.13;10.63;0;2.5;0.63;1.25;2.5;0;0;18.59;1.25
10251;10;Montigny-les-Monts;220;193;188;65;32;24;41;11;4;4;0;4;3;0;0;27;1;34.57;17.02;12.77;21.81;5.85;2.13;2.13;0;2.13;1.6;0;0;12.27;0.53
10252;10;Montmartin-le-Haut;52;45;44;10;0;3;22;3;3;0;1;2;0;0;0;7;1;22.73;0;6.82;50;6.82;6.82;0;2.27;4.55;0;0;0;13.46;2.27
10253;10;Montmorency-Beaufort;123;103;102;19;20;19;13;17;3;4;4;1;1;1;0;20;0;18.63;19.61;18.63;12.75;16.67;2.94;3.92;3.92;0.98;0.98;0.98;0;16.26;0
10254;10;Montpothier;273;246;244;94;31;27;53;24;2;7;3;1;2;0;0;27;0;38.52;12.7;11.07;21.72;9.84;0.82;2.87;1.23;0.41;0.82;0;0;9.89;0
10255;10;Montreuil-sur-Barse;238;216;212;71;16;31;52;29;0;8;1;0;3;1;0;22;0;33.49;7.55;14.62;24.53;13.68;0;3.77;0.47;0;1.42;0.47;0;9.24;0
10256;10;Montsuzain;297;254;248;76;28;55;56;15;7;5;3;3;0;0;0;43;5;30.65;11.29;22.18;22.58;6.05;2.82;2.02;1.21;1.21;0;0;0;14.48;2.02
10257;10;Morembert;30;25;24;10;1;6;6;1;0;0;0;0;0;0;0;5;0;41.67;4.17;25;25;4.17;0;0;0;0;0;0;0;16.67;0
10258;10;Morvilliers;252;206;198;80;20;26;47;14;3;3;0;2;1;2;0;46;0;40.4;10.1;13.13;23.74;7.07;1.52;1.52;0;1.01;0.51;1.01;0;18.25;0
10259;10;La Motte-Tilly;281;234;232;86;33;43;42;18;2;3;3;2;0;0;0;47;0;37.07;14.22;18.53;18.1;7.76;0.86;1.29;1.29;0.86;0;0;0;16.73;0
10260;10;Moussey;444;386;377;109;47;66;99;24;5;19;2;1;5;0;0;58;1;28.91;12.47;17.51;26.26;6.37;1.33;5.04;0.53;0.27;1.33;0;0;13.06;0.27
10261;10;Mussy-sur-Seine;657;543;527;163;68;95;124;33;6;21;2;4;9;2;0;114;5;30.93;12.9;18.03;23.53;6.26;1.14;3.98;0.38;0.76;1.71;0.38;0;17.35;0.95
10262;10;Neuville-sur-Seine;309;270;264;98;10;30;98;10;3;10;0;2;2;1;0;39;0;37.12;3.79;11.36;37.12;3.79;1.14;3.79;0;0.76;0.76;0.38;0;12.62;0
10263;10;Neuville-sur-Vannes;336;283;278;89;61;43;47;12;3;11;6;2;2;2;0;53;0;32.01;21.94;15.47;16.91;4.32;1.08;3.96;2.16;0.72;0.72;0.72;0;15.77;0
10264;10;Noë-les-Mallets;100;86;85;29;7;8;36;2;0;1;0;1;1;0;0;14;0;34.12;8.24;9.41;42.35;2.35;0;1.18;0;1.18;1.18;0;0;14;0
10265;10;Les Noës-près-Troyes;2153;1636;1601;447;307;312;288;75;10;115;17;13;10;7;0;517;6;27.92;19.18;19.49;17.99;4.68;0.62;7.18;1.06;0.81;0.62;0.44;0;24.01;0.37
10266;10;Nogent-en-Othe;43;36;32;4;11;10;3;0;0;3;1;0;0;0;0;7;1;12.5;34.38;31.25;9.38;0;0;9.38;3.13;0;0;0;0;16.28;3.13
10267;10;Nogent-sur-Aube;219;187;186;65;20;22;58;11;0;3;0;3;4;0;0;32;0;34.95;10.75;11.83;31.18;5.91;0;1.61;0;1.61;2.15;0;0;14.61;0
10268;10;Nogent-sur-Seine;3393;2772;2710;808;419;480;617;194;22;102;31;18;15;4;0;621;19;29.82;15.46;17.71;22.77;7.16;0.81;3.76;1.14;0.66;0.55;0.15;0;18.3;0.7
10269;10;Nozay;120;110;107;27;6;16;36;11;0;5;5;0;1;0;0;10;3;25.23;5.61;14.95;33.64;10.28;0;4.67;4.67;0;0.93;0;0;8.33;2.8
10270;10;Onjon;213;176;174;54;24;31;44;15;2;2;0;1;0;1;0;37;0;31.03;13.79;17.82;25.29;8.62;1.15;1.15;0;0.57;0;0.57;0;17.37;0
10271;10;Origny-le-Sec;491;421;411;135;45;55;106;24;5;21;6;3;9;2;0;70;1;32.85;10.95;13.38;25.79;5.84;1.22;5.11;1.46;0.73;2.19;0.49;0;14.26;0.24
10272;10;Ormes;146;128;127;58;10;12;33;5;3;2;0;2;0;2;0;18;0;45.67;7.87;9.45;25.98;3.94;2.36;1.57;0;1.57;0;1.57;0;12.33;0
10273;10;Ortillon;23;18;17;3;1;6;6;1;0;0;0;0;0;0;0;5;1;17.65;5.88;35.29;35.29;5.88;0;0;0;0;0;0;0;21.74;5.88
10274;10;Orvilliers-Saint-Julien;249;219;213;65;24;45;53;20;1;3;0;2;0;0;0;30;3;30.52;11.27;21.13;24.88;9.39;0.47;1.41;0;0.94;0;0;0;12.05;1.41
10275;10;Ossey-les-Trois-Maisons;410;333;323;123;37;34;84;15;4;13;3;5;3;2;0;77;3;38.08;11.46;10.53;26.01;4.64;1.24;4.02;0.93;1.55;0.93;0.62;0;18.78;0.93
10276;10;Paisy-Cosdon;269;222;219;76;34;39;45;14;3;4;0;2;2;0;0;47;1;34.7;15.53;17.81;20.55;6.39;1.37;1.83;0;0.91;0.91;0;0;17.47;0.46
10278;10;Pargues;105;88;85;26;4;9;31;12;0;1;1;1;0;0;0;17;0;30.59;4.71;10.59;36.47;14.12;0;1.18;1.18;1.18;0;0;0;16.19;0
10279;10;Pars-lès-Chavanges;64;48;48;19;4;5;12;8;0;0;0;0;0;0;0;16;0;39.58;8.33;10.42;25;16.67;0;0;0;0;0;0;0;25;0
10280;10;Pars-lès-Romilly;568;476;467;148;68;81;103;33;4;11;4;9;6;0;0;92;3;31.69;14.56;17.34;22.06;7.07;0.86;2.36;0.86;1.93;1.28;0;0;16.2;0.64
10281;10;Le Pavillon-Sainte-Julie;239;209;203;77;19;37;42;12;6;6;0;3;0;1;0;30;1;37.93;9.36;18.23;20.69;5.91;2.96;2.96;0;1.48;0;0.49;0;12.55;0.49
10282;10;Payns;939;818;798;309;93;118;167;58;6;25;14;7;1;0;0;121;4;38.72;11.65;14.79;20.93;7.27;0.75;3.13;1.75;0.88;0.13;0;0;12.89;0.5
10283;10;Pel-et-Der;112;97;92;23;10;16;30;11;0;1;0;1;0;0;0;15;1;25;10.87;17.39;32.61;11.96;0;1.09;0;1.09;0;0;0;13.39;1.09
10284;10;Périgny-la-Rose;107;91;89;30;14;12;21;4;3;2;2;1;0;0;0;16;0;33.71;15.73;13.48;23.6;4.49;3.37;2.25;2.25;1.12;0;0;0;14.95;0
10285;10;Perthes-lès-Brienne;73;63;60;28;3;12;11;4;0;1;0;0;1;0;0;10;1;46.67;5;20;18.33;6.67;0;1.67;0;0;1.67;0;0;13.7;1.67
10286;10;Petit-Mesnil;184;154;151;54;8;28;48;6;1;2;0;2;1;1;0;30;1;35.76;5.3;18.54;31.79;3.97;0.66;1.32;0;1.32;0.66;0.66;0;16.3;0.66
10287;10;Piney;961;803;788;330;71;114;172;54;9;23;4;4;4;3;0;158;4;41.88;9.01;14.47;21.83;6.85;1.14;2.92;0.51;0.51;0.51;0.38;0;16.44;0.51
10288;10;Plaines-Saint-Lange;210;162;157;82;15;17;21;8;2;6;3;3;0;0;0;48;2;52.23;9.55;10.83;13.38;5.1;1.27;3.82;1.91;1.91;0;0;0;22.86;1.27
10289;10;Plancy-l'Abbaye;682;558;542;182;91;70;134;31;3;8;11;6;6;0;0;124;4;33.58;16.79;12.92;24.72;5.72;0.55;1.48;2.03;1.11;1.11;0;0;18.18;0.74
10290;10;Planty;167;136;133;45;11;35;34;6;0;1;0;1;0;0;0;31;2;33.83;8.27;26.32;25.56;4.51;0;0.75;0;0.75;0;0;0;18.56;1.5
10291;10;Plessis-Barbuise;129;109;104;38;14;8;34;8;0;1;1;0;0;0;0;20;0;36.54;13.46;7.69;32.69;7.69;0;0.96;0.96;0;0;0;0;15.5;0
10293;10;Poivres;111;106;101;51;5;7;27;7;1;2;0;0;1;0;0;5;2;50.5;4.95;6.93;26.73;6.93;0.99;1.98;0;0;0.99;0;0;4.5;1.98
10294;10;Poligny;50;41;39;20;10;3;2;2;0;1;0;0;1;0;0;9;1;51.28;25.64;7.69;5.13;5.13;0;2.56;0;0;2.56;0;0;18;2.56
10295;10;Polisot;236;212;206;92;9;36;45;14;1;3;4;1;1;0;0;24;0;44.66;4.37;17.48;21.84;6.8;0.49;1.46;1.94;0.49;0.49;0;0;10.17;0
10296;10;Polisy;180;153;149;54;9;11;53;14;1;5;0;1;1;0;0;27;1;36.24;6.04;7.38;35.57;9.4;0.67;3.36;0;0.67;0.67;0;0;15;0.67
10297;10;Pont-Sainte-Marie;2974;2303;2244;543;345;480;552;149;15;104;20;24;10;2;0;671;13;24.2;15.37;21.39;24.6;6.64;0.67;4.63;0.89;1.07;0.45;0.09;0;22.56;0.58
10298;10;Pont-sur-Seine;752;567;555;214;92;75;98;42;7;13;2;6;5;1;0;185;3;38.56;16.58;13.51;17.66;7.57;1.26;2.34;0.36;1.08;0.9;0.18;0;24.6;0.54
10299;10;Pouan-les-Vallées;455;381;375;137;35;53;94;30;4;7;3;8;4;0;0;74;1;36.53;9.33;14.13;25.07;8;1.07;1.87;0.8;2.13;1.07;0;0;16.26;0.27
10300;10;Pougy;211;168;164;76;5;27;38;12;0;2;0;1;2;1;0;43;1;46.34;3.05;16.46;23.17;7.32;0;1.22;0;0.61;1.22;0.61;0;20.38;0.61
10301;10;Pouy-sur-Vannes;127;100;97;38;14;16;23;1;4;0;0;0;1;0;0;27;0;39.18;14.43;16.49;23.71;1.03;4.12;0;0;0;1.03;0;0;21.26;0
10302;10;Praslin;59;46;46;21;4;1;13;3;0;1;1;1;1;0;0;13;0;45.65;8.7;2.17;28.26;6.52;0;2.17;2.17;2.17;2.17;0;0;22.03;0
10303;10;Précy-Notre-Dame;65;60;59;24;8;12;9;2;2;1;1;0;0;0;0;5;0;40.68;13.56;20.34;15.25;3.39;3.39;1.69;1.69;0;0;0;0;7.69;0
10304;10;Précy-Saint-Martin;159;135;131;38;21;21;31;9;2;6;2;1;0;0;0;24;1;29.01;16.03;16.03;23.66;6.87;1.53;4.58;1.53;0.76;0;0;0;15.09;0.76
10305;10;Prémierfait;78;62;62;29;3;8;18;2;0;1;0;1;0;0;0;16;0;46.77;4.84;12.9;29.03;3.23;0;1.61;0;1.61;0;0;0;20.51;0
10306;10;Proverville;224;193;186;43;29;33;54;14;1;4;0;4;3;1;0;31;2;23.12;15.59;17.74;29.03;7.53;0.54;2.15;0;2.15;1.61;0.54;0;13.84;1.08
10307;10;Prugny;284;249;240;69;28;38;65;17;2;15;3;2;1;0;0;35;2;28.75;11.67;15.83;27.08;7.08;0.83;6.25;1.25;0.83;0.42;0;0;12.32;0.83
10308;10;Prunay-Belleville;179;149;147;36;10;17;59;9;2;8;2;2;2;0;0;30;2;24.49;6.8;11.56;40.14;6.12;1.36;5.44;1.36;1.36;1.36;0;0;16.76;1.36
10309;10;Prusy;82;74;71;21;2;13;29;4;0;2;0;0;0;0;0;8;0;29.58;2.82;18.31;40.85;5.63;0;2.82;0;0;0;0;0;9.76;0
10310;10;Puits-et-Nuisement;168;139;139;52;16;14;39;10;1;2;1;4;0;0;0;29;0;37.41;11.51;10.07;28.06;7.19;0.72;1.44;0.72;2.88;0;0;0;17.26;0
10312;10;Racines;130;113;111;41;14;16;23;8;0;6;2;1;0;0;0;17;0;36.94;12.61;14.41;20.72;7.21;0;5.41;1.8;0.9;0;0;0;13.08;0
10313;10;Radonvilliers;296;254;248;111;23;31;58;13;3;3;0;3;2;1;0;42;1;44.76;9.27;12.5;23.39;5.24;1.21;1.21;0;1.21;0.81;0.4;0;14.19;0.4
10314;10;Ramerupt;269;229;224;90;24;28;49;17;0;9;4;1;1;1;0;40;1;40.18;10.71;12.5;21.88;7.59;0;4.02;1.79;0.45;0.45;0.45;0;14.87;0.45
10315;10;Rances;34;29;29;10;3;6;7;3;0;0;0;0;0;0;0;5;0;34.48;10.34;20.69;24.14;10.34;0;0;0;0;0;0;0;14.71;0
10316;10;Rhèges;172;141;139;55;11;19;43;6;2;0;1;1;0;1;0;31;0;39.57;7.91;13.67;30.94;4.32;1.44;0;0.72;0.72;0;0.72;0;18.02;0
10317;10;Les Riceys;931;755;737;249;34;86;292;45;3;19;3;3;2;1;0;176;2;33.79;4.61;11.67;39.62;6.11;0.41;2.58;0.41;0.41;0.27;0.14;0;18.9;0.27
10318;10;Rigny-la-Nonneuse;114;96;93;41;6;10;23;6;1;0;5;0;0;1;0;18;1;44.09;6.45;10.75;24.73;6.45;1.08;0;5.38;0;0;1.08;0;15.79;1.08
10319;10;Rigny-le-Ferron;258;208;204;55;26;37;51;18;3;11;0;0;2;1;0;50;0;26.96;12.75;18.14;25;8.82;1.47;5.39;0;0;0.98;0.49;0;19.38;0
10320;10;Rilly-Sainte-Syre;187;166;160;47;8;41;37;22;0;2;0;2;1;0;0;21;2;29.38;5;25.63;23.13;13.75;0;1.25;0;1.25;0.63;0;0;11.23;1.25
10321;10;La Rivière-de-Corps;2662;2165;2103;472;267;533;552;153;6;88;11;12;6;3;0;497;18;22.44;12.7;25.34;26.25;7.28;0.29;4.18;0.52;0.57;0.29;0.14;0;18.67;0.86
10323;10;Romilly-sur-Seine;8487;6252;6117;1885;1471;1075;906;263;36;274;81;68;51;7;0;2235;49;30.82;24.05;17.57;14.81;4.3;0.59;4.48;1.32;1.11;0.83;0.11;0;26.33;0.8
10324;10;Roncenay;126;110;105;32;15;16;30;7;0;2;0;1;1;1;0;16;3;30.48;14.29;15.24;28.57;6.67;0;1.9;0;0.95;0.95;0.95;0;12.7;2.86
10325;10;Rosières-près-Troyes;2525;2043;1988;534;260;503;453;128;10;65;15;13;7;0;0;482;9;26.86;13.08;25.3;22.79;6.44;0.5;3.27;0.75;0.65;0.35;0;0;19.09;0.45
10326;10;Rosnay-l'Hôpital;165;134;132;49;9;25;30;12;1;4;2;0;0;0;0;31;2;37.12;6.82;18.94;22.73;9.09;0.76;3.03;1.52;0;0;0;0;18.79;1.52
10327;10;La Rothière;108;95;92;33;3;16;28;9;1;2;0;0;0;0;0;13;3;35.87;3.26;17.39;30.43;9.78;1.09;2.17;0;0;0;0;0;12.04;3.26
10328;10;Rouilly-Sacey;288;238;230;75;23;34;66;21;0;4;1;4;1;1;0;50;3;32.61;10;14.78;28.7;9.13;0;1.74;0.43;1.74;0.43;0.43;0;17.36;1.3
10329;10;Rouilly-Saint-Loup;406;347;334;97;47;59;83;28;1;14;1;1;3;0;0;59;4;29.04;14.07;17.66;24.85;8.38;0.3;4.19;0.3;0.3;0.9;0;0;14.53;1.2
10330;10;Rouvres-les-Vignes;112;88;86;39;2;9;34;1;0;0;0;1;0;0;0;24;1;45.35;2.33;10.47;39.53;1.16;0;0;0;1.16;0;0;0;21.43;1.16
10331;10;Rumilly-lès-Vaudes;380;319;317;121;29;59;70;28;3;3;1;1;1;1;0;61;1;38.17;9.15;18.61;22.08;8.83;0.95;0.95;0.32;0.32;0.32;0.32;0;16.05;0.32
10332;10;Ruvigny;342;309;303;79;47;68;74;17;1;13;0;1;3;0;0;33;1;26.07;15.51;22.44;24.42;5.61;0.33;4.29;0;0.33;0.99;0;0;9.65;0.33
10333;10;Saint-André-les-Vergers;8255;6319;6196;1350;936;1618;1366;367;48;364;49;51;39;8;0;1936;36;21.79;15.11;26.11;22.05;5.92;0.77;5.87;0.79;0.82;0.63;0.13;0;23.45;0.58
10334;10;Saint-Aubin;396;350;340;151;47;50;46;24;1;12;4;2;3;0;0;46;3;44.41;13.82;14.71;13.53;7.06;0.29;3.53;1.18;0.59;0.88;0;0;11.62;0.88
10335;10;Saint-Benoist-sur-Vanne;183;165;163;58;13;22;46;12;0;3;3;3;3;0;0;18;1;35.58;7.98;13.5;28.22;7.36;0;1.84;1.84;1.84;1.84;0;0;9.84;0.61
10336;10;Saint-Benoît-sur-Seine;321;276;275;96;14;59;67;23;3;8;1;2;2;0;0;45;0;34.91;5.09;21.45;24.36;8.36;1.09;2.91;0.36;0.73;0.73;0;0;14.02;0
10337;10;Saint-Christophe-Dodinicourt;31;30;28;9;3;4;8;1;0;1;2;0;0;0;0;1;1;32.14;10.71;14.29;28.57;3.57;0;3.57;7.14;0;0;0;0;3.23;3.57
10338;10;Saint-Etienne-sous-Barbuise;130;119;111;47;7;21;27;6;0;2;1;0;0;0;0;11;2;42.34;6.31;18.92;24.32;5.41;0;1.8;0.9;0;0;0;0;8.46;1.8
10339;10;Saint-Flavy;197;162;160;52;19;25;42;16;1;2;2;1;0;0;0;35;1;32.5;11.88;15.63;26.25;10;0.63;1.25;1.25;0.63;0;0;0;17.77;0.63
10340;10;Saint-Germain;1787;1453;1421;375;201;334;315;102;10;55;7;10;10;2;0;334;10;26.39;14.14;23.5;22.17;7.18;0.7;3.87;0.49;0.7;0.7;0.14;0;18.69;0.7
10341;10;Saint-Hilaire-sous-Romilly;286;240;238;86;34;31;56;14;5;8;0;3;1;0;0;46;0;36.13;14.29;13.03;23.53;5.88;2.1;3.36;0;1.26;0.42;0;0;16.08;0
10342;10;Saint-Jean-de-Bonneval;321;276;268;91;36;59;42;18;2;13;5;2;0;0;0;45;1;33.96;13.43;22.01;15.67;6.72;0.75;4.85;1.87;0.75;0;0;0;14.02;0.37
10343;10;Saint-Julien-les-Villas;5058;3858;3757;946;572;861;858;227;28;188;24;26;19;8;0;1200;35;25.18;15.22;22.92;22.84;6.04;0.75;5;0.64;0.69;0.51;0.21;0;23.72;0.93
10344;10;Saint-Léger-près-Troyes;646;563;549;134;67;137;149;34;0;17;1;4;6;0;0;83;4;24.41;12.2;24.95;27.14;6.19;0;3.1;0.18;0.73;1.09;0;0;12.85;0.73
10345;10;Saint-Léger-sous-Brienne;327;297;285;110;36;37;48;36;0;4;7;3;3;1;0;30;2;38.6;12.63;12.98;16.84;12.63;0;1.4;2.46;1.05;1.05;0.35;0;9.17;0.7
10346;10;Saint-Léger-sous-Margerie;64;53;53;16;5;9;12;5;2;3;0;1;0;0;0;11;0;30.19;9.43;16.98;22.64;9.43;3.77;5.66;0;1.89;0;0;0;17.19;0
10347;10;Saint-Loup-de-Buffigny;171;147;143;58;16;21;38;6;0;1;0;1;1;1;0;24;0;40.56;11.19;14.69;26.57;4.2;0;0.7;0;0.7;0.7;0.7;0;14.04;0
10348;10;Saint-Lupien;153;126;125;33;6;18;48;10;0;6;1;1;0;2;0;27;0;26.4;4.8;14.4;38.4;8;0;4.8;0.8;0.8;0;1.6;0;17.65;0
10349;10;Saint-Lyé;2245;1887;1830;592;223;367;436;111;21;48;13;11;3;5;0;358;12;32.35;12.19;20.05;23.83;6.07;1.15;2.62;0.71;0.6;0.16;0.27;0;15.95;0.66
10350;10;Saint-Mards-en-Othe;465;396;385;141;60;66;72;22;2;11;6;2;3;0;0;69;3;36.62;15.58;17.14;18.7;5.71;0.52;2.86;1.56;0.52;0.78;0;0;14.84;0.78
10351;10;Saint-Martin-de-Bossenay;278;238;233;59;35;38;68;19;0;5;3;3;2;1;0;40;1;25.32;15.02;16.31;29.18;8.15;0;2.15;1.29;1.29;0.86;0.43;0;14.39;0.43
10352;10;Sainte-Maure;1238;1050;1025;291;148;215;239;70;4;34;6;8;7;3;0;188;9;28.39;14.44;20.98;23.32;6.83;0.39;3.32;0.59;0.78;0.68;0.29;0;15.19;0.88
10353;10;Saint-Mesmin;719;592;583;258;48;103;98;40;4;15;8;4;5;0;0;127;3;44.25;8.23;17.67;16.81;6.86;0.69;2.57;1.37;0.69;0.86;0;0;17.66;0.51
10354;10;Saint-Nabord-sur-Aube;96;86;85;36;6;12;20;6;0;2;0;2;1;0;0;10;0;42.35;7.06;14.12;23.53;7.06;0;2.35;0;2.35;1.18;0;0;10.42;0
10355;10;Saint-Nicolas-la-Chapelle;78;64;61;18;10;15;11;4;0;1;0;1;1;0;0;14;2;29.51;16.39;24.59;18.03;6.56;0;1.64;0;1.64;1.64;0;0;17.95;3.28
10356;10;Saint-Oulph;191;168;162;67;21;21;28;14;0;7;2;0;2;0;0;23;2;41.36;12.96;12.96;17.28;8.64;0;4.32;1.23;0;1.23;0;0;12.04;1.23
10357;10;Saint-Parres-aux-Tertres;2058;1714;1672;390;245;367;418;112;17;83;13;9;14;4;0;344;8;23.33;14.65;21.95;25;6.7;1.02;4.96;0.78;0.54;0.84;0.24;0;16.72;0.48
10358;10;Saint-Parres-lès-Vaudes;743;602;595;181;47;96;197;44;4;20;1;3;2;0;0;141;4;30.42;7.9;16.13;33.11;7.39;0.67;3.36;0.17;0.5;0.34;0;0;18.98;0.67
10359;10;Saint-Phal;374;305;298;113;36;46;58;28;1;7;2;5;2;0;0;69;1;37.92;12.08;15.44;19.46;9.4;0.34;2.35;0.67;1.68;0.67;0;0;18.45;0.34
10360;10;Saint-Pouange;636;579;566;136;52;141;148;60;3;14;4;4;4;0;0;57;3;24.03;9.19;24.91;26.15;10.6;0.53;2.47;0.71;0.71;0.71;0;0;8.96;0.53
10361;10;Saint-Remy-sous-Barbuise;159;137;134;72;11;14;25;6;1;2;3;0;0;0;0;22;1;53.73;8.21;10.45;18.66;4.48;0.75;1.49;2.24;0;0;0;0;13.84;0.75
10362;10;Sainte-Savine;7319;5761;5599;1235;1016;1377;1199;274;39;314;40;54;38;13;0;1558;43;22.06;18.15;24.59;21.41;4.89;0.7;5.61;0.71;0.96;0.68;0.23;0;21.29;0.77
10363;10;Saint-Thibault;431;377;371;131;24;76;78;40;2;11;2;4;2;1;0;54;3;35.31;6.47;20.49;21.02;10.78;0.54;2.96;0.54;1.08;0.54;0.27;0;12.53;0.81
10364;10;Saint-Usage;70;63;61;14;2;2;33;2;2;5;0;1;0;0;0;7;0;22.95;3.28;3.28;54.1;3.28;3.28;8.2;0;1.64;0;0;0;10;0
10365;10;Salon;109;85;84;34;7;9;26;4;0;3;1;0;0;0;0;24;0;40.48;8.33;10.71;30.95;4.76;0;3.57;1.19;0;0;0;0;22.02;0
10366;10;Saulcy;63;53;52;11;1;1;30;7;0;0;0;0;2;0;0;10;0;21.15;1.92;1.92;57.69;13.46;0;0;0;0;3.85;0;0;15.87;0
10367;10;La Saulsotte;421;355;351;159;54;39;53;25;0;13;3;3;2;0;0;66;1;45.3;15.38;11.11;15.1;7.12;0;3.7;0.85;0.85;0.57;0;0;15.68;0.28
10368;10;Savières;769;660;645;272;55;118;102;61;1;15;5;11;4;1;0;109;4;42.17;8.53;18.29;15.81;9.46;0.16;2.33;0.78;1.71;0.62;0.16;0;14.17;0.62
10369;10;Semoine;149;126;123;50;21;9;29;7;0;3;0;3;1;0;0;23;0;40.65;17.07;7.32;23.58;5.69;0;2.44;0;2.44;0.81;0;0;15.44;0
10370;10;Soligny-les-Etangs;176;152;151;60;16;23;27;1;2;8;10;4;0;0;0;24;1;39.74;10.6;15.23;17.88;0.66;1.32;5.3;6.62;2.65;0;0;0;13.64;0.66
10371;10;Sommeval;249;230;225;69;40;32;51;11;0;10;3;5;3;1;0;19;4;30.67;17.78;14.22;22.67;4.89;0;4.44;1.33;2.22;1.33;0.44;0;7.63;1.78
10372;10;Soulaines-Dhuys;268;227;224;62;23;65;38;20;1;7;1;4;3;0;0;41;0;27.68;10.27;29.02;16.96;8.93;0.45;3.13;0.45;1.79;1.34;0;0;15.3;0
10373;10;Souligny;311;270;266;79;41;55;51;28;4;5;1;1;1;0;0;41;2;29.7;15.41;20.68;19.17;10.53;1.5;1.88;0.38;0.38;0.38;0;0;13.18;0.75
10374;10;Spoy;126;111;109;38;8;8;44;7;2;1;1;0;0;0;0;15;1;34.86;7.34;7.34;40.37;6.42;1.83;0.92;0.92;0;0;0;0;11.9;0.92
10375;10;Thennelières;262;227;223;67;17;41;63;20;1;5;3;4;2;0;0;35;1;30.04;7.62;18.39;28.25;8.97;0.45;2.24;1.35;1.79;0.9;0;0;13.36;0.45
10376;10;Thieffrain;114;99;98;37;5;14;24;13;1;3;1;0;0;0;0;15;0;37.76;5.1;14.29;24.49;13.27;1.02;3.06;1.02;0;0;0;0;13.16;0
10377;10;Thil;107;94;91;27;7;7;31;12;0;6;1;0;0;0;0;13;0;29.67;7.69;7.69;34.07;13.19;0;6.59;1.1;0;0;0;0;12.15;0
10378;10;Thors;72;48;48;19;5;5;14;3;0;1;0;0;1;0;0;24;0;39.58;10.42;10.42;29.17;6.25;0;2.08;0;0;2.08;0;0;33.33;0
10379;10;Torcy-le-Grand;340;310;302;92;17;50;95;29;0;10;2;2;5;0;0;30;3;30.46;5.63;16.56;31.46;9.6;0;3.31;0.66;0.66;1.66;0;0;8.82;0.99
10380;10;Torcy-le-Petit;64;51;49;19;2;8;7;11;1;1;0;0;0;0;0;13;0;38.78;4.08;16.33;14.29;22.45;2.04;2.04;0;0;0;0;0;20.31;0
10381;10;Torvilliers;758;660;640;154;63;164;190;49;2;14;0;1;2;1;0;98;8;24.06;9.84;25.63;29.69;7.66;0.31;2.19;0;0.16;0.31;0.16;0;12.93;1.25
10382;10;Traînel;700;579;564;206;63;101;119;43;2;16;6;4;4;0;0;121;4;36.52;11.17;17.91;21.1;7.62;0.35;2.84;1.06;0.71;0.71;0;0;17.29;0.71
10383;10;Trancault;139;119;117;39;23;15;25;4;2;4;0;1;3;1;0;20;0;33.33;19.66;12.82;21.37;3.42;1.71;3.42;0;0.85;2.56;0.85;0;14.39;0
10384;10;Trannes;184;158;153;50;18;30;30;12;1;10;1;1;0;0;0;26;3;32.68;11.76;19.61;19.61;7.84;0.65;6.54;0.65;0.65;0;0;0;14.13;1.96
10386;10;Trouans;184;145;141;59;8;22;42;6;1;1;1;1;0;0;0;39;1;41.84;5.67;15.6;29.79;4.26;0.71;0.71;0.71;0.71;0;0;0;21.2;0.71
10387;10;Troyes;29665;22704;22206;4862;4142;4891;5094;1127;132;1358;200;193;167;40;0;6961;144;21.89;18.65;22.03;22.94;5.08;0.59;6.12;0.9;0.87;0.75;0.18;0;23.47;0.65
10388;10;Turgy;50;38;36;13;2;5;4;8;2;0;1;0;1;0;0;12;2;36.11;5.56;13.89;11.11;22.22;5.56;0;2.78;0;2.78;0;0;24;5.56
10389;10;Unienville;108;100;93;38;11;9;27;4;0;2;0;1;0;1;0;8;4;40.86;11.83;9.68;29.03;4.3;0;2.15;0;1.08;0;1.08;0;7.41;4.3
10390;10;Urville;112;99;95;22;4;8;44;12;1;3;0;1;0;0;0;13;1;23.16;4.21;8.42;46.32;12.63;1.05;3.16;0;1.05;0;0;0;11.61;1.05
10391;10;Vailly;251;215;209;60;15;50;54;15;2;7;3;2;0;1;0;36;4;28.71;7.18;23.92;25.84;7.18;0.96;3.35;1.44;0.96;0;0.48;0;14.34;1.91
10392;10;Vallant-Saint-Georges;296;258;255;91;36;41;49;17;3;11;2;1;3;1;0;38;0;35.69;14.12;16.08;19.22;6.67;1.18;4.31;0.78;0.39;1.18;0.39;0;12.84;0
10393;10;Vallentigny;152;125;120;42;15;16;25;12;2;6;0;1;1;0;0;27;3;35;12.5;13.33;20.83;10;1.67;5;0;0.83;0.83;0;0;17.76;2.5
10394;10;Vallières;111;100;97;28;14;12;35;3;0;4;0;0;1;0;0;11;1;28.87;14.43;12.37;36.08;3.09;0;4.12;0;0;1.03;0;0;9.91;1.03
10395;10;Vanlay;240;180;172;52;29;34;30;15;1;7;1;3;0;0;0;60;1;30.23;16.86;19.77;17.44;8.72;0.58;4.07;0.58;1.74;0;0;0;25;0.58
10396;10;Vauchassis;409;357;353;108;52;63;74;25;2;20;3;3;2;1;0;52;2;30.59;14.73;17.85;20.96;7.08;0.57;5.67;0.85;0.85;0.57;0.28;0;12.71;0.57
10397;10;Vauchonvilliers;129;102;102;35;13;13;30;2;0;6;1;2;0;0;0;27;0;34.31;12.75;12.75;29.41;1.96;0;5.88;0.98;1.96;0;0;0;20.93;0
10398;10;Vaucogne;57;50;49;14;5;9;15;6;0;0;0;0;0;0;0;7;0;28.57;10.2;18.37;30.61;12.24;0;0;0;0;0;0;0;12.28;0
10399;10;Vaudes;495;429;421;198;31;66;87;21;2;9;3;1;3;0;0;66;1;47.03;7.36;15.68;20.67;4.99;0.48;2.14;0.71;0.24;0.71;0;0;13.33;0.24
10400;10;Vaupoisson;114;97;96;36;9;11;28;7;2;1;0;2;0;0;0;17;0;37.5;9.38;11.46;29.17;7.29;2.08;1.04;0;2.08;0;0;0;14.91;0
10401;10;Vendeuvre-sur-Barse;1465;1157;1136;438;119;188;220;77;6;43;3;20;18;4;0;308;6;38.56;10.48;16.55;19.37;6.78;0.53;3.79;0.26;1.76;1.58;0.35;0;21.02;0.53
10402;10;La Vendue-Mignot;187;165;164;54;33;28;31;8;4;5;1;0;0;0;0;22;1;32.93;20.12;17.07;18.9;4.88;2.44;3.05;0.61;0;0;0;0;11.76;0.61
10403;10;Vernonvilliers;78;57;55;30;1;0;15;5;0;1;2;0;1;0;0;21;1;54.55;1.82;0;27.27;9.09;0;1.82;3.64;0;1.82;0;0;26.92;1.82
10404;10;Verpillières-sur-Ource;92;76;73;13;7;18;19;6;3;3;0;2;2;0;0;16;3;17.81;9.59;24.66;26.03;8.22;4.11;4.11;0;2.74;2.74;0;0;17.39;4.11
10405;10;Verricourt;39;31;31;11;0;4;14;2;0;0;0;0;0;0;0;8;0;35.48;0;12.9;45.16;6.45;0;0;0;0;0;0;0;20.51;0
10406;10;Verrières;1492;1261;1233;384;146;228;327;73;13;38;4;12;6;2;0;231;10;31.14;11.84;18.49;26.52;5.92;1.05;3.08;0.32;0.97;0.49;0.16;0;15.48;0.81
10408;10;Viâpres-le-Petit;93;83;82;31;7;13;18;5;0;6;2;0;0;0;0;10;0;37.8;8.54;15.85;21.95;6.1;0;7.32;2.44;0;0;0;0;10.75;0
10409;10;Villacerf;438;410;391;141;40;69;78;39;2;17;4;0;1;0;0;28;7;36.06;10.23;17.65;19.95;9.97;0.51;4.35;1.02;0;0.26;0;0;6.39;1.79
10410;10;Villadin;116;90;90;27;9;12;26;4;2;6;3;1;0;0;0;26;0;30;10;13.33;28.89;4.44;2.22;6.67;3.33;1.11;0;0;0;22.41;0
10411;10;La Ville-aux-Bois;23;22;22;13;4;1;2;1;0;0;0;0;0;1;0;1;0;59.09;18.18;4.55;9.09;4.55;0;0;0;0;0;4.55;0;4.35;0
10412;10;Villechétif;718;635;618;153;49;155;174;45;4;26;2;6;3;1;0;83;5;24.76;7.93;25.08;28.16;7.28;0.65;4.21;0.32;0.97;0.49;0.16;0;11.56;0.81
10414;10;Villeloup;91;78;78;29;0;13;27;3;1;4;0;1;0;0;0;13;0;37.18;0;16.67;34.62;3.85;1.28;5.13;0;1.28;0;0;0;14.29;0
10416;10;Villemereuil;200;182;178;55;13;30;52;14;1;7;1;0;5;0;0;18;0;30.9;7.3;16.85;29.21;7.87;0.56;3.93;0.56;0;2.81;0;0;9;0
10417;10;Villemoiron-en-Othe;185;157;154;48;25;34;24;9;0;7;3;3;1;0;0;28;1;31.17;16.23;22.08;15.58;5.84;0;4.55;1.95;1.95;0.65;0;0;15.14;0.65
10418;10;Villemorien;143;115;113;42;13;20;28;6;1;2;1;0;0;0;0;28;0;37.17;11.5;17.7;24.78;5.31;0.88;1.77;0.88;0;0;0;0;19.58;0
10419;10;Villemoyenne;530;452;439;177;42;76;99;26;1;11;1;4;2;0;0;78;5;40.32;9.57;17.31;22.55;5.92;0.23;2.51;0.23;0.91;0.46;0;0;14.72;1.14
10420;10;Villenauxe-la-Grande;1589;1245;1213;407;171;214;253;85;9;42;3;13;11;5;0;344;9;33.55;14.1;17.64;20.86;7.01;0.74;3.46;0.25;1.07;0.91;0.41;0;21.65;0.74
10421;10;La Villeneuve-au-Châtelot;91;73;72;25;14;10;16;2;0;2;0;2;1;0;0;18;0;34.72;19.44;13.89;22.22;2.78;0;2.78;0;2.78;1.39;0;0;19.78;0
10422;10;Villeneuve-au-Chemin;165;131;129;44;7;21;36;13;1;5;1;1;0;0;0;34;0;34.11;5.43;16.28;27.91;10.08;0.78;3.88;0.78;0.78;0;0;0;20.61;0
10423;10;La Villeneuve-au-Chêne;316;285;278;99;42;50;53;16;1;12;0;2;3;0;0;31;5;35.61;15.11;17.99;19.06;5.76;0.36;4.32;0;0.72;1.08;0;0;9.81;1.8
10424;10;Villeret;61;49;49;16;10;1;12;8;0;1;0;0;1;0;0;12;0;32.65;20.41;2.04;24.49;16.33;0;2.04;0;0;2.04;0;0;19.67;0
10425;10;Villery;225;204;192;60;24;34;42;15;3;5;3;1;4;1;0;21;7;31.25;12.5;17.71;21.88;7.81;1.56;2.6;1.56;0.52;2.08;0.52;0;9.33;3.65
10426;10;Ville-sous-la-Ferté;644;514;505;210;62;71;79;46;2;21;3;5;4;2;0;130;3;41.58;12.28;14.06;15.64;9.11;0.4;4.16;0.59;0.99;0.79;0.4;0;20.19;0.59
10427;10;Ville-sur-Arce;226;197;197;62;14;31;74;6;1;4;2;1;2;0;0;29;0;31.47;7.11;15.74;37.56;3.05;0.51;2.03;1.02;0.51;1.02;0;0;12.83;0
10428;10;Ville-sur-Terre;102;90;90;39;0;15;28;7;0;0;1;0;0;0;0;12;0;43.33;0;16.67;31.11;7.78;0;0;1.11;0;0;0;0;11.76;0
10429;10;Villette-sur-Aube;193;162;153;64;13;30;21;15;0;5;1;2;2;0;0;31;2;41.83;8.5;19.61;13.73;9.8;0;3.27;0.65;1.31;1.31;0;0;16.06;1.31
10430;10;Villiers-Herbisse;70;55;54;25;4;5;16;3;0;0;1;0;0;0;0;15;0;46.3;7.41;9.26;29.63;5.56;0;0;1.85;0;0;0;0;21.43;0
10431;10;Villiers-le-Bois;69;59;57;21;4;10;16;5;0;0;0;0;1;0;0;10;2;36.84;7.02;17.54;28.07;8.77;0;0;0;0;1.75;0;0;14.49;3.51
10432;10;Villiers-sous-Praslin;55;46;45;12;5;3;21;2;0;0;1;0;1;0;0;9;0;26.67;11.11;6.67;46.67;4.44;0;0;2.22;0;2.22;0;0;16.36;0
10433;10;Villy-en-Trodes;174;155;150;65;15;22;30;11;0;3;2;1;0;1;0;19;1;43.33;10;14.67;20;7.33;0;2;1.33;0.67;0;0.67;0;10.92;0.67
10434;10;Villy-le-Bois;42;41;39;15;1;4;14;1;2;2;0;0;0;0;0;1;0;38.46;2.56;10.26;35.9;2.56;5.13;5.13;0;0;0;0;0;2.38;0
10435;10;Villy-le-Maréchal;142;131;123;40;18;16;30;7;1;5;3;3;0;0;0;11;3;32.52;14.63;13.01;24.39;5.69;0.81;4.07;2.44;2.44;0;0;0;7.75;2.44
10436;10;Vinets;153;128;125;56;1;14;21;16;0;9;0;2;5;1;0;25;2;44.8;0.8;11.2;16.8;12.8;0;7.2;0;1.6;4;0.8;0;16.34;1.6
10437;10;Virey-sous-Bar;479;386;372;154;37;48;72;28;5;14;4;5;4;1;0;93;4;41.4;9.95;12.9;19.35;7.53;1.34;3.76;1.08;1.34;1.08;0.27;0;19.42;1.08
10438;10;Vitry-le-Croisé;227;186;180;61;9;22;62;13;5;4;0;3;1;0;0;41;1;33.89;5;12.22;34.44;7.22;2.78;2.22;0;1.67;0.56;0;0;18.06;0.56
10439;10;Viviers-sur-Artaut;95;81;72;24;7;11;21;6;1;0;0;2;0;0;0;14;2;33.33;9.72;15.28;29.17;8.33;1.39;0;0;2.78;0;0;0;14.74;2.78
10440;10;Voigny;143;117;114;40;6;9;40;11;2;1;2;1;2;0;0;26;1;35.09;5.26;7.89;35.09;9.65;1.75;0.88;1.75;0.88;1.75;0;0;18.18;0.88
10441;10;Vosnon;182;159;159;52;24;34;24;12;6;2;3;1;1;0;0;23;0;32.7;15.09;21.38;15.09;7.55;3.77;1.26;1.89;0.63;0.63;0;0;12.64;0
10442;10;Voué;432;385;380;128;46;60;79;39;3;9;4;4;6;2;0;47;1;33.68;12.11;15.79;20.79;10.26;0.79;2.37;1.05;1.05;1.58;0.53;0;10.88;0.26
10443;10;Vougrey;36;31;30;11;0;1;12;2;1;0;0;3;0;0;0;5;0;36.67;0;3.33;40;6.67;3.33;0;0;10;0;0;0;13.89;0
10444;10;Vulaines;177;157;152;52;18;14;51;11;0;2;1;2;0;1;0;20;0;34.21;11.84;9.21;33.55;7.24;0;1.32;0.66;1.32;0;0.66;0;11.3;0
10445;10;Yèvres-le-Petit;56;50;50;12;6;17;13;2;0;0;0;0;0;0;0;6;0;24;12;34;26;4;0;0;0;0;0;0;0;10.71;0