insee;dep;nom;nb_inscrits;nb_votants;nb_exprimes;nb_voix1;nb_voix2;nb_voix3;nb_voix4;nb_voix5;nb_voix6;nb_voix7;nb_voix8;nb_voix9;nb_voix10;nb_voix11;nb_voix12;nb_voix13;nb_voix14;voix_1;voix_2;voix_3;voix_4;voix_5;voix_6;voix_7;voix_8;voix_9;voix_10;voix_11;voix_12;voix_13;voix_14
12001;12;Agen-d'Aveyron;934;825;802;143;172;244;114;32;43;31;4;10;8;1;0;109;7;17.83;21.45;30.42;14.21;3.99;5.36;3.87;0.5;1.25;1;0.12;0;11.67;0.87
12002;12;Aguessac;643;552;540;114;122;142;62;24;16;40;5;12;2;1;0;91;6;21.11;22.59;26.3;11.48;4.44;2.96;7.41;0.93;2.22;0.37;0.19;0;14.15;1.11
12003;12;Les Albres;290;254;251;59;51;54;45;12;7;19;0;3;1;0;0;36;0;23.51;20.32;21.51;17.93;4.78;2.79;7.57;0;1.2;0.4;0;0;12.41;0
12004;12;Almont-les-Junies;381;330;320;30;54;97;88;20;8;15;0;5;2;1;0;51;2;9.38;16.88;30.31;27.5;6.25;2.5;4.69;0;1.56;0.63;0.31;0;13.39;0.63
12006;12;Alrance;318;278;266;38;44;62;76;22;16;3;1;2;1;1;0;40;4;14.29;16.54;23.31;28.57;8.27;6.02;1.13;0.38;0.75;0.38;0.38;0;12.58;1.5
12007;12;Ambeyrac;149;130;127;14;35;29;26;6;4;11;1;0;1;0;0;19;3;11.02;27.56;22.83;20.47;4.72;3.15;8.66;0.79;0;0.79;0;0;12.75;2.36
12008;12;Anglars-Saint-Félix;606;532;517;79;105;127;102;21;38;28;4;9;3;1;0;74;2;15.28;20.31;24.56;19.73;4.06;7.35;5.42;0.77;1.74;0.58;0.19;0;12.21;0.39
12009;12;Arnac-sur-Dourdou;69;60;58;15;8;2;27;3;3;0;0;0;0;0;0;9;0;25.86;13.79;3.45;46.55;5.17;5.17;0;0;0;0;0;0;13.04;0
12010;12;Arques;121;101;97;17;8;21;33;3;8;4;1;2;0;0;0;20;1;17.53;8.25;21.65;34.02;3.09;8.25;4.12;1.03;2.06;0;0;0;16.53;1.03
12011;12;Arvieu;739;635;619;74;104;173;154;41;35;31;1;3;3;0;0;104;9;11.95;16.8;27.95;24.88;6.62;5.65;5.01;0.16;0.48;0.48;0;0;14.07;1.45
12012;12;Asprières;495;428;416;92;106;77;73;19;15;28;1;5;0;0;0;67;3;22.12;25.48;18.51;17.55;4.57;3.61;6.73;0.24;1.2;0;0;0;13.54;0.72
12013;12;Aubin;3112;2398;2329;414;830;508;199;101;61;142;12;41;18;3;0;714;30;17.78;35.64;21.81;8.54;4.34;2.62;6.1;0.52;1.76;0.77;0.13;0;22.94;1.29
12015;12;Auriac-Lagast;202;162;158;22;21;48;42;7;7;5;1;0;4;1;0;40;0;13.92;13.29;30.38;26.58;4.43;4.43;3.16;0.63;0;2.53;0.63;0;19.8;0
12016;12;Auzits;658;550;542;87;126;151;78;15;16;46;3;13;7;0;0;108;3;16.05;23.25;27.86;14.39;2.77;2.95;8.49;0.55;2.4;1.29;0;0;16.41;0.55
12017;12;Ayssènes;191;147;142;31;17;42;32;9;5;3;0;2;0;1;0;44;3;21.83;11.97;29.58;22.54;6.34;3.52;2.11;0;1.41;0;0.7;0;23.04;2.11
12018;12;Balaguier-d'Olt;167;150;147;29;33;33;29;2;7;11;1;2;0;0;0;17;1;19.73;22.45;22.45;19.73;1.36;4.76;7.48;0.68;1.36;0;0;0;10.18;0.68
12019;12;Balaguier-sur-Rance;79;65;63;12;9;16;12;6;6;1;1;0;0;0;0;14;0;19.05;14.29;25.4;19.05;9.52;9.52;1.59;1.59;0;0;0;0;17.72;0
12021;12;Le Bas Ségala;1446;1233;1181;173;237;285;228;68;73;64;17;23;12;1;0;213;21;14.65;20.07;24.13;19.31;5.76;6.18;5.42;1.44;1.95;1.02;0.08;0;14.73;1.78
12022;12;La Bastide-Pradines;106;88;86;25;25;11;10;3;7;2;0;1;2;0;0;18;1;29.07;29.07;12.79;11.63;3.49;8.14;2.33;0;1.16;2.33;0;0;16.98;1.16
12023;12;La Bastide-Solages;112;94;89;11;12;18;33;6;6;2;0;0;1;0;0;18;1;12.36;13.48;20.22;37.08;6.74;6.74;2.25;0;0;1.12;0;0;16.07;1.12
12024;12;Belcastel;194;174;163;13;22;44;46;14;10;10;1;2;1;0;0;20;3;7.98;13.5;26.99;28.22;8.59;6.13;6.13;0.61;1.23;0.61;0;0;10.31;1.84
12025;12;Belmont-sur-Rance;769;632;620;120;90;152;144;32;27;33;5;9;7;1;0;137;6;19.35;14.52;24.52;23.23;5.16;4.35;5.32;0.81;1.45;1.13;0.16;0;17.82;0.97
12026;12;Bertholène;825;691;666;124;117;178;126;36;31;39;4;3;5;3;0;134;8;18.62;17.57;26.73;18.92;5.41;4.65;5.86;0.6;0.45;0.75;0.45;0;16.24;1.2
12027;12;Bessuéjouls;219;173;166;26;33;31;39;9;11;9;0;7;0;1;0;46;4;15.66;19.88;18.67;23.49;5.42;6.63;5.42;0;4.22;0;0.6;0;21;2.41
12028;12;Boisse-Penchot;400;325;316;85;128;45;22;4;2;25;1;1;3;0;0;75;5;26.9;40.51;14.24;6.96;1.27;0.63;7.91;0.32;0.32;0.95;0;0;18.75;1.58
12029;12;Bor-et-Bar;154;121;120;13;27;22;32;11;6;5;1;3;0;0;0;33;0;10.83;22.5;18.33;26.67;9.17;5;4.17;0.83;2.5;0;0;0;21.43;0
12030;12;Bouillac;338;276;268;70;61;51;40;14;8;14;5;2;3;0;0;62;6;26.12;22.76;19.03;14.93;5.22;2.99;5.22;1.87;0.75;1.12;0;0;18.34;2.24
12031;12;Bournazel;256;235;226;25;39;84;37;17;8;13;1;2;0;0;0;21;1;11.06;17.26;37.17;16.37;7.52;3.54;5.75;0.44;0.88;0;0;0;8.2;0.44
12032;12;Boussac;444;390;382;57;60;105;95;20;22;13;3;3;2;2;0;54;4;14.92;15.71;27.49;24.87;5.24;5.76;3.4;0.79;0.79;0.52;0.52;0;12.16;1.05
12033;12;Bozouls;2162;1871;1823;311;322;432;443;116;61;104;11;10;7;6;0;291;10;17.06;17.66;23.7;24.3;6.36;3.35;5.7;0.6;0.55;0.38;0.33;0;13.46;0.55
12034;12;Brandonnet;261;224;219;26;43;75;38;9;8;15;2;1;1;1;0;37;3;11.87;19.63;34.25;17.35;4.11;3.65;6.85;0.91;0.46;0.46;0.46;0;14.18;1.37
12035;12;Brasc;161;132;126;26;19;30;23;4;11;9;0;2;2;0;0;29;1;20.63;15.08;23.81;18.25;3.17;8.73;7.14;0;1.59;1.59;0;0;18.01;0.79
12036;12;Brommat;561;458;450;78;55;85;170;28;12;12;2;5;2;1;0;103;5;17.33;12.22;18.89;37.78;6.22;2.67;2.67;0.44;1.11;0.44;0.22;0;18.36;1.11
12037;12;Broquiès;486;410;387;47;61;107;85;29;19;24;11;2;0;2;0;76;8;12.14;15.76;27.65;21.96;7.49;4.91;6.2;2.84;0.52;0;0.52;0;15.64;2.07
12038;12;Brousse-le-Château;152;134;132;22;31;36;25;3;3;7;3;1;1;0;0;18;0;16.67;23.48;27.27;18.94;2.27;2.27;5.3;2.27;0.76;0.76;0;0;11.84;0
12039;12;Brusque;297;234;225;48;51;50;49;4;10;9;0;2;0;2;0;63;5;21.33;22.67;22.22;21.78;1.78;4.44;4;0;0.89;0;0.89;0;21.21;2.22
12041;12;Cabanès;243;207;202;27;41;55;36;11;13;10;4;2;2;1;0;36;2;13.37;20.3;27.23;17.82;5.45;6.44;4.95;1.98;0.99;0.99;0.5;0;14.81;0.99
12042;12;Calmels-et-le-Viala;193;165;157;18;30;39;35;4;6;20;1;2;2;0;0;28;2;11.46;19.11;24.84;22.29;2.55;3.82;12.74;0.64;1.27;1.27;0;0;14.51;1.27
12043;12;Calmont;1589;1417;1378;242;225;425;271;61;48;73;6;18;6;3;0;172;13;17.56;16.33;30.84;19.67;4.43;3.48;5.3;0.44;1.31;0.44;0.22;0;10.82;0.94
12044;12;Camarès;820;711;693;97;132;199;144;24;33;45;1;7;11;0;0;109;1;14;19.05;28.72;20.78;3.46;4.76;6.49;0.14;1.01;1.59;0;0;13.29;0.14
12045;12;Camboulazet;336;302;292;44;54;76;45;17;24;20;5;4;3;0;0;34;5;15.07;18.49;26.03;15.41;5.82;8.22;6.85;1.71;1.37;1.03;0;0;10.12;1.71
12046;12;Camjac;518;439;427;59;59;125;101;15;17;43;2;3;2;1;0;79;3;13.82;13.82;29.27;23.65;3.51;3.98;10.07;0.47;0.7;0.47;0.23;0;15.25;0.7
12047;12;Campagnac;363;314;300;68;46;52;64;16;21;20;4;6;1;2;0;49;4;22.67;15.33;17.33;21.33;5.33;7;6.67;1.33;2;0.33;0.67;0;13.5;1.33
12048;12;Campouriez;339;277;269;58;45;29;82;33;9;11;0;2;0;0;0;62;3;21.56;16.73;10.78;30.48;12.27;3.35;4.09;0;0.74;0;0;0;18.29;1.12
12049;12;Campuac;385;329;315;58;33;58;103;23;16;18;0;2;3;1;0;56;3;18.41;10.48;18.41;32.7;7.3;5.08;5.71;0;0.63;0.95;0.32;0;14.55;0.95
12050;12;Canet-de-Salars;393;326;318;75;45;50;90;27;10;15;1;1;3;1;0;67;2;23.58;14.15;15.72;28.3;8.49;3.14;4.72;0.31;0.31;0.94;0.31;0;17.05;0.63
12051;12;Cantoin;303;247;242;39;15;51;97;7;14;7;2;2;4;4;0;56;2;16.12;6.2;21.07;40.08;2.89;5.79;2.89;0.83;0.83;1.65;1.65;0;18.48;0.83
12052;12;Capdenac-Gare;3383;2714;2623;374;748;648;365;128;52;213;21;52;18;4;0;669;30;14.26;28.52;24.7;13.92;4.88;1.98;8.12;0.8;1.98;0.69;0.15;0;19.78;1.14
12053;12;La Capelle-Balaguier;238;208;206;47;42;51;39;7;5;11;0;1;2;1;0;30;2;22.82;20.39;24.76;18.93;3.4;2.43;5.34;0;0.49;0.97;0.49;0;12.61;0.97
12054;12;La Capelle-Bleys;307;266;255;31;41;99;31;10;13;17;4;7;2;0;0;41;2;12.16;16.08;38.82;12.16;3.92;5.1;6.67;1.57;2.75;0.78;0;0;13.36;0.78
12055;12;La Capelle-Bonance;81;71;68;13;7;7;30;4;6;0;0;1;0;0;0;10;3;19.12;10.29;10.29;44.12;5.88;8.82;0;0;1.47;0;0;0;12.35;4.41
12056;12;Baraqueville;2240;1966;1906;311;322;550;352;86;75;157;19;19;11;4;0;274;18;16.32;16.89;28.86;18.47;4.51;3.93;8.24;1;1;0.58;0.21;0;12.23;0.94
12057;12;Cassagnes-Bégonhès;813;707;686;117;87;206;165;34;24;38;3;8;3;1;0;106;8;17.06;12.68;30.03;24.05;4.96;3.5;5.54;0.44;1.17;0.44;0.15;0;13.04;1.17
12058;12;Cassuéjouls;127;99;94;8;10;23;33;4;9;6;0;1;0;0;0;28;0;8.51;10.64;24.47;35.11;4.26;9.57;6.38;0;1.06;0;0;0;22.05;0
12059;12;Castanet;477;386;367;48;55;96;89;36;28;9;3;2;1;0;0;91;9;13.08;14.99;26.16;24.25;9.81;7.63;2.45;0.82;0.54;0.27;0;0;19.08;2.45
12060;12;Castelmary;112;93;92;8;14;34;18;4;8;4;1;1;0;0;0;19;0;8.7;15.22;36.96;19.57;4.35;8.7;4.35;1.09;1.09;0;0;0;16.96;0
12061;12;Castelnau-de-Mandailles;474;414;401;95;37;86;124;12;23;13;5;5;1;0;0;60;2;23.69;9.23;21.45;30.92;2.99;5.74;3.24;1.25;1.25;0.25;0;0;12.66;0.5
12062;12;Castelnau-Pégayrols;281;253;245;44;51;56;55;13;9;11;0;4;2;0;0;28;2;17.96;20.82;22.86;22.45;5.31;3.67;4.49;0;1.63;0.82;0;0;9.96;0.82
12063;12;La Cavalerie;839;662;644;217;117;99;113;29;23;28;9;6;1;2;0;177;4;33.7;18.17;15.37;17.55;4.5;3.57;4.35;1.4;0.93;0.16;0.31;0;21.1;0.62
12064;12;Le Cayrol;239;186;178;46;18;21;66;11;13;2;0;0;0;1;0;53;3;25.84;10.11;11.8;37.08;6.18;7.3;1.12;0;0;0;0.56;0;22.18;1.69
12065;12;Centrès;446;365;351;50;55;115;68;9;16;27;4;5;1;1;0;81;5;14.25;15.67;32.76;19.37;2.56;4.56;7.69;1.14;1.42;0.28;0.28;0;18.16;1.42
12066;12;Clairvaux-d'Aveyron;835;713;693;88;115;253;128;29;15;48;6;9;2;0;0;122;6;12.7;16.59;36.51;18.47;4.18;2.16;6.93;0.87;1.3;0.29;0;0;14.61;0.87
12067;12;Le Clapier;89;70;69;7;18;12;13;3;10;3;2;0;0;1;0;19;0;10.14;26.09;17.39;18.84;4.35;14.49;4.35;2.9;0;0;1.45;0;21.35;0
12068;12;Colombiès;801;679;657;101;66;200;168;33;40;30;6;7;4;2;0;122;7;15.37;10.05;30.44;25.57;5.02;6.09;4.57;0.91;1.07;0.61;0.3;0;15.23;1.07
12069;12;Combret;257;216;214;25;60;44;35;11;16;16;0;7;0;0;0;41;0;11.68;28.04;20.56;16.36;5.14;7.48;7.48;0;3.27;0;0;0;15.95;0
12070;12;Compeyre;465;404;397;57;114;88;72;13;6;30;5;9;2;1;0;61;2;14.36;28.72;22.17;18.14;3.27;1.51;7.56;1.26;2.27;0.5;0.25;0;13.12;0.5
12071;12;Compolibat;339;272;270;43;34;82;47;16;18;18;2;6;3;1;0;67;1;15.93;12.59;30.37;17.41;5.93;6.67;6.67;0.74;2.22;1.11;0.37;0;19.76;0.37
12072;12;Comprégnac;231;207;204;37;57;38;33;4;6;17;4;6;2;0;0;24;0;18.14;27.94;18.63;16.18;1.96;2.94;8.33;1.96;2.94;0.98;0;0;10.39;0
12073;12;Comps-la-Grand-Ville;472;409;396;77;65;103;91;28;12;10;3;6;1;0;0;63;6;19.44;16.41;26.01;22.98;7.07;3.03;2.53;0.76;1.52;0.25;0;0;13.35;1.52
12074;12;Condom-d'Aubrac;278;225;214;30;29;36;79;8;20;9;2;1;0;0;0;53;4;14.02;13.55;16.82;36.92;3.74;9.35;4.21;0.93;0.47;0;0;0;19.06;1.87
12075;12;Connac;94;86;86;4;20;21;18;1;10;7;2;3;0;0;0;8;0;4.65;23.26;24.42;20.93;1.16;11.63;8.14;2.33;3.49;0;0;0;8.51;0
12076;12;Conques-en-Rouergue;1487;1280;1226;163;204;333;290;56;59;84;12;17;5;3;0;207;15;13.3;16.64;27.16;23.65;4.57;4.81;6.85;0.98;1.39;0.41;0.24;0;13.92;1.22
12077;12;Cornus;402;349;341;55;67;83;76;15;23;13;4;5;0;0;0;53;4;16.13;19.65;24.34;22.29;4.4;6.74;3.81;1.17;1.47;0;0;0;13.18;1.17
12078;12;Les Costes-Gozon;166;126;124;18;21;31;19;17;10;6;0;0;2;0;0;40;1;14.52;16.94;25;15.32;13.71;8.06;4.84;0;0;1.61;0;0;24.1;0.81
12079;12;Coubisou;430;368;356;63;43;89;97;21;20;16;2;3;2;0;0;62;4;17.7;12.08;25;27.25;5.9;5.62;4.49;0.56;0.84;0.56;0;0;14.42;1.12
12080;12;Coupiac;370;295;287;42;52;77;60;16;18;13;1;4;3;1;0;75;0;14.63;18.12;26.83;20.91;5.57;6.27;4.53;0.35;1.39;1.05;0.35;0;20.27;0
12082;12;La Couvertoirade;210;178;175;25;41;25;41;5;4;30;0;3;1;0;0;32;1;14.29;23.43;14.29;23.43;2.86;2.29;17.14;0;1.71;0.57;0;0;15.24;0.57
12083;12;Cransac;1291;977;942;194;317;205;86;23;24;56;6;19;11;1;0;314;18;20.59;33.65;21.76;9.13;2.44;2.55;5.94;0.64;2.02;1.17;0.11;0;24.32;1.91
12084;12;Creissels;1288;1099;1064;214;248;262;149;63;17;70;6;29;3;3;0;189;7;20.11;23.31;24.62;14;5.92;1.6;6.58;0.56;2.73;0.28;0.28;0;14.67;0.66
12085;12;Crespin;241;206;198;30;31;47;51;10;12;10;1;6;0;0;0;35;2;15.15;15.66;23.74;25.76;5.05;6.06;5.05;0.51;3.03;0;0;0;14.52;1.01
12086;12;La Cresse;299;253;240;54;51;46;41;13;9;17;4;4;0;1;0;46;2;22.5;21.25;19.17;17.08;5.42;3.75;7.08;1.67;1.67;0;0.42;0;15.38;0.83
12088;12;Curières;202;168;167;25;10;17;86;6;11;9;1;0;2;0;0;34;1;14.97;5.99;10.18;51.5;3.59;6.59;5.39;0.6;0;1.2;0;0;16.83;0.6
12089;12;Decazeville;4080;2995;2907;508;860;656;417;90;71;212;21;47;19;6;0;1085;29;17.48;29.58;22.57;14.34;3.1;2.44;7.29;0.72;1.62;0.65;0.21;0;26.59;1
12090;12;Druelle Balsac;2267;2033;1976;275;371;656;319;126;57;135;15;15;4;3;0;234;20;13.92;18.78;33.2;16.14;6.38;2.88;6.83;0.76;0.76;0.2;0.15;0;10.32;1.01
12091;12;Drulhe;375;334;321;55;48;69;97;13;13;19;2;0;4;1;0;41;4;17.13;14.95;21.5;30.22;4.05;4.05;5.92;0.62;0;1.25;0.31;0;10.93;1.25
12092;12;Durenque;456;403;393;83;26;94;117;22;29;16;1;4;1;0;0;53;3;21.12;6.62;23.92;29.77;5.6;7.38;4.07;0.25;1.02;0.25;0;0;11.62;0.76
12093;12;Le Fel;141;127;126;22;16;15;50;7;4;9;2;1;0;0;0;14;0;17.46;12.7;11.9;39.68;5.56;3.17;7.14;1.59;0.79;0;0;0;9.93;0
12094;12;Entraygues-sur-Truyère;868;728;711;130;114;143;212;26;23;40;9;9;5;0;0;140;8;18.28;16.03;20.11;29.82;3.66;3.23;5.63;1.27;1.27;0.7;0;0;16.13;1.13
12095;12;Escandolières;183;163;158;21;31;42;31;13;6;13;0;1;0;0;0;20;2;13.29;19.62;26.58;19.62;8.23;3.8;8.23;0;0.63;0;0;0;10.93;1.27
12096;12;Espalion;3460;2807;2727;432;422;667;807;132;79;120;10;31;21;6;0;653;25;15.84;15.47;24.46;29.59;4.84;2.9;4.4;0.37;1.14;0.77;0.22;0;18.87;0.92
12097;12;Espeyrac;221;183;179;31;22;49;46;7;14;7;0;2;1;0;0;38;1;17.32;12.29;27.37;25.7;3.91;7.82;3.91;0;1.12;0.56;0;0;17.19;0.56
12098;12;Estaing;500;411;397;50;64;75;165;8;15;11;2;5;2;0;0;89;5;12.59;16.12;18.89;41.56;2.02;3.78;2.77;0.5;1.26;0.5;0;0;17.8;1.26
12099;12;Fayet;258;225;221;47;34;59;46;8;9;13;3;1;1;0;0;33;1;21.27;15.38;26.7;20.81;3.62;4.07;5.88;1.36;0.45;0.45;0;0;12.79;0.45
12100;12;Firmi;1994;1617;1563;249;498;394;158;62;45;111;10;27;6;3;0;377;12;15.93;31.86;25.21;10.11;3.97;2.88;7.1;0.64;1.73;0.38;0.19;0;18.91;0.77
12101;12;Flagnac;777;688;668;89;164;210;103;30;26;24;11;9;2;0;0;89;6;13.32;24.55;31.44;15.42;4.49;3.89;3.59;1.65;1.35;0.3;0;0;11.45;0.9
12102;12;Flavin;1883;1664;1608;269;281;449;308;99;73;84;10;22;10;3;0;219;18;16.73;17.48;27.92;19.15;6.16;4.54;5.22;0.62;1.37;0.62;0.19;0;11.63;1.12
12103;12;Florentin-la-Capelle;283;236;227;21;27;31;95;16;17;15;1;1;3;0;0;47;4;9.25;11.89;13.66;41.85;7.05;7.49;6.61;0.44;0.44;1.32;0;0;16.61;1.76
12104;12;Foissac;341;301;287;43;72;61;43;16;10;21;11;8;2;0;0;40;6;14.98;25.09;21.25;14.98;5.57;3.48;7.32;3.83;2.79;0.7;0;0;11.73;2.09
12105;12;La Fouillade;902;776;757;124;141;201;166;40;20;42;4;12;5;2;0;126;9;16.38;18.63;26.55;21.93;5.28;2.64;5.55;0.53;1.59;0.66;0.26;0;13.97;1.19
12106;12;Gabriac;446;370;363;49;42;72;125;15;23;20;4;10;1;2;0;76;1;13.5;11.57;19.83;34.44;4.13;6.34;5.51;1.1;2.75;0.28;0.55;0;17.04;0.28
12107;12;Gaillac-d'Aveyron;280;239;233;46;49;58;42;9;11;14;0;1;1;2;0;41;2;19.74;21.03;24.89;18.03;3.86;4.72;6.01;0;0.43;0.43;0.86;0;14.64;0.86
12108;12;Galgan;314;269;265;42;40;80;57;16;6;12;4;4;3;1;0;45;2;15.85;15.09;30.19;21.51;6.04;2.26;4.53;1.51;1.51;1.13;0.38;0;14.33;0.75
12109;12;Gissac;97;81;80;15;9;26;9;6;7;5;0;3;0;0;0;16;1;18.75;11.25;32.5;11.25;7.5;8.75;6.25;0;3.75;0;0;0;16.49;1.25
12110;12;Golinhac;316;267;258;40;43;63;79;13;10;7;0;2;1;0;0;49;0;15.5;16.67;24.42;30.62;5.04;3.88;2.71;0;0.78;0.39;0;0;15.51;0
12111;12;Goutrens;429;367;359;47;101;91;59;18;12;27;1;0;2;1;0;62;2;13.09;28.13;25.35;16.43;5.01;3.34;7.52;0.28;0;0.56;0.28;0;14.45;0.56
12113;12;Gramond;341;299;287;38;38;64;89;21;21;8;2;5;1;0;0;42;6;13.24;13.24;22.3;31.01;7.32;7.32;2.79;0.7;1.74;0.35;0;0;12.32;2.09
12115;12;L'Hospitalet-du-Larzac;243;213;209;62;43;32;27;8;17;9;3;7;1;0;0;30;1;29.67;20.57;15.31;12.92;3.83;8.13;4.31;1.44;3.35;0.48;0;0;12.35;0.48
12116;12;Huparlac;218;198;192;27;15;29;84;21;4;6;1;2;3;0;0;20;3;14.06;7.81;15.1;43.75;10.94;2.08;3.13;0.52;1.04;1.56;0;0;9.17;1.56
12118;12;Lacroix-Barrez;436;364;362;63;37;85;114;35;15;6;2;3;1;1;0;72;0;17.4;10.22;23.48;31.49;9.67;4.14;1.66;0.55;0.83;0.28;0.28;0;16.51;0
12119;12;Laguiole;929;802;790;105;56;171;348;28;41;28;5;4;4;0;0;127;5;13.29;7.09;21.65;44.05;3.54;5.19;3.54;0.63;0.51;0.51;0;0;13.67;0.63
12120;12;Laissac-Sévérac l'Eglise;1557;1349;1295;246;195;305;304;73;64;56;7;26;10;9;0;208;19;19;15.06;23.55;23.47;5.64;4.94;4.32;0.54;2.01;0.77;0.69;0;13.36;1.47
12121;12;Lanuéjouls;581;504;489;85;76;155;104;26;9;24;2;4;4;0;0;77;7;17.38;15.54;31.7;21.27;5.32;1.84;4.91;0.41;0.82;0.82;0;0;13.25;1.43
12122;12;Lapanouse-de-Cernon;120;105;102;19;20;23;21;7;3;7;2;0;0;0;0;15;0;18.63;19.61;22.55;20.59;6.86;2.94;6.86;1.96;0;0;0;0;12.5;0
12124;12;Lassouts;304;254;251;38;33;42;84;14;16;15;1;4;3;1;0;50;0;15.14;13.15;16.73;33.47;5.58;6.37;5.98;0.4;1.59;1.2;0.4;0;16.45;0
12125;12;Laval-Roquecezière;294;220;208;42;34;49;34;11;18;13;0;4;2;1;0;74;4;20.19;16.35;23.56;16.35;5.29;8.65;6.25;0;1.92;0.96;0.48;0;25.17;1.92
12127;12;Lédergues;677;563;536;111;96;122;115;20;29;24;2;10;7;0;0;114;14;20.71;17.91;22.76;21.46;3.73;5.41;4.48;0.37;1.87;1.31;0;0;16.84;2.61
12128;12;Lescure-Jaoul;213;168;165;23;27;38;41;11;9;13;0;3;0;0;0;45;3;13.94;16.36;23.03;24.85;6.67;5.45;7.88;0;1.82;0;0;0;21.13;1.82
12129;12;Lestrade-et-Thouels;391;340;321;84;23;82;86;17;7;10;1;9;2;0;0;51;9;26.17;7.17;25.55;26.79;5.3;2.18;3.12;0.31;2.8;0.62;0;0;13.04;2.8
12130;12;Livinhac-le-Haut;884;719;696;92;179;189;119;30;17;50;2;8;10;0;0;165;7;13.22;25.72;27.16;17.1;4.31;2.44;7.18;0.29;1.15;1.44;0;0;18.67;1.01
12131;12;La Loubière;1255;1117;1083;173;196;324;211;49;42;62;10;10;3;3;0;138;12;15.97;18.1;29.92;19.48;4.52;3.88;5.72;0.92;0.92;0.28;0.28;0;11;1.11
12133;12;Luc;4372;3856;3716;631;562;1145;728;239;123;190;24;38;25;11;0;516;42;16.98;15.12;30.81;19.59;6.43;3.31;5.11;0.65;1.02;0.67;0.3;0;11.8;1.13
12134;12;Lugan;280;242;234;43;64;51;28;5;2;26;8;2;5;0;0;38;4;18.38;27.35;21.79;11.97;2.14;0.85;11.11;3.42;0.85;2.14;0;0;13.57;1.71
12135;12;Lunac;346;295;289;52;52;75;60;13;11;20;4;0;2;0;0;51;3;17.99;17.99;25.95;20.76;4.5;3.81;6.92;1.38;0;0.69;0;0;14.74;1.04
12136;12;Maleville;809;683;660;143;112;177;115;28;29;29;5;11;10;1;0;126;6;21.67;16.97;26.82;17.42;4.24;4.39;4.39;0.76;1.67;1.52;0.15;0;15.57;0.91
12137;12;Manhac;585;527;508;104;84;157;71;36;21;20;1;8;5;1;0;58;5;20.47;16.54;30.91;13.98;7.09;4.13;3.94;0.2;1.57;0.98;0.2;0;9.91;0.98
12138;12;Marcillac-Vallon;1295;1112;1095;133;219;308;226;59;25;97;9;12;4;3;0;183;5;12.15;20;28.13;20.64;5.39;2.28;8.86;0.82;1.1;0.37;0.27;0;14.13;0.46
12139;12;Marnhagues-et-Latour;129;103;99;19;22;10;34;3;4;6;0;1;0;0;0;26;1;19.19;22.22;10.1;34.34;3.03;4.04;6.06;0;1.01;0;0;0;20.16;1.01
12140;12;Martiel;784;693;680;111;127;205;126;28;16;49;5;4;6;3;0;91;5;16.32;18.68;30.15;18.53;4.12;2.35;7.21;0.74;0.59;0.88;0.44;0;11.61;0.74
12141;12;Martrin;221;175;168;14;42;41;33;6;6;16;6;2;2;0;0;46;2;8.33;25;24.4;19.64;3.57;3.57;9.52;3.57;1.19;1.19;0;0;20.81;1.19
12142;12;Mayran;509;438;423;49;79;145;83;26;15;19;2;2;2;1;0;71;3;11.58;18.68;34.28;19.62;6.15;3.55;4.49;0.47;0.47;0.47;0.24;0;13.95;0.71
12143;12;Mélagues;96;77;75;8;16;20;10;6;8;6;0;1;0;0;0;19;0;10.67;21.33;26.67;13.33;8;10.67;8;0;1.33;0;0;0;19.79;0
12144;12;Meljac;134;107;103;13;29;26;21;3;3;7;0;1;0;0;0;27;2;12.62;28.16;25.24;20.39;2.91;2.91;6.8;0;0.97;0;0;0;20.15;1.94
12145;12;Millau;16666;13174;12775;2259;3065;3113;2142;553;289;913;107;222;87;25;0;3492;146;17.68;23.99;24.37;16.77;4.33;2.26;7.15;0.84;1.74;0.68;0.2;0;20.95;1.14
12146;12;Le Monastère;1736;1510;1475;218;277;491;230;80;29;114;13;19;4;0;0;226;13;14.78;18.78;33.29;15.59;5.42;1.97;7.73;0.88;1.29;0.27;0;0;13.02;0.88
12147;12;Montagnol;155;121;120;42;23;20;14;8;4;7;0;2;0;0;0;34;0;35;19.17;16.67;11.67;6.67;3.33;5.83;0;1.67;0;0;0;21.94;0
12148;12;Montbazens;1037;893;858;102;155;288;168;31;28;65;7;6;7;1;0;144;15;11.89;18.07;33.57;19.58;3.61;3.26;7.58;0.82;0.7;0.82;0.12;0;13.89;1.75
12149;12;Montclar;133;113;110;23;17;25;22;6;6;7;1;1;2;0;0;20;2;20.91;15.45;22.73;20;5.45;5.45;6.36;0.91;0.91;1.82;0;0;15.04;1.82
12150;12;Monteils;446;391;377;47;87;105;63;17;24;20;7;3;3;1;0;55;7;12.47;23.08;27.85;16.71;4.51;6.37;5.31;1.86;0.8;0.8;0.27;0;12.33;1.86
12151;12;Montézic;212;187;180;29;25;44;46;19;9;5;0;3;0;0;0;25;1;16.11;13.89;24.44;25.56;10.56;5;2.78;0;1.67;0;0;0;11.79;0.56
12152;12;Montfranc;125;103;98;18;8;9;45;8;5;2;1;0;1;1;0;22;1;18.37;8.16;9.18;45.92;8.16;5.1;2.04;1.02;0;1.02;1.02;0;17.6;1.02
12153;12;Montjaux;383;325;322;46;79;82;51;13;9;28;3;7;3;1;0;58;0;14.29;24.53;25.47;15.84;4.04;2.8;8.7;0.93;2.17;0.93;0.31;0;15.14;0
12154;12;Montlaur;559;461;437;64;108;114;72;25;18;27;1;4;4;0;0;98;8;14.65;24.71;26.09;16.48;5.72;4.12;6.18;0.23;0.92;0.92;0;0;17.53;1.83
12155;12;Fondamente;278;227;219;39;40;46;44;20;11;14;0;2;1;2;0;51;3;17.81;18.26;21;20.09;9.13;5.02;6.39;0;0.91;0.46;0.91;0;18.35;1.37
12156;12;Montpeyroux;486;424;418;82;32;55;171;31;23;7;8;6;2;1;0;62;4;19.62;7.66;13.16;40.91;7.42;5.5;1.67;1.91;1.44;0.48;0.24;0;12.76;0.96
12157;12;Montrozier;1285;1138;1114;178;277;287;199;41;30;67;9;16;7;3;0;147;7;15.98;24.87;25.76;17.86;3.68;2.69;6.01;0.81;1.44;0.63;0.27;0;11.44;0.63
12158;12;Montsalès;225;202;194;24;52;49;44;8;2;9;2;4;0;0;0;23;2;12.37;26.8;25.26;22.68;4.12;1.03;4.64;1.03;2.06;0;0;0;10.22;1.03
12159;12;Morlhon-le-Haut;520;449;434;69;102;106;78;24;17;25;1;6;5;1;0;71;3;15.9;23.5;24.42;17.97;5.53;3.92;5.76;0.23;1.38;1.15;0.23;0;13.65;0.69
12160;12;Mostuéjouls;295;257;249;38;59;51;57;13;6;17;2;1;5;0;0;38;1;15.26;23.69;20.48;22.89;5.22;2.41;6.83;0.8;0.4;2.01;0;0;12.88;0.4
12161;12;Mouret;451;383;374;58;83;86;95;14;8;23;1;5;0;1;0;68;4;15.51;22.19;22.99;25.4;3.74;2.14;6.15;0.27;1.34;0;0.27;0;15.08;1.07
12162;12;Moyrazès;950;796;772;103;144;203;172;51;33;41;17;4;3;1;0;154;9;13.34;18.65;26.3;22.28;6.61;4.27;5.31;2.2;0.52;0.39;0.13;0;16.21;1.17
12163;12;Murasson;188;137;126;15;18;30;31;10;9;5;4;2;2;0;0;51;4;11.9;14.29;23.81;24.6;7.94;7.14;3.97;3.17;1.59;1.59;0;0;27.13;3.17
12164;12;Mur-de-Barrez;511;417;396;46;45;86;150;20;17;14;4;6;6;2;0;94;7;11.62;11.36;21.72;37.88;5.05;4.29;3.54;1.01;1.52;1.52;0.51;0;18.4;1.77
12165;12;Muret-le-Château;296;253;246;48;57;53;38;12;16;17;1;4;0;0;0;43;1;19.51;23.17;21.54;15.45;4.88;6.5;6.91;0.41;1.63;0;0;0;14.53;0.41
12166;12;Murols;106;91;89;19;8;8;33;11;7;1;1;0;1;0;0;15;0;21.35;8.99;8.99;37.08;12.36;7.87;1.12;1.12;0;1.12;0;0;14.15;0
12167;12;Najac;656;549;536;53;145;124;132;23;18;25;3;7;6;0;0;107;5;9.89;27.05;23.13;24.63;4.29;3.36;4.66;0.56;1.31;1.12;0;0;16.31;0.93
12168;12;Nant;819;703;687;115;157;176;117;27;27;36;5;18;6;3;0;116;5;16.74;22.85;25.62;17.03;3.93;3.93;5.24;0.73;2.62;0.87;0.44;0;14.16;0.73
12169;12;Naucelle;1601;1381;1333;214;219;376;321;48;54;74;10;5;10;2;0;220;11;16.05;16.43;28.21;24.08;3.6;4.05;5.55;0.75;0.38;0.75;0.15;0;13.74;0.83
12170;12;Naussac;307;264;253;29;59;74;50;17;8;10;1;4;1;0;0;43;6;11.46;23.32;29.25;19.76;6.72;3.16;3.95;0.4;1.58;0.4;0;0;14.01;2.37
12171;12;Nauviale;450;383;376;67;70;85;79;13;24;24;1;9;4;0;0;67;4;17.82;18.62;22.61;21.01;3.46;6.38;6.38;0.27;2.39;1.06;0;0;14.89;1.06
12172;12;Le Nayrac;478;386;378;54;30;77;155;22;20;14;1;5;0;0;0;92;2;14.29;7.94;20.37;41.01;5.82;5.29;3.7;0.26;1.32;0;0;0;19.25;0.53
12174;12;Olemps;2429;2175;2119;278;380;761;366;116;49;123;12;18;13;3;0;254;13;13.12;17.93;35.91;17.27;5.47;2.31;5.8;0.57;0.85;0.61;0.14;0;10.46;0.61
12175;12;Ols-et-Rinhodes;121;114;112;17;17;24;38;2;5;5;0;2;2;0;0;7;1;15.18;15.18;21.43;33.93;1.79;4.46;4.46;0;1.79;1.79;0;0;5.79;0.89
12176;12;Onet-le-Château;7785;6400;6224;837;1316;1812;1245;272;187;378;56;70;42;9;0;1385;51;13.45;21.14;29.11;20;4.37;3;6.07;0.9;1.12;0.67;0.14;0;17.79;0.82
12177;12;Palmas d'Aveyron;804;669;647;138;79;144;171;40;26;24;8;13;2;2;0;135;7;21.33;12.21;22.26;26.43;6.18;4.02;3.71;1.24;2.01;0.31;0.31;0;16.79;1.08
12178;12;Paulhe;296;266;255;61;50;58;44;11;8;15;3;4;1;0;0;30;0;23.92;19.61;22.75;17.25;4.31;3.14;5.88;1.18;1.57;0.39;0;0;10.14;0
12179;12;Peux-et-Couffouleux;97;73;71;16;10;5;31;1;2;0;2;4;0;0;0;24;1;22.54;14.08;7.04;43.66;1.41;2.82;0;2.82;5.63;0;0;0;24.74;1.41
12180;12;Peyreleau;113;95;92;10;21;26;26;3;2;0;0;3;0;1;0;18;0;10.87;22.83;28.26;28.26;3.26;2.17;0;0;3.26;0;1.09;0;15.93;0
12181;12;Peyrusse-le-Roc;223;180;168;16;30;56;41;7;5;11;0;1;1;0;0;43;2;9.52;17.86;33.33;24.4;4.17;2.98;6.55;0;0.6;0.6;0;0;19.28;1.19
12182;12;Pierrefiche;221;191;188;32;33;24;60;14;4;18;0;2;1;0;0;30;1;17.02;17.55;12.77;31.91;7.45;2.13;9.57;0;1.06;0.53;0;0;13.57;0.53
12183;12;Plaisance;229;187;183;32;26;47;40;5;18;12;1;2;0;0;0;42;1;17.49;14.21;25.68;21.86;2.73;9.84;6.56;0.55;1.09;0;0;0;18.34;0.55
12184;12;Pomayrols;138;119;115;17;13;24;48;3;6;1;0;1;0;2;0;19;2;14.78;11.3;20.87;41.74;2.61;5.22;0.87;0;0.87;0;1.74;0;13.77;1.74
12185;12;Pont-de-Salars;1216;1048;1010;176;159;230;249;73;54;42;8;12;7;0;0;168;15;17.43;15.74;22.77;24.65;7.23;5.35;4.16;0.79;1.19;0.69;0;0;13.82;1.49
12186;12;Pousthomy;194;155;147;29;22;38;26;4;11;11;1;5;0;0;0;39;2;19.73;14.97;25.85;17.69;2.72;7.48;7.48;0.68;3.4;0;0;0;20.1;1.36
12187;12;Prades-d'Aubrac;297;232;227;32;21;42;92;5;25;5;0;3;2;0;0;65;5;14.1;9.25;18.5;40.53;2.2;11.01;2.2;0;1.32;0.88;0;0;21.89;2.2
12188;12;Prades-Salars;286;250;247;50;17;64;79;15;11;4;1;2;4;0;0;36;1;20.24;6.88;25.91;31.98;6.07;4.45;1.62;0.4;0.81;1.62;0;0;12.59;0.4
12189;12;Pradinas;304;250;234;42;44;66;40;15;10;10;1;5;1;0;0;54;2;17.95;18.8;28.21;17.09;6.41;4.27;4.27;0.43;2.14;0.43;0;0;17.76;0.85
12190;12;Prévinquières;276;225;219;48;40;48;24;11;16;17;10;5;0;0;0;51;2;21.92;18.26;21.92;10.96;5.02;7.31;7.76;4.57;2.28;0;0;0;18.48;0.91
12191;12;Privezac;289;244;229;39;28;62;47;12;9;24;4;4;0;0;0;45;5;17.03;12.23;27.07;20.52;5.24;3.93;10.48;1.75;1.75;0;0;0;15.57;2.18
12192;12;Mounes-Prohencoux;209;171;167;16;38;56;26;10;13;4;1;3;0;0;0;38;1;9.58;22.75;33.53;15.57;5.99;7.78;2.4;0.6;1.8;0;0;0;18.18;0.6
12193;12;Pruines;250;200;195;30;52;28;54;9;8;11;0;1;2;0;0;50;1;15.38;26.67;14.36;27.69;4.62;4.1;5.64;0;0.51;1.03;0;0;20;0.51
12194;12;Quins;721;614;591;97;118;199;70;23;32;35;3;5;7;2;0;107;3;16.41;19.97;33.67;11.84;3.89;5.41;5.92;0.51;0.85;1.18;0.34;0;14.84;0.51
12195;12;Rebourguil;242;201;195;27;35;56;41;13;10;8;1;1;3;0;0;41;2;13.85;17.95;28.72;21.03;6.67;5.13;4.1;0.51;0.51;1.54;0;0;16.94;1.03
12197;12;Réquista;1679;1384;1334;221;198;349;317;81;63;69;6;20;9;1;0;295;27;16.57;14.84;26.16;23.76;6.07;4.72;5.17;0.45;1.5;0.67;0.07;0;17.57;2.02
12198;12;Rieupeyroux;1597;1369;1325;217;219;335;274;69;63;91;10;19;24;4;0;228;13;16.38;16.53;25.28;20.68;5.21;4.75;6.87;0.75;1.43;1.81;0.3;0;14.28;0.98
12199;12;Rignac;1444;1253;1216;221;178;351;269;51;41;74;7;12;9;3;0;191;20;18.17;14.64;28.87;22.12;4.19;3.37;6.09;0.58;0.99;0.74;0.25;0;13.23;1.64
12200;12;Rivière-sur-Tarn;806;694;676;117;158;146;134;37;18;44;2;11;7;2;0;112;7;17.31;23.37;21.6;19.82;5.47;2.66;6.51;0.3;1.63;1.04;0.3;0;13.9;1.04
12201;12;Rodelle;855;737;713;79;134;217;172;41;24;31;7;7;1;0;0;118;10;11.08;18.79;30.43;24.12;5.75;3.37;4.35;0.98;0.98;0.14;0;0;13.8;1.4
12202;12;Rodez;15084;11915;11602;1371;2209;3545;2590;453;246;912;74;128;58;16;0;3169;107;11.82;19.04;30.56;22.32;3.9;2.12;7.86;0.64;1.1;0.5;0.14;0;21.01;0.92
12203;12;Roquefort-sur-Soulzon;533;426;415;106;66;100;80;13;19;18;3;7;1;2;0;107;5;25.54;15.9;24.1;19.28;3.13;4.58;4.34;0.72;1.69;0.24;0.48;0;20.08;1.2
12204;12;La Roque-Sainte-Marguerite;196;174;168;30;63;36;18;5;3;6;0;6;1;0;0;22;4;17.86;37.5;21.43;10.71;2.98;1.79;3.57;0;3.57;0.6;0;0;11.22;2.38
12205;12;La Rouquette;640;557;543;75;133;136;82;28;15;56;4;5;6;3;0;83;6;13.81;24.49;25.05;15.1;5.16;2.76;10.31;0.74;0.92;1.1;0.55;0;12.97;1.1
12206;12;Roussennac;480;435;415;62;80;111;70;27;16;40;3;5;1;0;0;45;5;14.94;19.28;26.75;16.87;6.51;3.86;9.64;0.72;1.2;0.24;0;0;9.38;1.2
12207;12;Rullac-Saint-Cirq;308;255;240;44;20;69;66;9;25;4;1;0;0;2;0;53;6;18.33;8.33;28.75;27.5;3.75;10.42;1.67;0.42;0;0;0.83;0;17.21;2.5
12208;12;Saint-Affrique;5650;4739;4570;706;1076;1062;859;166;168;384;32;71;40;6;0;911;57;15.45;23.54;23.24;18.8;3.63;3.68;8.4;0.7;1.55;0.88;0.13;0;16.12;1.25
12209;12;Saint-Amans-des-Cots;613;509;503;83;60;88;186;41;24;14;2;3;2;0;0;104;0;16.5;11.93;17.5;36.98;8.15;4.77;2.78;0.4;0.6;0.4;0;0;16.97;0
12210;12;Saint-André-de-Najac;350;293;286;39;80;76;45;7;11;23;2;2;1;0;0;57;3;13.64;27.97;26.57;15.73;2.45;3.85;8.04;0.7;0.7;0.35;0;0;16.29;1.05
12211;12;Saint-André-de-Vézines;161;137;135;19;13;43;41;4;6;3;2;2;2;0;0;24;1;14.07;9.63;31.85;30.37;2.96;4.44;2.22;1.48;1.48;1.48;0;0;14.91;0.74
12212;12;Saint-Beaulize;105;78;75;10;32;12;11;3;0;5;0;1;1;0;0;27;0;13.33;42.67;16;14.67;4;0;6.67;0;1.33;1.33;0;0;25.71;0
12213;12;Saint-Beauzély;480;407;394;81;86;73;68;23;20;32;2;8;1;0;0;73;4;20.56;21.83;18.53;17.26;5.84;5.08;8.12;0.51;2.03;0.25;0;0;15.21;1.02
12214;12;Saint-Chély-d'Aubrac;412;345;336;62;34;58;119;16;18;17;1;9;2;0;0;67;1;18.45;10.12;17.26;35.42;4.76;5.36;5.06;0.3;2.68;0.6;0;0;16.26;0.3
12215;12;Saint-Christophe-Vallon;902;778;750;101;167;189;138;32;29;76;7;7;3;1;0;124;10;13.47;22.27;25.2;18.4;4.27;3.87;10.13;0.93;0.93;0.4;0.13;0;13.75;1.33
12216;12;Saint-Côme-d'Olt;1083;949;918;130;144;218;258;49;47;53;8;8;3;0;0;134;8;14.16;15.69;23.75;28.1;5.34;5.12;5.77;0.87;0.87;0.33;0;0;12.37;0.87
12217;12;Sainte-Croix;584;497;472;76;115;108;87;27;15;34;2;5;3;0;0;87;8;16.1;24.36;22.88;18.43;5.72;3.18;7.2;0.42;1.06;0.64;0;0;14.9;1.69
12219;12;Sainte-Eulalie-d'Olt;329;289;282;73;37;36;90;16;12;14;1;1;2;0;0;40;4;25.89;13.12;12.77;31.91;5.67;4.26;4.96;0.35;0.35;0.71;0;0;12.16;1.42
12220;12;Sainte-Eulalie-de-Cernon;290;257;255;46;62;69;30;6;18;19;0;4;1;0;0;33;0;18.04;24.31;27.06;11.76;2.35;7.06;7.45;0;1.57;0.39;0;0;11.38;0
12221;12;Saint-Félix-de-Lunel;344;285;278;39;33;79;80;17;12;13;0;3;2;0;0;59;5;14.03;11.87;28.42;28.78;6.12;4.32;4.68;0;1.08;0.72;0;0;17.15;1.8
12222;12;Saint-Félix-de-Sorgues;194;158;153;23;42;31;31;6;4;11;2;0;3;0;0;36;2;15.03;27.45;20.26;20.26;3.92;2.61;7.19;1.31;0;1.96;0;0;18.56;1.31
12223;12;Argences en Aubrac;1409;1209;1182;235;102;226;443;65;58;37;4;5;5;2;0;200;5;19.88;8.63;19.12;37.48;5.5;4.91;3.13;0.34;0.42;0.42;0.17;0;14.19;0.42
12224;12;Saint-Geniez-d'Olt et d'Aubrac;1721;1387;1356;249;182;277;412;75;48;72;13;16;8;4;0;334;9;18.36;13.42;20.43;30.38;5.53;3.54;5.31;0.96;1.18;0.59;0.29;0;19.41;0.66
12225;12;Saint-Georges-de-Luzençon;1280;1080;1039;218;239;224;162;60;43;53;9;23;6;2;0;200;15;20.98;23;21.56;15.59;5.77;4.14;5.1;0.87;2.21;0.58;0.19;0;15.63;1.44
12226;12;Saint-Hippolyte;400;331;318;65;43;59;83;26;14;13;3;8;3;1;0;69;10;20.44;13.52;18.55;26.1;8.18;4.4;4.09;0.94;2.52;0.94;0.31;0;17.25;3.14
12227;12;Saint-Igest;152;131;127;15;27;30;27;11;9;8;0;0;0;0;0;21;3;11.81;21.26;23.62;21.26;8.66;7.09;6.3;0;0;0;0;0;13.82;2.36
12228;12;Saint-Izaire;293;235;230;39;61;54;35;6;13;17;0;4;1;0;0;58;4;16.96;26.52;23.48;15.22;2.61;5.65;7.39;0;1.74;0.43;0;0;19.8;1.74
12229;12;Saint-Jean-d'Alcapiès;193;176;168;30;39;43;32;8;1;12;1;1;1;0;0;17;2;17.86;23.21;25.6;19.05;4.76;0.6;7.14;0.6;0.6;0.6;0;0;8.81;1.19
12230;12;Saint-Jean-Delnous;343;299;290;57;44;76;65;21;15;10;0;1;0;1;0;44;2;19.66;15.17;26.21;22.41;7.24;5.17;3.45;0;0.34;0;0.34;0;12.83;0.69
12231;12;Saint-Jean-du-Bruel;618;522;505;147;82;96;113;16;20;13;6;5;7;0;0;96;4;29.11;16.24;19.01;22.38;3.17;3.96;2.57;1.19;0.99;1.39;0;0;15.53;0.79
12232;12;Saint-Jean-et-Saint-Paul;268;219;210;42;52;40;36;5;13;17;3;2;0;0;0;49;2;20;24.76;19.05;17.14;2.38;6.19;8.1;1.43;0.95;0;0;0;18.28;0.95
12233;12;Saint-Juéry;242;202;197;46;25;49;47;8;11;7;1;2;0;1;0;40;1;23.35;12.69;24.87;23.86;4.06;5.58;3.55;0.51;1.02;0;0.51;0;16.53;0.51
12234;12;Sainte-Juliette-sur-Viaur;430;380;367;64;77;98;56;23;19;19;3;4;1;3;0;50;5;17.44;20.98;26.7;15.26;6.27;5.18;5.18;0.82;1.09;0.27;0.82;0;11.63;1.36
12235;12;Saint-Just-sur-Viaur;212;164;162;18;26;56;27;7;14;9;2;3;0;0;0;48;1;11.11;16.05;34.57;16.67;4.32;8.64;5.56;1.23;1.85;0;0;0;22.64;0.62
12236;12;Saint-Laurent-de-Lévézou;163;149;148;32;12;24;54;9;8;6;1;1;1;0;0;14;1;21.62;8.11;16.22;36.49;6.08;5.41;4.05;0.68;0.68;0.68;0;0;8.59;0.68
12237;12;Saint-Laurent-d'Olt;509;424;409;69;113;81;73;13;19;32;1;4;3;1;0;85;6;16.87;27.63;19.8;17.85;3.18;4.65;7.82;0.24;0.98;0.73;0.24;0;16.7;1.47
12238;12;Saint-Léons;299;263;252;36;55;56;57;21;8;10;7;1;1;0;0;36;1;14.29;21.83;22.22;22.62;8.33;3.17;3.97;2.78;0.4;0.4;0;0;12.04;0.4
12239;12;Saint-Martin-de-Lenne;216;195;191;32;32;39;51;17;3;11;0;3;3;0;0;21;3;16.75;16.75;20.42;26.7;8.9;1.57;5.76;0;1.57;1.57;0;0;9.72;1.57
12240;12;Saint-Parthem;339;274;267;39;56;63;59;20;10;14;2;1;3;0;0;65;1;14.61;20.97;23.6;22.1;7.49;3.75;5.24;0.75;0.37;1.12;0;0;19.17;0.37
12241;12;Sainte-Radegonde;1469;1299;1254;152;224;407;245;77;47;67;7;15;11;2;0;170;18;12.12;17.86;32.46;19.54;6.14;3.75;5.34;0.56;1.2;0.88;0.16;0;11.57;1.44
12242;12;Saint-Rémy;275;239;229;35;55;55;51;7;6;11;0;7;2;0;0;36;7;15.28;24.02;24.02;22.27;3.06;2.62;4.8;0;3.06;0.87;0;0;13.09;3.06
12243;12;Saint-Rome-de-Cernon;690;596;567;112;114;128;74;26;25;65;4;13;6;0;0;94;8;19.75;20.11;22.57;13.05;4.59;4.41;11.46;0.71;2.29;1.06;0;0;13.62;1.41
12244;12;Saint-Rome-de-Tarn;584;507;487;101;120;87;84;26;23;27;3;12;3;1;0;77;9;20.74;24.64;17.86;17.25;5.34;4.72;5.54;0.62;2.46;0.62;0.21;0;13.18;1.85
12246;12;Saint-Santin;457;385;370;76;56;98;75;34;15;13;1;0;2;0;0;72;4;20.54;15.14;26.49;20.27;9.19;4.05;3.51;0.27;0;0.54;0;0;15.75;1.08
12247;12;Saint-Saturnin-de-Lenne;292;263;260;45;37;49;87;10;16;6;4;1;5;0;0;29;0;17.31;14.23;18.85;33.46;3.85;6.15;2.31;1.54;0.38;1.92;0;0;9.93;0
12248;12;Saint-Sernin-sur-Rance;385;327;318;66;64;69;62;19;12;17;1;7;1;0;0;58;4;20.75;20.13;21.7;19.5;5.97;3.77;5.35;0.31;2.2;0.31;0;0;15.06;1.26
12249;12;Saint-Sever-du-Moustier;210;166;160;13;36;51;23;9;8;12;3;5;0;0;0;44;0;8.13;22.5;31.88;14.38;5.63;5;7.5;1.88;3.13;0;0;0;20.95;0
12250;12;Saint-Symphorien-de-Thénières;210;171;169;26;25;24;71;12;5;3;0;1;2;0;0;39;0;15.38;14.79;14.2;42.01;7.1;2.96;1.78;0;0.59;1.18;0;0;18.57;0
12251;12;Saint-Victor-et-Melvieu;298;256;249;48;60;71;40;5;9;16;0;0;0;0;0;42;4;19.28;24.1;28.51;16.06;2.01;3.61;6.43;0;0;0;0;0;14.09;1.61
12252;12;Salles-Courbatiès;389;328;320;43;82;86;52;15;10;18;2;7;4;1;0;61;2;13.44;25.63;26.88;16.25;4.69;3.13;5.63;0.63;2.19;1.25;0.31;0;15.68;0.63
12253;12;Salles-Curan;889;759;742;141;67;173;260;42;23;16;1;12;4;3;0;130;7;19;9.03;23.32;35.04;5.66;3.1;2.16;0.13;1.62;0.54;0.4;0;14.62;0.94
12254;12;Salles-la-Source;1832;1576;1533;215;329;408;304;82;43;110;11;18;11;2;0;256;8;14.02;21.46;26.61;19.83;5.35;2.8;7.18;0.72;1.17;0.72;0.13;0;13.97;0.52
12255;12;Salmiech;598;501;487;91;85;107;118;29;14;26;5;6;4;2;0;97;5;18.69;17.45;21.97;24.23;5.95;2.87;5.34;1.03;1.23;0.82;0.41;0;16.22;1.03
12256;12;Salvagnac-Cajarc;323;274;264;60;66;66;39;8;7;9;2;6;0;1;0;49;2;22.73;25;25;14.77;3.03;2.65;3.41;0.76;2.27;0;0.38;0;15.17;0.76
12257;12;Causse-et-Diège;573;501;488;48;129;131;77;25;10;52;5;6;5;0;0;72;6;9.84;26.43;26.84;15.78;5.12;2.05;10.66;1.02;1.23;1.02;0;0;12.57;1.23
12258;12;La Salvetat-Peyralès;848;691;667;111;130;180;118;26;45;43;4;7;1;2;0;157;13;16.64;19.49;26.99;17.69;3.9;6.75;6.45;0.6;1.05;0.15;0.3;0;18.51;1.95
12259;12;Sanvensa;548;465;454;102;77;121;79;24;20;20;2;7;0;2;0;83;2;22.47;16.96;26.65;17.4;5.29;4.41;4.41;0.44;1.54;0;0.44;0;15.15;0.44
12260;12;Sauclières;153;128;126;18;21;37;22;1;8;13;1;4;1;0;0;25;2;14.29;16.67;29.37;17.46;0.79;6.35;10.32;0.79;3.17;0.79;0;0;16.34;1.59
12261;12;Saujac;124;107;106;11;21;22;29;4;8;9;2;0;0;0;0;17;0;10.38;19.81;20.75;27.36;3.77;7.55;8.49;1.89;0;0;0;0;13.71;0
12262;12;Sauveterre-de-Rouergue;646;526;512;70;98;156;102;21;14;45;3;1;2;0;0;120;4;13.67;19.14;30.47;19.92;4.1;2.73;8.79;0.59;0.2;0.39;0;0;18.58;0.78
12263;12;Savignac;554;479;469;58;95;136;98;26;10;30;5;7;2;2;0;75;3;12.37;20.26;29;20.9;5.54;2.13;6.4;1.07;1.49;0.43;0.43;0;13.54;0.64
12264;12;Sébazac-Concourès;2560;2237;2181;295;411;713;375;109;62;154;19;27;13;3;0;323;17;13.53;18.84;32.69;17.19;5;2.84;7.06;0.87;1.24;0.6;0.14;0;12.62;0.78
12265;12;Sébrazac;362;311;305;65;27;43;109;16;21;18;0;3;3;0;0;51;2;21.31;8.85;14.1;35.74;5.25;6.89;5.9;0;0.98;0.98;0;0;14.09;0.66
12266;12;Ségur;461;390;386;67;49;89;119;17;26;8;4;3;1;3;0;71;1;17.36;12.69;23.06;30.83;4.4;6.74;2.07;1.04;0.78;0.26;0.78;0;15.4;0.26
12267;12;La Selve;598;503;491;92;42;128;150;25;34;14;2;4;0;0;0;95;5;18.74;8.55;26.07;30.55;5.09;6.92;2.85;0.41;0.81;0;0;0;15.89;1.02
12268;12;Sénergues;400;335;326;51;32;95;96;13;17;10;3;5;3;1;0;65;4;15.64;9.82;29.14;29.45;3.99;5.21;3.07;0.92;1.53;0.92;0.31;0;16.25;1.23
12269;12;La Serre;132;118;110;23;16;33;17;6;9;3;0;1;2;0;0;14;3;20.91;14.55;30;15.45;5.45;8.18;2.73;0;0.91;1.82;0;0;10.61;2.73
12270;12;Sévérac d'Aveyron;3327;2803;2720;473;574;583;548;126;164;170;9;52;16;5;0;524;21;17.39;21.1;21.43;20.15;4.63;6.03;6.25;0.33;1.91;0.59;0.18;0;15.75;0.77
12272;12;Sonnac;398;343;327;64;78;66;62;14;12;25;1;3;1;1;0;55;8;19.57;23.85;20.18;18.96;4.28;3.67;7.65;0.31;0.92;0.31;0.31;0;13.82;2.45
12273;12;Soulages-Bonneval;229;207;202;54;16;37;57;19;11;8;0;0;0;0;0;22;3;26.73;7.92;18.32;28.22;9.41;5.45;3.96;0;0;0;0;0;9.61;1.49
12274;12;Sylvanès;123;101;96;10;17;21;32;3;4;5;3;1;0;0;0;22;1;10.42;17.71;21.88;33.33;3.13;4.17;5.21;3.13;1.04;0;0;0;17.89;1.04
12275;12;Tauriac-de-Camarès;57;47;47;9;11;16;5;1;0;4;1;0;0;0;0;10;0;19.15;23.4;34.04;10.64;2.13;0;8.51;2.13;0;0;0;0;17.54;0
12276;12;Tauriac-de-Naucelle;338;256;248;42;47;67;53;13;15;9;1;0;1;0;0;82;4;16.94;18.95;27.02;21.37;5.24;6.05;3.63;0.4;0;0.4;0;0;24.26;1.61
12277;12;Taussac;431;368;359;67;42;64;137;19;11;10;6;1;0;2;0;63;1;18.66;11.7;17.83;38.16;5.29;3.06;2.79;1.67;0.28;0;0.56;0;14.62;0.28
12278;12;Tayrac;169;128;119;30;19;23;27;4;3;3;1;7;2;0;0;41;1;25.21;15.97;19.33;22.69;3.36;2.52;2.52;0.84;5.88;1.68;0;0;24.26;0.84
12280;12;Thérondels;362;298;291;37;24;48;130;14;19;13;0;3;1;2;0;64;6;12.71;8.25;16.49;44.67;4.81;6.53;4.47;0;1.03;0.34;0.69;0;17.68;2.06
12281;12;Toulonjac;616;522;492;108;88;136;75;27;9;36;6;6;1;0;0;94;7;21.95;17.89;27.64;15.24;5.49;1.83;7.32;1.22;1.22;0.2;0;0;15.26;1.42
12282;12;Tournemire;323;268;257;55;51;55;34;13;24;17;1;4;3;0;0;55;3;21.4;19.84;21.4;13.23;5.06;9.34;6.61;0.39;1.56;1.17;0;0;17.03;1.17
12283;12;Trémouilles;443;397;392;71;53;91;91;24;30;21;4;5;2;0;0;46;3;18.11;13.52;23.21;23.21;6.12;7.65;5.36;1.02;1.28;0.51;0;0;10.38;0.77
12284;12;Le Truel;305;259;254;33;59;59;54;18;6;15;4;4;2;0;0;46;1;12.99;23.23;23.23;21.26;7.09;2.36;5.91;1.57;1.57;0.79;0;0;15.08;0.39
12286;12;Vabres-l'Abbaye;939;825;797;127;171;196;150;40;35;62;2;10;3;1;0;114;8;15.93;21.46;24.59;18.82;5.02;4.39;7.78;0.25;1.25;0.38;0.13;0;12.14;1
12287;12;Vailhourles;503;430;422;79;89;84;78;27;21;33;5;2;3;1;0;73;3;18.72;21.09;19.91;18.48;6.4;4.98;7.82;1.18;0.47;0.71;0.24;0;14.51;0.71
12288;12;Valady;1257;1095;1064;144;263;298;143;57;31;80;16;24;6;2;0;162;5;13.53;24.72;28.01;13.44;5.36;2.91;7.52;1.5;2.26;0.56;0.19;0;12.89;0.47
12289;12;Valzergues;189;173;169;31;34;54;29;4;3;10;0;2;1;1;0;16;0;18.34;20.12;31.95;17.16;2.37;1.78;5.92;0;1.18;0.59;0.59;0;8.47;0
12290;12;Vaureilles;389;338;321;69;53;83;53;20;14;15;11;0;3;0;0;51;5;21.5;16.51;25.86;16.51;6.23;4.36;4.67;3.43;0;0.93;0;0;13.11;1.56
12291;12;Verrières;322;275;271;72;55;73;37;9;7;13;1;2;1;1;0;47;1;26.57;20.3;26.94;13.65;3.32;2.58;4.8;0.37;0.74;0.37;0.37;0;14.6;0.37
12292;12;Versols-et-Lapeyre;390;318;315;59;71;69;57;20;10;20;2;5;2;0;0;72;0;18.73;22.54;21.9;18.1;6.35;3.17;6.35;0.63;1.59;0.63;0;0;18.46;0
12293;12;Veyreau;146;129;129;19;25;54;10;5;8;5;0;2;1;0;0;17;0;14.73;19.38;41.86;7.75;3.88;6.2;3.88;0;1.55;0.78;0;0;11.64;0
12294;12;Vézins-de-Lévézou;539;465;449;81;38;97;153;27;29;13;4;5;1;1;0;74;4;18.04;8.46;21.6;34.08;6.01;6.46;2.9;0.89;1.11;0.22;0.22;0;13.73;0.89
12295;12;Viala-du-Pas-de-Jaux;86;74;71;8;26;14;9;7;4;2;0;1;0;0;0;12;1;11.27;36.62;19.72;12.68;9.86;5.63;2.82;0;1.41;0;0;0;13.95;1.41
12296;12;Viala-du-Tarn;417;330;324;55;75;73;53;8;16;29;1;10;3;1;0;87;3;16.98;23.15;22.53;16.36;2.47;4.94;8.95;0.31;3.09;0.93;0.31;0;20.86;0.93
12297;12;Le Vibal;460;380;365;78;58;86;72;16;30;20;2;2;0;1;0;80;2;21.37;15.89;23.56;19.73;4.38;8.22;5.48;0.55;0.55;0;0.27;0;17.39;0.55
12298;12;Villecomtal;337;287;278;40;63;68;55;11;13;19;0;5;2;2;0;50;2;14.39;22.66;24.46;19.78;3.96;4.68;6.83;0;1.8;0.72;0.72;0;14.84;0.72
12299;12;Villefranche-de-Panat;639;550;523;108;43;140;142;30;22;26;3;4;4;1;0;89;8;20.65;8.22;26.77;27.15;5.74;4.21;4.97;0.57;0.76;0.76;0.19;0;13.93;1.53
12300;12;Villefranche-de-Rouergue;9016;6773;6588;970;1416;1943;1209;273;117;480;50;88;34;8;0;2243;61;14.72;21.49;29.49;18.35;4.14;1.78;7.29;0.76;1.34;0.52;0.12;0;24.88;0.93
12301;12;Villeneuve;1668;1362;1320;216;264;342;273;66;33;86;15;14;8;3;0;306;6;16.36;20;25.91;20.68;5;2.5;6.52;1.14;1.06;0.61;0.23;0;18.35;0.45
12303;12;Vimenet;236;206;201;37;36;39;39;10;18;13;1;6;2;0;0;30;0;18.41;17.91;19.4;19.4;4.98;8.96;6.47;0.5;2.99;1;0;0;12.71;0
12305;12;Viviez;1010;856;831;125;328;177;75;31;15;54;9;13;4;0;0;154;13;15.04;39.47;21.3;9.03;3.73;1.81;6.5;1.08;1.56;0.48;0;0;15.25;1.56
12307;12;Curan;295;257;250;47;17;64;82;16;15;5;2;2;0;0;0;38;3;18.8;6.8;25.6;32.8;6.4;6;2;0.8;0.8;0;0;0;12.88;1.2