insee;dep;nom;nb_inscrits;nb_votants;nb_exprimes;nb_voix1;nb_voix2;nb_voix3;nb_voix4;nb_voix5;nb_voix6;nb_voix7;nb_voix8;nb_voix9;nb_voix10;nb_voix11;nb_voix12;nb_voix13;nb_voix14;voix_1;voix_2;voix_3;voix_4;voix_5;voix_6;voix_7;voix_8;voix_9;voix_10;voix_11;voix_12;voix_13;voix_14
14001;14;Ablon;928;794;781;204;119;172;161;56;6;34;7;16;5;1;0;134;2;26.12;15.24;22.02;20.61;7.17;0.77;4.35;0.9;2.05;0.64;0.13;0;14.44;0.26
14002;14;Acqueville;134;117;111;29;29;22;18;6;0;6;0;0;1;0;0;17;0;26.13;26.13;19.82;16.22;5.41;0;5.41;0;0;0.9;0;0;12.69;0
14003;14;Agy;224;200;200;36;28;58;36;15;1;21;0;3;1;1;0;24;0;18;14;29;18;7.5;0.5;10.5;0;1.5;0.5;0.5;0;10.71;0
14005;14;Valambray;1332;1151;1128;279;225;232;228;67;2;64;11;8;10;2;0;181;7;24.73;19.95;20.57;20.21;5.94;0.18;5.67;0.98;0.71;0.89;0.18;0;13.59;0.62
14006;14;Amayé-sur-Orne;722;648;641;80;106;202;141;35;6;43;9;13;3;3;0;74;2;12.48;16.54;31.51;22;5.46;0.94;6.71;1.4;2.03;0.47;0.47;0;10.25;0.31
14007;14;Amayé-sur-Seulles;163;146;144;54;16;25;23;10;1;11;0;1;3;0;0;17;0;37.5;11.11;17.36;15.97;6.94;0.69;7.64;0;0.69;2.08;0;0;10.43;0
14009;14;Amfreville;1071;950;920;157;195;257;137;51;6;80;11;17;7;2;0;121;6;17.07;21.2;27.93;14.89;5.54;0.65;8.7;1.2;1.85;0.76;0.22;0;11.3;0.65
14011;14;Aurseulles;1465;1228;1192;334;230;242;203;61;12;73;5;21;9;2;0;237;21;28.02;19.3;20.3;17.03;5.12;1.01;6.12;0.42;1.76;0.76;0.17;0;16.18;1.76
14012;14;Angerville;124;99;99;35;17;10;24;5;0;4;1;3;0;0;0;25;0;35.35;17.17;10.1;24.24;5.05;0;4.04;1.01;3.03;0;0;0;20.16;0
14013;14;Angoville;21;21;20;3;3;3;6;3;0;2;0;0;0;0;0;0;0;15;15;15;30;15;0;10;0;0;0;0;0;0;0
14014;14;Colomby-Anguerny;951;832;816;74;116;277;244;18;5;66;6;7;2;1;0;119;2;9.07;14.22;33.95;29.9;2.21;0.61;8.09;0.74;0.86;0.25;0.12;0;12.51;0.25
14015;14;Anisy;605;536;528;40;80;178;157;22;4;36;2;6;3;0;0;69;3;7.58;15.15;33.71;29.73;4.17;0.76;6.82;0.38;1.14;0.57;0;0;11.4;0.57
14016;14;Annebault;367;302;296;89;29;68;68;22;0;12;0;4;4;0;0;65;5;30.07;9.8;22.97;22.97;7.43;0;4.05;0;1.35;1.35;0;0;17.71;1.69
14019;14;Arganchy;203;177;177;34;35;48;34;11;0;2;4;5;4;0;0;26;0;19.21;19.77;27.12;19.21;6.21;0;1.13;2.26;2.82;2.26;0;0;12.81;0
14020;14;Argences;2754;2250;2192;582;425;501;363;117;18;121;11;32;16;6;0;504;15;26.55;19.39;22.86;16.56;5.34;0.82;5.52;0.5;1.46;0.73;0.27;0;18.3;0.68
14021;14;Arromanches-les-Bains;500;419;412;69;80;72;140;15;1;28;0;3;4;0;0;81;2;16.75;19.42;17.48;33.98;3.64;0.24;6.8;0;0.73;0.97;0;0;16.2;0.49
14022;14;Asnelles;554;460;449;115;56;88;113;30;4;30;2;9;2;0;0;94;2;25.61;12.47;19.6;25.17;6.68;0.89;6.68;0.45;2;0.45;0;0;16.97;0.45
14023;14;Asnières-en-Bessin;49;40;40;11;3;5;13;8;0;0;0;0;0;0;0;9;0;27.5;7.5;12.5;32.5;20;0;0;0;0;0;0;0;18.37;0
14024;14;Auberville;393;352;350;88;42;84;99;24;2;5;2;3;1;0;0;41;1;25.14;12;24;28.29;6.86;0.57;1.43;0.57;0.86;0.29;0;0;10.43;0.29
14025;14;Aubigny;250;209;207;51;45;28;50;8;3;10;5;5;1;1;0;41;1;24.64;21.74;13.53;24.15;3.86;1.45;4.83;2.42;2.42;0.48;0.48;0;16.4;0.48
14026;14;Audrieu;840;699;682;175;134;144;106;42;1;55;6;9;8;2;0;141;4;25.66;19.65;21.11;15.54;6.16;0.15;8.06;0.88;1.32;1.17;0.29;0;16.79;0.59
14027;14;Les Monts-d'Aunay;3184;2535;2455;734;406;492;424;158;19;134;14;34;31;9;0;649;16;29.9;16.54;20.04;17.27;6.44;0.77;5.46;0.57;1.38;1.26;0.37;0;20.38;0.65
14030;14;Authie;1256;1110;1079;98;177;404;210;54;5;111;8;10;1;1;0;146;8;9.08;16.4;37.44;19.46;5;0.46;10.29;0.74;0.93;0.09;0.09;0;11.62;0.74
14032;14;Les Authieux-sur-Calonne;264;220;216;40;20;33;101;12;2;4;1;2;1;0;0;44;2;18.52;9.26;15.28;46.76;5.56;0.93;1.85;0.46;0.93;0.46;0;0;16.67;0.93
14033;14;Auvillars;180;167;166;49;25;31;42;10;0;7;1;1;0;0;0;13;1;29.52;15.06;18.67;25.3;6.02;0;4.22;0.6;0.6;0;0;0;7.22;0.6
14034;14;Avenay;394;349;337;60;83;98;50;17;2;18;4;3;1;1;0;45;2;17.8;24.63;29.08;14.84;5.04;0.59;5.34;1.19;0.89;0.3;0.3;0;11.42;0.59
14035;14;Balleroy-sur-Drôme;942;747;720;220;112;154;111;53;4;38;4;13;9;2;0;195;10;30.56;15.56;21.39;15.42;7.36;0.56;5.28;0.56;1.81;1.25;0.28;0;20.7;1.39
14036;14;Banneville-la-Campagne;124;107;107;23;15;34;22;6;0;5;1;0;1;0;0;17;0;21.5;14.02;31.78;20.56;5.61;0;4.67;0.93;0;0.93;0;0;13.71;0
14037;14;Malherbe-sur-Ajon;448;377;369;87;78;99;47;21;4;21;1;6;3;2;0;71;3;23.58;21.14;26.83;12.74;5.69;1.08;5.69;0.27;1.63;0.81;0.54;0;15.85;0.81
14038;14;Banville;542;462;451;80;105;141;67;16;2;37;1;2;0;0;0;80;9;17.74;23.28;31.26;14.86;3.55;0.44;8.2;0.22;0.44;0;0;0;14.76;2
14039;14;Barbery;579;478;466;126;107;101;48;35;1;34;3;6;4;1;0;101;3;27.04;22.96;21.67;10.3;7.51;0.21;7.3;0.64;1.29;0.86;0.21;0;17.44;0.64
14040;14;Barbeville;155;136;133;34;21;37;22;6;1;8;0;2;1;1;0;19;0;25.56;15.79;27.82;16.54;4.51;0.75;6.02;0;1.5;0.75;0.75;0;12.26;0
14041;14;Barneville-la-Bertran;111;98;98;16;13;19;41;7;1;1;0;0;0;0;0;13;0;16.33;13.27;19.39;41.84;7.14;1.02;1.02;0;0;0;0;0;11.71;0
14042;14;Baron-sur-Odon;722;637;617;69;123;173;145;26;2;60;4;10;4;1;0;85;3;11.18;19.94;28.04;23.5;4.21;0.32;9.72;0.65;1.62;0.65;0.16;0;11.77;0.49
14043;14;Barou-en-Auge;76;58;58;9;6;13;20;2;0;2;4;1;1;0;0;18;0;15.52;10.34;22.41;34.48;3.45;0;3.45;6.9;1.72;1.72;0;0;23.68;0
14044;14;Basly;851;713;701;136;135;206;104;28;6;58;9;12;6;1;0;138;1;19.4;19.26;29.39;14.84;3.99;0.86;8.27;1.28;1.71;0.86;0.14;0;16.22;0.14
14045;14;Basseneville;232;182;179;42;29;27;55;11;0;9;0;3;3;0;0;50;3;23.46;16.2;15.08;30.73;6.15;0;5.03;0;1.68;1.68;0;0;21.55;1.68
14046;14;Bavent;1366;1157;1130;274;209;287;166;63;8;86;17;18;2;0;0;209;5;24.25;18.5;25.4;14.69;5.58;0.71;7.61;1.5;1.59;0.18;0;0;15.3;0.44
14047;14;Bayeux;10052;7758;7585;1350;1372;2124;1618;340;58;506;44;88;68;17;0;2294;55;17.8;18.09;28;21.33;4.48;0.76;6.67;0.58;1.16;0.9;0.22;0;22.82;0.73
14049;14;Bazenville;120;112;111;14;12;20;41;10;1;4;3;2;4;0;0;8;0;12.61;10.81;18.02;36.94;9.01;0.9;3.6;2.7;1.8;3.6;0;0;6.67;0
14050;14;La Bazoque;129;91;91;16;13;21;25;8;2;3;1;0;2;0;0;38;0;17.58;14.29;23.08;27.47;8.79;2.2;3.3;1.1;0;2.2;0;0;29.46;0
14053;14;Beaumais;123;90;88;23;8;20;20;13;0;1;0;2;1;0;0;33;0;26.14;9.09;22.73;22.73;14.77;0;1.14;0;2.27;1.14;0;0;26.83;0
14054;14;Beaumesnil;150;132;128;30;23;13;38;12;0;6;0;3;3;0;0;18;0;23.44;17.97;10.16;29.69;9.38;0;4.69;0;2.34;2.34;0;0;12;0
14055;14;Beaumont-en-Auge;375;309;302;54;47;46;117;19;4;9;1;3;2;0;0;66;5;17.88;15.56;15.23;38.74;6.29;1.32;2.98;0.33;0.99;0.66;0;0;17.6;1.66
14057;14;Bellengreville;1078;933;907;234;193;249;94;44;7;54;10;12;7;3;0;145;7;25.8;21.28;27.45;10.36;4.85;0.77;5.95;1.1;1.32;0.77;0.33;0;13.45;0.77
14059;14;Benerville-sur-Mer;425;342;336;40;21;59;194;10;2;8;1;0;0;1;0;83;0;11.9;6.25;17.56;57.74;2.98;0.6;2.38;0.3;0;0;0.3;0;19.53;0
14060;14;Bénouville;1544;1387;1357;147;242;518;265;61;11;81;9;11;11;1;0;157;4;10.83;17.83;38.17;19.53;4.5;0.81;5.97;0.66;0.81;0.81;0.07;0;10.17;0.29
14061;14;Souleuvre-en-Bocage;6390;5231;5112;1329;811;1033;1052;370;59;264;37;90;56;11;0;1159;44;26;15.86;20.21;20.58;7.24;1.15;5.16;0.72;1.76;1.1;0.22;0;18.14;0.86
14062;14;Bény-sur-Mer;311;276;272;52;54;53;70;18;0;18;4;2;1;0;0;35;0;19.12;19.85;19.49;25.74;6.62;0;6.62;1.47;0.74;0.37;0;0;11.25;0
14063;14;Bernesq;156;136;134;45;17;21;34;6;1;4;0;2;4;0;0;20;1;33.58;12.69;15.67;25.37;4.48;0.75;2.99;0;1.49;2.99;0;0;12.82;0.75
14064;14;Bernières-d'Ailly;177;154;148;56;30;20;16;9;3;8;0;3;3;0;0;23;0;37.84;20.27;13.51;10.81;6.08;2.03;5.41;0;2.03;2.03;0;0;12.99;0
14066;14;Bernières-sur-Mer;1868;1551;1516;318;267;358;313;73;13;145;7;19;3;0;0;317;10;20.98;17.61;23.61;20.65;4.82;0.86;9.56;0.46;1.25;0.2;0;0;16.97;0.66
14068;14;Biéville-Beuville;2414;2151;2119;204;298;775;537;87;12;165;19;12;9;1;0;263;7;9.63;14.06;36.57;25.34;4.11;0.57;7.79;0.9;0.57;0.42;0.05;0;10.89;0.33
14069;14;Beuvillers;999;828;813;221;143;178;120;67;9;56;2;11;6;0;0;171;0;27.18;17.59;21.89;14.76;8.24;1.11;6.89;0.25;1.35;0.74;0;0;17.12;0
14070;14;Beuvron-en-Auge;176;151;146;30;15;28;58;8;0;6;1;0;0;0;0;25;0;20.55;10.27;19.18;39.73;5.48;0;4.11;0.68;0;0;0;0;14.2;0
14076;14;Blainville-sur-Orne;4248;3504;3429;684;903;904;328;141;22;333;34;50;25;5;0;744;29;19.95;26.33;26.36;9.57;4.11;0.64;9.71;0.99;1.46;0.73;0.15;0;17.51;0.85
14077;14;Blangy-le-Château;556;460;447;93;54;97;164;16;2;16;2;2;0;1;0;96;2;20.81;12.08;21.7;36.69;3.58;0.45;3.58;0.45;0.45;0;0.22;0;17.27;0.45
14078;14;Blay;279;242;236;70;28;57;37;17;0;15;3;5;3;1;0;37;0;29.66;11.86;24.15;15.68;7.2;0;6.36;1.27;2.12;1.27;0.42;0;13.26;0
14079;14;Blonville-sur-Mer;1320;1092;1073;191;107;238;429;40;8;42;8;9;0;1;0;228;4;17.8;9.97;22.18;39.98;3.73;0.75;3.91;0.75;0.84;0;0.09;0;17.27;0.37
14080;14;Le Bô;95;75;72;16;17;18;8;4;2;5;0;0;2;0;0;20;1;22.22;23.61;25;11.11;5.56;2.78;6.94;0;0;2.78;0;0;21.05;1.39
14082;14;La Boissière;136;111;109;38;18;20;14;11;1;2;0;5;0;0;0;25;1;34.86;16.51;18.35;12.84;10.09;0.92;1.83;0;4.59;0;0;0;18.38;0.92
14083;14;Bonnebosq;513;453;442;114;70;87;102;29;4;18;5;6;7;0;0;60;2;25.79;15.84;19.68;23.08;6.56;0.9;4.07;1.13;1.36;1.58;0;0;11.7;0.45
14084;14;Bonnemaison;304;249;241;65;38;63;45;12;1;10;4;1;1;1;0;55;8;26.97;15.77;26.14;18.67;4.98;0.41;4.15;1.66;0.41;0.41;0.41;0;18.09;3.32
14085;14;Bonneville-la-Louvet;637;540;532;107;70;110;168;37;2;24;3;8;2;1;0;97;7;20.11;13.16;20.68;31.58;6.95;0.38;4.51;0.56;1.5;0.38;0.19;0;15.23;1.32
14086;14;Bonneville-sur-Touques;271;216;213;40;15;45;97;8;2;4;0;1;1;0;0;55;3;18.78;7.04;21.13;45.54;3.76;0.94;1.88;0;0.47;0.47;0;0;20.3;1.41
14087;14;Bonnoeil;100;89;87;25;11;24;18;6;0;1;0;2;0;0;0;11;1;28.74;12.64;27.59;20.69;6.9;0;1.15;0;2.3;0;0;0;11;1.15
14088;14;Bons-Tassilly;290;255;250;65;81;48;32;14;0;3;2;2;3;0;0;35;1;26;32.4;19.2;12.8;5.6;0;1.2;0.8;0.8;1.2;0;0;12.07;0.4
14089;14;Bougy;264;241;234;43;48;67;24;17;4;20;0;10;1;0;0;23;7;18.38;20.51;28.63;10.26;7.26;1.71;8.55;0;4.27;0.43;0;0;8.71;2.99
14090;14;Boulon;448;390;373;89;64;107;59;21;2;22;1;5;3;0;0;58;4;23.86;17.16;28.69;15.82;5.63;0.54;5.9;0.27;1.34;0.8;0;0;12.95;1.07
14091;14;Bourgeauville;156;121;120;23;11;24;51;6;0;0;1;2;1;1;0;35;0;19.17;9.17;20;42.5;5;0;0;0.83;1.67;0.83;0.83;0;22.44;0
14092;14;Bourguébus;1217;1055;1019;212;217;275;117;88;7;68;6;19;9;1;0;162;2;20.8;21.3;26.99;11.48;8.64;0.69;6.67;0.59;1.86;0.88;0.1;0;13.31;0.2
14093;14;Branville;168;142;136;37;19;32;30;9;1;3;0;4;1;0;0;26;3;27.21;13.97;23.53;22.06;6.62;0.74;2.21;0;2.94;0.74;0;0;15.48;2.21
14096;14;Brémoy;165;142;138;53;15;15;27;18;0;6;1;2;1;0;0;23;2;38.41;10.87;10.87;19.57;13.04;0;4.35;0.72;1.45;0.72;0;0;13.94;1.45
14097;14;Bretteville-le-Rabet;238;213;210;55;44;45;32;15;5;7;1;3;3;0;0;25;1;26.19;20.95;21.43;15.24;7.14;2.38;3.33;0.48;1.43;1.43;0;0;10.5;0.48
14098;14;Thue-et-Mue;4287;3727;3635;674;675;1103;597;216;26;263;21;33;24;3;0;560;23;18.54;18.57;30.34;16.42;5.94;0.72;7.24;0.58;0.91;0.66;0.08;0;13.06;0.63
14100;14;Bretteville-sur-Laize;1301;1131;1103;242;251;253;162;51;11;107;3;15;7;1;0;170;18;21.94;22.76;22.94;14.69;4.62;1;9.7;0.27;1.36;0.63;0.09;0;13.07;1.63
14101;14;Bretteville-sur-Odon;3131;2647;2594;267;474;873;606;94;17;219;10;22;9;3;0;484;19;10.29;18.27;33.65;23.36;3.62;0.66;8.44;0.39;0.85;0.35;0.12;0;15.46;0.73
14102;14;Le Breuil-en-Auge;816;674;660;151;76;139;208;37;10;23;5;5;4;2;0;142;2;22.88;11.52;21.06;31.52;5.61;1.52;3.48;0.76;0.76;0.61;0.3;0;17.4;0.3
14103;14;Le Breuil-en-Bessin;286;248;243;75;35;52;42;20;4;8;3;3;1;0;0;38;2;30.86;14.4;21.4;17.28;8.23;1.65;3.29;1.23;1.23;0.41;0;0;13.29;0.82
14104;14;Le Brévedent;165;147;144;36;17;22;54;8;4;0;0;1;0;2;0;18;1;25;11.81;15.28;37.5;5.56;2.78;0;0;0.69;0;1.39;0;10.91;0.69
14106;14;Bréville-les-Monts;567;479;467;94;108;96;77;34;2;43;1;6;5;1;0;88;5;20.13;23.13;20.56;16.49;7.28;0.43;9.21;0.21;1.28;1.07;0.21;0;15.52;1.07
14107;14;Bricqueville;106;87;87;34;13;12;18;6;0;2;1;1;0;0;0;19;0;39.08;14.94;13.79;20.69;6.9;0;2.3;1.15;1.15;0;0;0;17.92;0
14110;14;Brucourt;102;84;79;19;11;11;27;3;2;4;0;1;1;0;0;18;0;24.05;13.92;13.92;34.18;3.8;2.53;5.06;0;1.27;1.27;0;0;17.65;0
14111;14;Bucéels;290;253;249;66;34;82;35;6;2;19;0;5;0;0;0;37;1;26.51;13.65;32.93;14.06;2.41;0.8;7.63;0;2.01;0;0;0;12.76;0.4
14116;14;Le Bû-sur-Rouvres;95;74;71;20;7;20;7;6;0;8;0;1;2;0;0;21;3;28.17;9.86;28.17;9.86;8.45;0;11.27;0;1.41;2.82;0;0;22.11;4.23
14117;14;Cabourg;3240;2614;2569;524;346;601;812;106;20;101;15;25;13;6;0;626;19;20.4;13.47;23.39;31.61;4.13;0.78;3.93;0.58;0.97;0.51;0.23;0;19.32;0.74
14118;14;Caen;57617;46387;45584;4709;10534;13472;9395;1389;245;4685;280;547;261;67;0;11230;244;10.33;23.11;29.55;20.61;3.05;0.54;10.28;0.61;1.2;0.57;0.15;0;19.49;0.54
14119;14;Cagny;1213;983;957;255;224;213;106;51;4;65;10;19;8;2;0;230;6;26.65;23.41;22.26;11.08;5.33;0.42;6.79;1.04;1.99;0.84;0.21;0;18.96;0.63
14120;14;Cahagnes;990;838;820;240;130;143;180;63;4;35;7;11;7;0;0;152;3;29.27;15.85;17.44;21.95;7.68;0.49;4.27;0.85;1.34;0.85;0;0;15.35;0.37
14121;14;Cahagnolles;209;168;162;59;21;30;26;10;4;6;3;0;2;1;0;41;0;36.42;12.96;18.52;16.05;6.17;2.47;3.7;1.85;0;1.23;0.62;0;19.62;0
14122;14;La Caine;124;98;93;31;14;21;16;5;1;1;1;3;0;0;0;26;1;33.33;15.05;22.58;17.2;5.38;1.08;1.08;1.08;3.23;0;0;0;20.97;1.08
14123;14;Cairon;1729;1432;1408;156;239;512;282;66;15;103;17;14;3;1;0;297;7;11.08;16.97;36.36;20.03;4.69;1.07;7.32;1.21;0.99;0.21;0.07;0;17.18;0.5
14124;14;La Cambe;473;373;359;108;36;56;105;28;3;12;2;3;6;0;0;100;1;30.08;10.03;15.6;29.25;7.8;0.84;3.34;0.56;0.84;1.67;0;0;21.14;0.28
14125;14;Cambes-en-Plaine;1431;1260;1230;137;205;423;293;31;7;109;10;10;3;2;0;171;9;11.14;16.67;34.39;23.82;2.52;0.57;8.86;0.81;0.81;0.24;0.16;0;11.95;0.73
14126;14;Cambremer;898;741;728;134;144;136;195;34;10;51;7;14;2;1;0;157;2;18.41;19.78;18.68;26.79;4.67;1.37;7.01;0.96;1.92;0.27;0.14;0;17.48;0.27
14127;14;Campagnolles;339;286;272;68;51;60;50;28;1;10;0;2;2;0;0;53;10;25;18.75;22.06;18.38;10.29;0.37;3.68;0;0.74;0.74;0;0;15.63;3.68
14130;14;Campigny;133;117;117;21;19;34;20;10;0;8;1;2;1;1;0;16;0;17.95;16.24;29.06;17.09;8.55;0;6.84;0.85;1.71;0.85;0.85;0;12.03;0
14131;14;Canapville;179;156;154;40;12;27;60;4;0;5;3;3;0;0;0;23;0;25.97;7.79;17.53;38.96;2.6;0;3.25;1.95;1.95;0;0;0;12.85;0
14132;14;Canchy;179;146;142;48;13;28;33;9;2;5;1;1;2;0;0;33;2;33.8;9.15;19.72;23.24;6.34;1.41;3.52;0.7;0.7;1.41;0;0;18.44;1.41
14134;14;Canteloup;150;133;130;29;14;33;40;8;0;5;0;0;1;0;0;17;1;22.31;10.77;25.38;30.77;6.15;0;3.85;0;0;0.77;0;0;11.33;0.77
14135;14;Carcagny;209;185;184;35;36;52;31;10;4;12;1;1;2;0;0;24;0;19.02;19.57;28.26;16.85;5.43;2.17;6.52;0.54;0.54;1.09;0;0;11.48;0
14136;14;Cardonville;60;50;47;19;8;7;7;2;0;1;0;2;1;0;0;10;0;40.43;17.02;14.89;14.89;4.26;0;2.13;0;4.26;2.13;0;0;16.67;0
14137;14;Carpiquet;1764;1556;1505;332;318;378;227;75;13;116;15;18;10;3;0;208;11;22.06;21.13;25.12;15.08;4.98;0.86;7.71;1;1.2;0.66;0.2;0;11.79;0.73
14138;14;Cartigny-l'Epinay;221;168;164;55;19;34;37;5;3;9;0;1;1;0;0;53;1;33.54;11.59;20.73;22.56;3.05;1.83;5.49;0;0.61;0.61;0;0;23.98;0.61
14140;14;Castillon;250;217;214;58;48;25;40;29;0;9;0;2;2;1;0;33;0;27.1;22.43;11.68;18.69;13.55;0;4.21;0;0.93;0.93;0.47;0;13.2;0
14141;14;Castillon-en-Auge;113;100;98;25;24;14;21;7;0;4;0;0;3;0;0;13;2;25.51;24.49;14.29;21.43;7.14;0;4.08;0;0;3.06;0;0;11.5;2.04
14143;14;Caumont-sur-Aure;1789;1387;1338;398;203;252;259;67;13;78;14;44;8;2;0;402;43;29.75;15.17;18.83;19.36;5.01;0.97;5.83;1.05;3.29;0.6;0.15;0;22.47;3.21
14145;14;Cauvicourt;328;287;275;61;38;68;57;25;2;17;2;2;1;2;0;41;3;22.18;13.82;24.73;20.73;9.09;0.73;6.18;0.73;0.73;0.36;0.73;0;12.5;1.09
14146;14;Cauville;124;112;107;27;16;27;12;12;1;9;2;1;0;0;0;12;0;25.23;14.95;25.23;11.21;11.21;0.93;8.41;1.87;0.93;0;0;0;9.68;0
14147;14;Cernay;120;103;103;31;18;13;30;4;0;5;1;0;1;0;0;17;0;30.1;17.48;12.62;29.13;3.88;0;4.85;0.97;0;0.97;0;0;14.17;0
14149;14;Cesny-aux-Vignes;282;255;249;72;53;54;38;11;0;12;5;2;1;1;0;27;2;28.92;21.29;21.69;15.26;4.42;0;4.82;2.01;0.8;0.4;0.4;0;9.57;0.8
14150;14;Cesny-Bois-Halbout;374;328;322;87;61;71;54;14;0;23;0;7;5;0;0;46;2;27.02;18.94;22.05;16.77;4.35;0;7.14;0;2.17;1.55;0;0;12.3;0.62
14159;14;Chouain;186;161;156;31;27;52;26;15;1;1;0;3;0;0;0;25;4;19.87;17.31;33.33;16.67;9.62;0.64;0.64;0;1.92;0;0;0;13.44;2.56
14160;14;Cintheaux;148;128;126;23;28;29;24;9;0;11;1;1;0;0;0;20;2;18.25;22.22;23.02;19.05;7.14;0;8.73;0.79;0.79;0;0;0;13.51;1.59
14161;14;Clarbec;317;272;269;77;14;58;90;12;3;6;2;3;3;1;0;45;1;28.62;5.2;21.56;33.46;4.46;1.12;2.23;0.74;1.12;1.12;0.37;0;14.2;0.37
14162;14;Clécy;995;803;785;204;175;130;156;39;6;50;6;6;8;5;0;192;8;25.99;22.29;16.56;19.87;4.97;0.76;6.37;0.76;0.76;1.02;0.64;0;19.3;1.02
14163;14;Cléville;278;246;241;82;22;43;52;18;1;18;0;3;1;1;0;32;3;34.02;9.13;17.84;21.58;7.47;0.41;7.47;0;1.24;0.41;0.41;0;11.51;1.24
14165;14;Colleville-sur-Mer;140;117;113;26;17;30;32;3;0;4;0;0;0;1;0;23;2;23.01;15.04;26.55;28.32;2.65;0;3.54;0;0;0;0.88;0;16.43;1.77
14166;14;Colleville-Montgomery;1932;1658;1613;279;311;498;319;65;11;98;5;12;10;5;0;274;14;17.3;19.28;30.87;19.78;4.03;0.68;6.08;0.31;0.74;0.62;0.31;0;14.18;0.87
14167;14;Colombelles;4662;3451;3370;807;1046;679;258;126;23;279;26;75;46;5;0;1211;25;23.95;31.04;20.15;7.66;3.74;0.68;8.28;0.77;2.23;1.36;0.15;0;25.98;0.74
14168;14;Colombières;177;155;153;37;25;27;39;12;2;6;4;0;1;0;0;22;2;24.18;16.34;17.65;25.49;7.84;1.31;3.92;2.61;0;0.65;0;0;12.43;1.31
14169;14;Colombiers-sur-Seulles;141;118;112;21;28;29;14;5;2;9;1;3;0;0;0;23;1;18.75;25;25.89;12.5;4.46;1.79;8.04;0.89;2.68;0;0;0;16.31;0.89
14171;14;Combray;120;107;105;31;17;21;12;5;0;15;2;2;0;0;0;13;0;29.52;16.19;20;11.43;4.76;0;14.29;1.9;1.9;0;0;0;10.83;0
14172;14;Commes;362;299;295;65;40;75;77;20;2;12;0;2;2;0;0;63;0;22.03;13.56;25.42;26.1;6.78;0.68;4.07;0;0.68;0.68;0;0;17.4;0
14173;14;Condé-sur-Ifs;344;289;285;84;40;55;55;20;1;19;1;8;2;0;0;55;0;29.47;14.04;19.3;19.3;7.02;0.35;6.67;0.35;2.81;0.7;0;0;15.99;0
14174;14;Condé-en-Normandie;4757;3841;3752;973;608;821;715;256;32;188;30;75;45;9;0;916;25;25.93;16.2;21.88;19.06;6.82;0.85;5.01;0.8;2;1.2;0.24;0;19.26;0.67
14175;14;Condé-sur-Seulles;180;162;158;32;39;48;13;12;2;9;0;2;1;0;0;18;1;20.25;24.68;30.38;8.23;7.59;1.27;5.7;0;1.27;0.63;0;0;10;0.63
14177;14;Coquainvilliers;683;586;576;133;68;163;141;36;2;21;2;6;4;0;0;97;2;23.09;11.81;28.3;24.48;6.25;0.35;3.65;0.35;1.04;0.69;0;0;14.2;0.35
14179;14;Cordebugle;127;118;117;41;21;12;21;9;3;8;1;0;1;0;0;9;0;35.04;17.95;10.26;17.95;7.69;2.56;6.84;0.85;0;0.85;0;0;7.09;0
14180;14;Cordey;123;103;102;30;21;14;17;7;0;5;2;3;3;0;0;20;0;29.41;20.59;13.73;16.67;6.86;0;4.9;1.96;2.94;2.94;0;0;16.26;0
14181;14;Cormelles-le-Royal;3752;3048;2957;548;676;796;497;130;27;206;17;33;21;6;0;704;29;18.53;22.86;26.92;16.81;4.4;0.91;6.97;0.57;1.12;0.71;0.2;0;18.76;0.98
14182;14;Cormolain;285;224;220;74;39;24;44;12;2;14;2;7;2;0;0;61;3;33.64;17.73;10.91;20;5.45;0.91;6.36;0.91;3.18;0.91;0;0;21.4;1.36
14183;14;Cossesseville;85;68;67;20;13;16;8;3;0;4;2;1;0;0;0;17;0;29.85;19.4;23.88;11.94;4.48;0;5.97;2.99;1.49;0;0;0;20;0
14184;14;Cottun;169;148;142;34;24;31;33;11;1;6;1;0;1;0;0;21;3;23.94;16.9;21.83;23.24;7.75;0.7;4.23;0.7;0;0.7;0;0;12.43;2.11
14185;14;Coudray-Rabut;253;213;207;47;32;24;83;8;5;5;2;0;1;0;0;40;5;22.71;15.46;11.59;40.1;3.86;2.42;2.42;0.97;0;0.48;0;0;15.81;2.42
14190;14;Courcy;115;101;97;24;15;15;32;4;0;5;0;2;0;0;0;14;0;24.74;15.46;15.46;32.99;4.12;0;5.15;0;2.06;0;0;0;12.17;0
14191;14;Courseulles-sur-Mer;3555;2976;2912;540;440;725;831;123;23;169;15;29;11;6;0;579;20;18.54;15.11;24.9;28.54;4.22;0.79;5.8;0.52;1;0.38;0.21;0;16.29;0.69
14193;14;Courtonne-la-Meurdrac;558;468;455;96;90;108;86;25;4;27;2;10;6;1;0;90;1;21.1;19.78;23.74;18.9;5.49;0.88;5.93;0.44;2.2;1.32;0.22;0;16.13;0.22
14194;14;Courtonne-les-Deux-Eglises;523;435;426;132;63;63;92;29;3;21;4;12;6;1;0;88;3;30.99;14.79;14.79;21.6;6.81;0.7;4.93;0.94;2.82;1.41;0.23;0;16.83;0.7
14195;14;Courvaudon;195;147;142;47;21;19;22;14;1;12;2;1;2;1;0;48;3;33.1;14.79;13.38;15.49;9.86;0.7;8.45;1.41;0.7;1.41;0.7;0;24.62;2.11
14196;14;Crépon;192;169;162;20;34;32;51;5;2;10;1;1;6;0;0;23;0;12.35;20.99;19.75;31.48;3.09;1.23;6.17;0.62;0.62;3.7;0;0;11.98;0
14197;14;Cresserons;1000;855;832;99;175;243;187;28;7;71;7;11;4;0;0;145;5;11.9;21.03;29.21;22.48;3.37;0.84;8.53;0.84;1.32;0.48;0;0;14.5;0.6
14198;14;Cresseveuille;206;174;171;26;39;32;41;12;1;14;4;2;0;0;0;32;1;15.2;22.81;18.71;23.98;7.02;0.58;8.19;2.34;1.17;0;0;0;15.53;0.58
14200;14;Creully-sur-Seulles;1593;1356;1318;289;271;330;215;92;8;74;6;15;13;5;0;237;5;21.93;20.56;25.04;16.31;6.98;0.61;5.61;0.46;1.14;0.99;0.38;0;14.88;0.38
14202;14;Cricqueboeuf;182;167;163;28;9;31;82;6;0;7;0;0;0;0;0;15;1;17.18;5.52;19.02;50.31;3.68;0;4.29;0;0;0;0;0;8.24;0.61
14203;14;Cricqueville-en-Auge;166;130;130;20;14;26;47;10;1;6;2;4;0;0;0;36;0;15.38;10.77;20;36.15;7.69;0.77;4.62;1.54;3.08;0;0;0;21.69;0
14204;14;Cricqueville-en-Bessin;169;144;143;44;21;30;22;7;4;8;1;4;0;2;0;25;1;30.77;14.69;20.98;15.38;4.9;2.8;5.59;0.7;2.8;0;1.4;0;14.79;0.7
14205;14;Cristot;163;147;145;51;13;26;24;14;1;7;3;6;0;0;0;16;0;35.17;8.97;17.93;16.55;9.66;0.69;4.83;2.07;4.14;0;0;0;9.82;0
14206;14;Crocy;238;202;197;54;29;45;40;11;4;11;1;0;2;0;0;36;2;27.41;14.72;22.84;20.3;5.58;2.03;5.58;0.51;0;1.02;0;0;15.13;1.02
14207;14;Croisilles;408;355;342;85;64;78;63;19;1;20;2;8;1;1;0;53;12;24.85;18.71;22.81;18.42;5.56;0.29;5.85;0.58;2.34;0.29;0.29;0;12.99;3.51
14209;14;Crouay;410;359;351;106;72;46;62;28;6;17;1;10;3;0;0;51;0;30.2;20.51;13.11;17.66;7.98;1.71;4.84;0.28;2.85;0.85;0;0;12.44;0
14211;14;Culey-le-Patry;281;227;223;65;43;41;42;4;0;16;6;3;3;0;0;54;1;29.15;19.28;18.39;18.83;1.79;0;7.17;2.69;1.35;1.35;0;0;19.22;0.45
14214;14;Cussy;154;138;136;34;33;27;24;9;3;3;1;1;0;1;0;16;0;25;24.26;19.85;17.65;6.62;2.21;2.21;0.74;0.74;0;0.74;0;10.39;0
14215;14;Cuverville;1584;1391;1355;299;310;397;125;67;4;109;11;22;11;0;0;193;35;22.07;22.88;29.3;9.23;4.94;0.3;8.04;0.81;1.62;0.81;0;0;12.18;2.58
14216;14;Damblainville;180;163;161;40;25;31;38;7;1;11;3;5;0;0;0;17;1;24.84;15.53;19.25;23.6;4.35;0.62;6.83;1.86;3.11;0;0;0;9.44;0.62
14218;14;Danestal;281;230;227;47;36;43;70;11;3;6;6;3;2;0;0;51;0;20.7;15.86;18.94;30.84;4.85;1.32;2.64;2.64;1.32;0.88;0;0;18.15;0
14220;14;Deauville;3531;2675;2624;420;232;573;1192;92;13;60;15;13;11;3;0;856;18;16.01;8.84;21.84;45.43;3.51;0.5;2.29;0.57;0.5;0.42;0.11;0;24.24;0.69
14221;14;Démouville;2490;2122;2070;455;526;531;225;110;21;130;12;33;22;5;0;368;17;21.98;25.41;25.65;10.87;5.31;1.01;6.28;0.58;1.59;1.06;0.24;0;14.78;0.82
14223;14;Le Détroit;77;57;56;12;3;10;20;3;2;6;0;0;0;0;0;20;0;21.43;5.36;17.86;35.71;5.36;3.57;10.71;0;0;0;0;0;25.97;0
14224;14;Deux-Jumeaux;57;46;45;10;5;1;14;9;1;1;4;0;0;0;0;11;0;22.22;11.11;2.22;31.11;20;2.22;2.22;8.89;0;0;0;0;19.3;0
14225;14;Dives-sur-Mer;4404;3459;3393;835;1031;622;447;155;21;169;25;54;31;3;0;945;20;24.61;30.39;18.33;13.17;4.57;0.62;4.98;0.74;1.59;0.91;0.09;0;21.46;0.59
14226;14;Donnay;228;187;186;58;33;44;13;13;0;18;3;4;0;0;0;41;0;31.18;17.74;23.66;6.99;6.99;0;9.68;1.61;2.15;0;0;0;17.98;0
14227;14;Douville-en-Auge;192;178;175;43;27;35;57;2;2;5;1;1;1;1;0;14;0;24.57;15.43;20;32.57;1.14;1.14;2.86;0.57;0.57;0.57;0.57;0;7.29;0
14228;14;Douvres-la-Délivrande;4196;3424;3358;490;557;1033;719;178;19;288;26;29;13;6;0;772;15;14.59;16.59;30.76;21.41;5.3;0.57;8.58;0.77;0.86;0.39;0.18;0;18.4;0.45
14229;14;Dozulé;1416;1152;1136;293;208;226;253;60;11;52;13;12;7;1;0;264;4;25.79;18.31;19.89;22.27;5.28;0.97;4.58;1.14;1.06;0.62;0.09;0;18.64;0.35
14230;14;Drubec;98;92;91;21;11;19;27;9;1;2;1;0;0;0;0;6;0;23.08;12.09;20.88;29.67;9.89;1.1;2.2;1.1;0;0;0;0;6.12;0
14231;14;Beaufour-Druval;378;293;290;92;54;48;69;17;2;7;0;0;1;0;0;85;1;31.72;18.62;16.55;23.79;5.86;0.69;2.41;0;0;0.34;0;0;22.49;0.34
14232;14;Ducy-Sainte-Marguerite;138;118;114;18;19;27;24;5;1;12;2;2;3;1;0;20;0;15.79;16.67;23.68;21.05;4.39;0.88;10.53;1.75;1.75;2.63;0.88;0;14.49;0
14236;14;Ellon;293;263;257;73;37;71;42;10;1;14;5;2;1;1;0;30;5;28.4;14.4;27.63;16.34;3.89;0.39;5.45;1.95;0.78;0.39;0.39;0;10.24;1.95
14237;14;Emiéville;409;358;338;64;60;101;61;21;1;21;1;6;2;0;0;51;9;18.93;17.75;29.88;18.05;6.21;0.3;6.21;0.3;1.78;0.59;0;0;12.47;2.66
14238;14;Englesqueville-en-Auge;114;99;97;20;11;19;39;2;0;3;1;0;2;0;0;15;0;20.62;11.34;19.59;40.21;2.06;0;3.09;1.03;0;2.06;0;0;13.16;0
14239;14;Englesqueville-la-Percée;80;63;62;21;4;15;9;6;1;6;0;0;0;0;0;17;1;33.87;6.45;24.19;14.52;9.68;1.61;9.68;0;0;0;0;0;21.25;1.61
14240;14;Epaney;392;344;338;101;64;65;58;20;2;12;0;10;6;0;0;48;3;29.88;18.93;19.23;17.16;5.92;0.59;3.55;0;2.96;1.78;0;0;12.24;0.89
14241;14;Epinay-sur-Odon;481;415;405;101;83;94;71;18;1;24;4;8;0;1;0;66;8;24.94;20.49;23.21;17.53;4.44;0.25;5.93;0.99;1.98;0;0.25;0;13.72;1.98
14242;14;Epron;1071;906;896;60;122;377;212;28;5;81;3;7;1;0;0;165;5;6.7;13.62;42.08;23.66;3.13;0.56;9.04;0.33;0.78;0.11;0;0;15.41;0.56
14243;14;Equemauville;987;810;797;143;109;174;274;39;9;35;4;6;3;1;0;177;5;17.94;13.68;21.83;34.38;4.89;1.13;4.39;0.5;0.75;0.38;0.13;0;17.93;0.63
14244;14;Eraines;258;234;229;63;40;48;42;15;3;9;2;4;3;0;0;24;1;27.51;17.47;20.96;18.34;6.55;1.31;3.93;0.87;1.75;1.31;0;0;9.3;0.44
14245;14;Ernes;247;209;206;57;35;49;33;11;3;9;3;6;0;0;0;38;1;27.67;16.99;23.79;16.02;5.34;1.46;4.37;1.46;2.91;0;0;0;15.38;0.49
14246;14;Escoville;608;514;501;97;109;129;82;27;4;34;9;7;1;2;0;94;2;19.36;21.76;25.75;16.37;5.39;0.8;6.79;1.8;1.4;0.2;0.4;0;15.46;0.4
14248;14;Espins;187;171;168;41;25;41;30;6;2;15;3;4;0;1;0;16;0;24.4;14.88;24.4;17.86;3.57;1.19;8.93;1.79;2.38;0;0.6;0;8.56;0
14249;14;Esquay-Notre-Dame;974;872;841;173;160;241;130;38;5;57;11;15;9;2;0;102;8;20.57;19.02;28.66;15.46;4.52;0.59;6.78;1.31;1.78;1.07;0.24;0;10.47;0.95
14250;14;Esquay-sur-Seulles;260;218;211;47;35;62;36;14;2;9;0;3;3;0;0;42;0;22.27;16.59;29.38;17.06;6.64;0.95;4.27;0;1.42;1.42;0;0;16.15;0
14251;14;Esson;370;317;310;89;44;75;45;21;1;25;0;8;2;0;0;53;3;28.71;14.19;24.19;14.52;6.77;0.32;8.06;0;2.58;0.65;0;0;14.32;0.97
14252;14;Estrées-la-Campagne;168;141;136;39;21;23;32;7;2;10;0;1;1;0;0;27;4;28.68;15.44;16.91;23.53;5.15;1.47;7.35;0;0.74;0.74;0;0;16.07;2.94
14254;14;Eterville;1190;1066;1037;133;172;366;204;48;6;82;8;8;4;6;0;124;3;12.83;16.59;35.29;19.67;4.63;0.58;7.91;0.77;0.77;0.39;0.58;0;10.42;0.29
14256;14;Etréham;252;223;218;53;35;51;51;16;2;9;1;0;0;0;0;29;0;24.31;16.06;23.39;23.39;7.34;0.92;4.13;0.46;0;0;0;0;11.51;0
14257;14;Evrecy;1357;1222;1190;172;201;364;264;67;7;76;12;11;10;6;0;135;5;14.45;16.89;30.59;22.18;5.63;0.59;6.39;1.01;0.92;0.84;0.5;0;9.95;0.42
14258;14;Falaise;5918;4177;4074;882;769;981;769;167;26;334;33;46;59;8;0;1741;29;21.65;18.88;24.08;18.88;4.1;0.64;8.2;0.81;1.13;1.45;0.2;0;29.42;0.71
14260;14;Fauguernon;196;176;174;44;31;42;43;4;3;5;0;0;2;0;0;20;1;25.29;17.82;24.14;24.71;2.3;1.72;2.87;0;0;1.15;0;0;10.2;0.57
14261;14;Le Faulq;249;225;219;52;39;31;65;16;0;11;0;3;1;1;0;24;2;23.74;17.81;14.16;29.68;7.31;0;5.02;0;1.37;0.46;0.46;0;9.64;0.91
14266;14;Feuguerolles-Bully;1005;905;890;151;165;269;158;42;8;72;8;10;6;1;0;100;15;16.97;18.54;30.22;17.75;4.72;0.9;8.09;0.9;1.12;0.67;0.11;0;9.95;1.69
14269;14;Fierville-les-Parcs;172;143;141;33;18;38;36;12;1;1;1;1;0;0;0;29;0;23.4;12.77;26.95;25.53;8.51;0.71;0.71;0.71;0.71;0;0;0;16.86;0
14270;14;Firfol;337;302;289;69;34;87;65;18;3;6;0;4;3;0;0;35;2;23.88;11.76;30.1;22.49;6.23;1.04;2.08;0;1.38;1.04;0;0;10.39;0.69
14271;14;Fleury-sur-Orne;3295;2660;2607;458;676;647;324;105;18;297;11;48;20;3;0;635;17;17.57;25.93;24.82;12.43;4.03;0.69;11.39;0.42;1.84;0.77;0.12;0;19.27;0.65
14272;14;La Folie;83;64;63;18;7;18;14;3;0;1;0;1;1;0;0;19;1;28.57;11.11;28.57;22.22;4.76;0;1.59;0;1.59;1.59;0;0;22.89;1.59
14273;14;La Folletière-Abenon;144;110;108;29;12;24;29;8;1;3;1;0;1;0;0;34;0;26.85;11.11;22.22;26.85;7.41;0.93;2.78;0.93;0;0.93;0;0;23.61;0
14274;14;Fontaine-Etoupefour;1839;1613;1580;158;257;586;334;74;8;137;4;12;6;4;0;226;10;10;16.27;37.09;21.14;4.68;0.51;8.67;0.25;0.76;0.38;0.25;0;12.29;0.63
14275;14;Fontaine-Henry;371;328;323;80;48;70;80;20;0;19;3;1;2;0;0;43;1;24.77;14.86;21.67;24.77;6.19;0;5.88;0.93;0.31;0.62;0;0;11.59;0.31
14276;14;Fontaine-le-Pin;270;228;216;49;52;48;42;3;0;17;0;3;1;1;0;42;1;22.69;24.07;22.22;19.44;1.39;0;7.87;0;1.39;0.46;0.46;0;15.56;0.46
14277;14;Fontenay-le-Marmion;1278;1108;1074;260;200;292;133;68;4;88;6;16;5;2;0;170;8;24.21;18.62;27.19;12.38;6.33;0.37;8.19;0.56;1.49;0.47;0.19;0;13.3;0.74
14278;14;Fontenay-le-Pesnel;818;724;710;146;146;180;96;46;3;63;4;15;7;4;0;94;13;20.56;20.56;25.35;13.52;6.48;0.42;8.87;0.56;2.11;0.99;0.56;0;11.49;1.83
14280;14;Formentin;193;172;165;43;15;29;48;13;2;9;2;1;3;0;0;21;7;26.06;9.09;17.58;29.09;7.88;1.21;5.45;1.21;0.61;1.82;0;0;10.88;4.24
14281;14;Formigny-la-Bataille;580;491;479;109;62;107;117;35;7;28;2;6;6;0;0;89;4;22.76;12.94;22.34;24.43;7.31;1.46;5.85;0.42;1.25;1.25;0;0;15.34;0.84
14282;14;Foulognes;154;133;131;42;10;20;33;14;0;4;3;2;3;0;0;21;1;32.06;7.63;15.27;25.19;10.69;0;3.05;2.29;1.53;2.29;0;0;13.64;0.76
14283;14;Fourches;157;125;122;44;15;22;22;11;2;3;1;1;0;1;0;32;2;36.07;12.3;18.03;18.03;9.02;1.64;2.46;0.82;0.82;0;0.82;0;20.38;1.64
14284;14;Fourneaux-le-Val;134;108;108;31;15;27;19;7;1;3;0;4;1;0;0;26;0;28.7;13.89;25;17.59;6.48;0.93;2.78;0;3.7;0.93;0;0;19.4;0
14285;14;Le Fournet;61;48;47;11;10;10;10;5;0;0;0;1;0;0;0;13;0;23.4;21.28;21.28;21.28;10.64;0;0;0;2.13;0;0;0;21.31;0
14286;14;Fourneville;375;325;319;81;47;62;78;27;1;14;3;6;0;0;0;50;5;25.39;14.73;19.44;24.45;8.46;0.31;4.39;0.94;1.88;0;0;0;13.33;1.57
14287;14;Frénouville;1349;1168;1134;271;252;272;181;55;1;71;9;13;9;0;0;181;13;23.9;22.22;23.99;15.96;4.85;0.09;6.26;0.79;1.15;0.79;0;0;13.42;1.15
14288;14;Le Fresne-Camilly;736;672;662;75;122;232;142;20;6;55;2;5;3;0;0;64;2;11.33;18.43;35.05;21.45;3.02;0.91;8.31;0.3;0.76;0.45;0;0;8.7;0.3
14289;14;Fresné-la-Mère;403;360;349;95;67;74;59;24;2;17;3;2;6;0;0;43;11;27.22;19.2;21.2;16.91;6.88;0.57;4.87;0.86;0.57;1.72;0;0;10.67;3.15
14290;14;Fresney-le-Puceux;581;497;482;104;116;113;64;32;6;38;3;5;1;0;0;84;3;21.58;24.07;23.44;13.28;6.64;1.24;7.88;0.62;1.04;0.21;0;0;14.46;0.62
14291;14;Fresney-le-Vieux;188;171;166;32;26;36;42;18;1;5;2;2;0;2;0;17;2;19.28;15.66;21.69;25.3;10.84;0.6;3.01;1.2;1.2;0;1.2;0;9.04;1.2
14293;14;Fumichon;244;203;202;63;21;34;63;7;1;11;0;2;0;0;0;41;1;31.19;10.4;16.83;31.19;3.47;0.5;5.45;0;0.99;0;0;0;16.8;0.5
14294;14;Garcelles-Secqueville;636;561;553;107;109;162;84;37;5;35;3;8;3;0;0;75;1;19.35;19.71;29.29;15.19;6.69;0.9;6.33;0.54;1.45;0.54;0;0;11.79;0.18
14297;14;Gavrus;333;292;283;33;63;85;48;25;0;21;0;7;1;0;0;41;2;11.66;22.26;30.04;16.96;8.83;0;7.42;0;2.47;0.35;0;0;12.31;0.71
14298;14;Géfosse-Fontenay;131;114;112;39;10;24;26;4;1;8;0;0;0;0;0;17;1;34.82;8.93;21.43;23.21;3.57;0.89;7.14;0;0;0;0;0;12.98;0.89
14299;14;Genneville;567;481;464;127;54;89;128;32;3;18;5;6;1;1;0;86;2;27.37;11.64;19.18;27.59;6.9;0.65;3.88;1.08;1.29;0.22;0.22;0;15.17;0.43
14300;14;Gerrots;45;42;42;6;6;10;11;7;0;2;0;0;0;0;0;3;0;14.29;14.29;23.81;26.19;16.67;0;4.76;0;0;0;0;0;6.67;0
14301;14;Giberville;3786;3059;2993;680;894;643;318;104;19;221;14;55;43;2;0;727;29;22.72;29.87;21.48;10.62;3.47;0.63;7.38;0.47;1.84;1.44;0.07;0;19.2;0.97
14302;14;Glanville;177;158;156;30;20;27;57;10;2;6;1;3;0;0;0;19;0;19.23;12.82;17.31;36.54;6.41;1.28;3.85;0.64;1.92;0;0;0;10.73;0
14303;14;Glos;739;633;617;163;80;124;142;51;4;29;6;8;7;3;0;106;2;26.42;12.97;20.1;23.01;8.27;0.65;4.7;0.97;1.3;1.13;0.49;0;14.34;0.32
14304;14;Gonneville-sur-Honfleur;722;602;594;112;75;152;169;36;5;34;2;5;3;1;0;120;7;18.86;12.63;25.59;28.45;6.06;0.84;5.72;0.34;0.84;0.51;0.17;0;16.62;1.18
14305;14;Gonneville-sur-Mer;615;536;531;74;51;106;245;23;3;19;6;0;2;2;0;79;1;13.94;9.6;19.96;46.14;4.33;0.56;3.58;1.13;0;0.38;0.38;0;12.85;0.19
14306;14;Gonneville-en-Auge;322;263;260;40;40;69;78;9;2;10;5;5;2;0;0;59;0;15.38;15.38;26.54;30;3.46;0.77;3.85;1.92;1.92;0.77;0;0;18.32;0
14307;14;Goupillières;144;127;124;23;29;32;18;5;0;11;1;2;3;0;0;17;0;18.55;23.39;25.81;14.52;4.03;0;8.87;0.81;1.61;2.42;0;0;11.81;0
14308;14;Goustranville;161;134;134;32;22;27;37;10;0;1;0;3;2;0;0;27;0;23.88;16.42;20.15;27.61;7.46;0;0.75;0;2.24;1.49;0;0;16.77;0
14309;14;Gouvix;668;553;534;145;123;126;36;29;7;40;6;12;10;0;0;115;9;27.15;23.03;23.6;6.74;5.43;1.31;7.49;1.12;2.25;1.87;0;0;17.22;1.69
14310;14;Grainville-Langannerie;517;450;434;138;63;102;59;20;3;32;4;8;5;0;0;67;3;31.8;14.52;23.5;13.59;4.61;0.69;7.37;0.92;1.84;1.15;0;0;12.96;0.69
14311;14;Grainville-sur-Odon;740;637;623;126;129;158;92;34;5;55;5;8;10;1;0;103;4;20.22;20.71;25.36;14.77;5.46;0.8;8.83;0.8;1.28;1.61;0.16;0;13.92;0.64
14312;14;Grandcamp-Maisy;1418;1070;1042;308;98;210;301;60;5;34;5;13;4;4;0;348;16;29.56;9.4;20.15;28.89;5.76;0.48;3.26;0.48;1.25;0.38;0.38;0;24.54;1.54
14316;14;Grangues;230;191;185;26;27;46;69;8;1;8;0;0;0;0;0;39;0;14.05;14.59;24.86;37.3;4.32;0.54;4.32;0;0;0;0;0;16.96;0
14318;14;Graye-sur-Mer;475;405;398;94;63;117;70;20;2;21;3;6;1;1;0;70;0;23.62;15.83;29.4;17.59;5.03;0.5;5.28;0.75;1.51;0.25;0.25;0;14.74;0
14319;14;Grentheville;740;624;608;116;128;150;83;47;4;58;3;12;6;1;0;116;5;19.08;21.05;24.67;13.65;7.73;0.66;9.54;0.49;1.97;0.99;0.16;0;15.68;0.82
14320;14;Grimbosq;219;183;178;41;40;38;25;11;1;14;2;4;1;1;0;36;0;23.03;22.47;21.35;14.04;6.18;0.56;7.87;1.12;2.25;0.56;0.56;0;16.44;0
14322;14;Guéron;215;184;181;33;12;50;58;14;2;9;0;1;2;0;0;31;3;18.23;6.63;27.62;32.04;7.73;1.1;4.97;0;0.55;1.1;0;0;14.42;1.66
14325;14;Hermanville-sur-Mer;2681;2226;2175;363;383;650;475;77;14;165;11;23;10;4;0;455;11;16.69;17.61;29.89;21.84;3.54;0.64;7.59;0.51;1.06;0.46;0.18;0;16.97;0.51
14326;14;Hermival-les-Vaux;679;594;580;105;79;122;163;35;10;43;9;5;6;3;0;85;3;18.1;13.62;21.03;28.1;6.03;1.72;7.41;1.55;0.86;1.03;0.52;0;12.52;0.52
14327;14;Hérouville-Saint-Clair;13160;10158;9939;1329;3060;2620;1060;362;63;1087;93;156;92;17;0;3002;64;13.37;30.79;26.36;10.67;3.64;0.63;10.94;0.94;1.57;0.93;0.17;0;22.81;0.64
14328;14;Hérouvillette;927;821;795;169;165;236;110;30;3;55;1;17;8;1;0;106;4;21.26;20.75;29.69;13.84;3.77;0.38;6.92;0.13;2.14;1.01;0.13;0;11.43;0.5
14329;14;Heuland;79;66;66;18;11;19;9;7;0;0;1;0;1;0;0;13;0;27.27;16.67;28.79;13.64;10.61;0;0;1.52;0;1.52;0;0;16.46;0
14332;14;La Hoguette;532;436;419;107;83;101;66;19;2;26;4;8;3;0;0;96;7;25.54;19.81;24.11;15.75;4.53;0.48;6.21;0.95;1.91;0.72;0;0;18.05;1.67
14333;14;Honfleur;5578;4207;4120;892;862;965;856;168;40;199;36;55;38;9;0;1371;24;21.65;20.92;23.42;20.78;4.08;0.97;4.83;0.87;1.33;0.92;0.22;0;24.58;0.58
14334;14;L'Hôtellerie;256;201;197;69;27;28;35;18;2;5;4;4;4;1;0;55;1;35.03;13.71;14.21;17.77;9.14;1.02;2.54;2.03;2.03;2.03;0.51;0;21.48;0.51
14335;14;Hotot-en-Auge;257;221;212;44;29;43;70;8;2;10;1;3;2;0;0;36;2;20.75;13.68;20.28;33.02;3.77;0.94;4.72;0.47;1.42;0.94;0;0;14.01;0.94
14336;14;Hottot-les-Bagues;364;313;300;87;45;69;44;21;1;17;6;7;2;1;0;51;1;29;15;23;14.67;7;0.33;5.67;2;2.33;0.67;0.33;0;14.01;0.33
14337;14;La Houblonnière;232;199;196;64;34;35;41;9;1;5;1;3;3;0;0;33;3;32.65;17.35;17.86;20.92;4.59;0.51;2.55;0.51;1.53;1.53;0;0;14.22;1.53
14338;14;Houlgate;1733;1417;1397;206;190;350;490;44;11;68;10;17;7;4;0;316;7;14.75;13.6;25.05;35.08;3.15;0.79;4.87;0.72;1.22;0.5;0.29;0;18.23;0.5
14339;14;Hubert-Folie;257;236;231;42;42;64;54;7;0;14;5;2;1;0;0;21;4;18.18;18.18;27.71;23.38;3.03;0;6.06;2.16;0.87;0.43;0;0;8.17;1.73
14341;14;Ifs;7688;6156;6009;926;1444;1703;896;267;31;558;48;74;52;10;0;1532;49;15.41;24.03;28.34;14.91;4.44;0.52;9.29;0.8;1.23;0.87;0.17;0;19.93;0.82
14342;14;Isigny-sur-Mer;2772;2065;2015;647;272;396;437;114;18;79;11;21;19;1;0;707;14;32.11;13.5;19.65;21.69;5.66;0.89;3.92;0.55;1.04;0.94;0.05;0;25.51;0.69
14343;14;Les Isles-Bardel;56;52;51;14;6;4;19;2;1;3;0;1;1;0;0;4;0;27.45;11.76;7.84;37.25;3.92;1.96;5.88;0;1.96;1.96;0;0;7.14;0
14344;14;Janville;315;269;261;46;45;69;71;13;1;9;4;0;2;1;0;46;2;17.62;17.24;26.44;27.2;4.98;0.38;3.45;1.53;0;0.77;0.38;0;14.6;0.77
14345;14;Jort;217;175;171;53;27;25;42;12;1;6;1;2;2;0;0;42;0;30.99;15.79;14.62;24.56;7.02;0.58;3.51;0.58;1.17;1.17;0;0;19.35;0
14346;14;Juaye-Mondaye;537;463;455;116;62;95;110;30;3;28;6;2;3;0;0;74;6;25.49;13.63;20.88;24.18;6.59;0.66;6.15;1.32;0.44;0.66;0;0;13.78;1.32
14347;14;Dialan-sur-Chaîne;764;630;623;188;121;114;88;36;11;43;7;8;6;1;0;134;2;30.18;19.42;18.3;14.13;5.78;1.77;6.9;1.12;1.28;0.96;0.16;0;17.54;0.32
14348;14;Juvigny-sur-Seulles;64;58;58;10;17;7;21;1;0;1;0;1;0;0;0;6;0;17.24;29.31;12.07;36.21;1.72;0;1.72;0;1.72;0;0;0;9.38;0
14349;14;Laize-Clinchamps;1309;1166;1133;218;245;309;178;70;11;83;5;10;4;0;0;143;9;19.24;21.62;27.27;15.71;6.18;0.97;7.33;0.44;0.88;0.35;0;0;10.92;0.79
14352;14;Landelles-et-Coupigny;657;545;535;143;64;74;153;55;4;24;7;5;6;0;0;112;2;26.73;11.96;13.83;28.6;10.28;0.75;4.49;1.31;0.93;1.12;0;0;17.05;0.37
14353;14;Landes-sur-Ajon;290;263;259;54;46;56;50;21;2;24;0;2;3;1;0;27;4;20.85;17.76;21.62;19.31;8.11;0.77;9.27;0;0.77;1.16;0.39;0;9.31;1.54
14354;14;Langrune-sur-Mer;1535;1315;1293;206;271;348;241;66;8;111;15;16;5;6;0;220;5;15.93;20.96;26.91;18.64;5.1;0.62;8.58;1.16;1.24;0.39;0.46;0;14.33;0.39
14355;14;Pont-sur-Seulles;916;776;751;119;166;215;115;37;3;68;8;12;7;1;0;140;7;15.85;22.1;28.63;15.31;4.93;0.4;9.05;1.07;1.6;0.93;0.13;0;15.28;0.93
14357;14;Terres-de-Druance;666;557;546;165;106;70;98;39;5;35;1;16;8;3;0;109;4;30.22;19.41;12.82;17.95;7.14;0.92;6.41;0.18;2.93;1.47;0.55;0;16.37;0.73
14358;14;Léaupartie;74;69;65;15;10;8;17;8;0;7;0;0;0;0;0;5;2;23.08;15.38;12.31;26.15;12.31;0;10.77;0;0;0;0;0;6.76;3.08
14360;14;Leffard;126;114;114;36;13;25;23;9;1;7;0;0;0;0;0;12;0;31.58;11.4;21.93;20.18;7.89;0.88;6.14;0;0;0;0;0;9.52;0
14362;14;Lessard-et-le-Chêne;136;120;119;22;14;18;46;5;4;3;2;3;2;0;0;16;0;18.49;11.76;15.13;38.66;4.2;3.36;2.52;1.68;2.52;1.68;0;0;11.76;0
14364;14;Lingèvres;362;313;304;65;60;62;73;21;1;12;2;5;3;0;0;49;1;21.38;19.74;20.39;24.01;6.91;0.33;3.95;0.66;1.64;0.99;0;0;13.54;0.33
14365;14;Lion-sur-Mer;2242;1859;1829;309;419;494;339;60;8;162;7;20;8;3;0;383;5;16.89;22.91;27.01;18.53;3.28;0.44;8.86;0.38;1.09;0.44;0.16;0;17.08;0.27
14366;14;Lisieux;13355;10184;9947;2218;1924;2250;1972;544;83;597;103;151;84;21;0;3171;54;22.3;19.34;22.62;19.83;5.47;0.83;6;1.04;1.52;0.84;0.21;0;23.74;0.54
14367;14;Lison;348;278;272;116;35;42;51;9;3;12;1;0;3;0;0;70;3;42.65;12.87;15.44;18.75;3.31;1.1;4.41;0.37;0;1.1;0;0;20.11;1.1
14368;14;Lisores;258;214;211;59;30;42;43;17;2;5;2;3;5;3;0;44;3;27.96;14.22;19.91;20.38;8.06;0.95;2.37;0.95;1.42;2.37;1.42;0;17.05;1.42
14369;14;Litteau;216;164;160;40;22;45;19;14;0;13;1;4;2;0;0;52;2;25;13.75;28.13;11.88;8.75;0;8.13;0.63;2.5;1.25;0;0;24.07;1.25
14370;14;Le Molay-Littry;2126;1692;1653;539;226;336;312;118;8;81;4;13;14;2;0;434;11;32.61;13.67;20.33;18.87;7.14;0.48;4.9;0.24;0.79;0.85;0.12;0;20.41;0.67
14371;14;Livarot-Pays-d'Auge;4892;4024;3943;1133;580;721;982;226;44;145;25;56;25;6;0;868;14;28.73;14.71;18.29;24.9;5.73;1.12;3.68;0.63;1.42;0.63;0.15;0;17.74;0.36
14374;14;Les Loges;104;86;81;23;14;12;15;7;1;5;1;2;1;0;0;18;1;28.4;17.28;14.81;18.52;8.64;1.23;6.17;1.23;2.47;1.23;0;0;17.31;1.23
14375;14;Les Loges-Saulces;125;106;103;33;19;25;8;6;0;7;1;4;0;0;0;19;1;32.04;18.45;24.27;7.77;5.83;0;6.8;0.97;3.88;0;0;0;15.2;0.97
14377;14;Longues-sur-Mer;504;433;421;99;83;72;105;25;2;26;3;4;2;0;0;71;10;23.52;19.71;17.1;24.94;5.94;0.48;6.18;0.71;0.95;0.48;0;0;14.09;2.38
14378;14;Longueville;222;182;176;62;23;29;43;5;1;5;1;5;2;0;0;40;0;35.23;13.07;16.48;24.43;2.84;0.57;2.84;0.57;2.84;1.14;0;0;18.02;0
14379;14;Longvillers;288;249;246;95;34;45;37;17;3;12;1;2;0;0;0;39;2;38.62;13.82;18.29;15.04;6.91;1.22;4.88;0.41;0.81;0;0;0;13.54;0.81
14380;14;Loucelles;135;117;115;25;11;29;23;7;1;12;0;5;0;2;0;18;0;21.74;9.57;25.22;20;6.09;0.87;10.43;0;4.35;0;1.74;0;13.33;0
14381;14;Louvagny;65;56;52;20;7;6;11;2;0;0;6;0;0;0;0;9;1;38.46;13.46;11.54;21.15;3.85;0;0;11.54;0;0;0;0;13.85;1.92
14383;14;Louvigny;2061;1701;1666;185;382;483;315;79;6;173;14;20;8;1;0;360;7;11.1;22.93;28.99;18.91;4.74;0.36;10.38;0.84;1.2;0.48;0.06;0;17.47;0.42
14384;14;Luc-sur-Mer;2832;2316;2264;338;401;618;531;103;20;196;16;18;19;4;0;516;10;14.93;17.71;27.3;23.45;4.55;0.88;8.66;0.71;0.8;0.84;0.18;0;18.22;0.44
14385;14;Magny-en-Bessin;121;108;105;26;17;19;29;3;0;7;1;2;0;1;0;13;3;24.76;16.19;18.1;27.62;2.86;0;6.67;0.95;1.9;0;0.95;0;10.74;2.86
14389;14;Maisoncelles-Pelvey;183;158;152;31;20;53;24;8;2;8;2;1;3;0;0;25;6;20.39;13.16;34.87;15.79;5.26;1.32;5.26;1.32;0.66;1.97;0;0;13.66;3.95
14390;14;Maisoncelles-sur-Ajon;152;132;126;28;26;25;23;6;0;12;2;3;1;0;0;20;2;22.22;20.63;19.84;18.25;4.76;0;9.52;1.59;2.38;0.79;0;0;13.16;1.59
14391;14;Maisons;298;259;255;55;33;70;62;22;0;11;1;1;0;0;0;39;4;21.57;12.94;27.45;24.31;8.63;0;4.31;0.39;0.39;0;0;0;13.09;1.57
14393;14;Maizet;260;236;225;54;45;54;40;17;2;8;1;2;1;1;0;24;2;24;20;24;17.78;7.56;0.89;3.56;0.44;0.89;0.44;0.44;0;9.23;0.89
14394;14;Maizières;335;274;263;88;35;47;37;21;4;19;1;5;6;0;0;61;1;33.46;13.31;17.87;14.07;7.98;1.52;7.22;0.38;1.9;2.28;0;0;18.21;0.38
14396;14;Maltot;693;632;622;77;107;212;103;53;10;50;3;5;1;1;0;61;10;12.38;17.2;34.08;16.56;8.52;1.61;8.04;0.48;0.8;0.16;0.16;0;8.8;1.61
14397;14;Mandeville-en-Bessin;274;231;226;70;19;51;56;9;5;9;2;2;3;0;0;43;1;30.97;8.41;22.57;24.78;3.98;2.21;3.98;0.88;0.88;1.33;0;0;15.69;0.44
14398;14;Manerbe;469;391;378;63;63;86;95;31;3;19;5;8;1;4;0;78;2;16.67;16.67;22.75;25.13;8.2;0.79;5.03;1.32;2.12;0.26;1.06;0;16.63;0.53
14399;14;Manneville-la-Pipard;284;241;240;70;18;46;87;11;1;5;0;2;0;0;0;43;0;29.17;7.5;19.17;36.25;4.58;0.42;2.08;0;0.83;0;0;0;15.14;0
14400;14;Le Manoir;138;126;124;35;12;32;32;1;1;8;0;2;0;1;0;12;0;28.23;9.68;25.81;25.81;0.81;0.81;6.45;0;1.61;0;0.81;0;8.7;0
14401;14;Manvieux;106;90;83;23;10;14;20;5;0;8;1;1;0;1;0;16;1;27.71;12.05;16.87;24.1;6.02;0;9.64;1.2;1.2;0;1.2;0;15.09;1.2
14402;14;Le Marais-la-Chapelle;85;78;77;23;18;19;13;0;1;3;0;0;0;0;0;7;0;29.87;23.38;24.68;16.88;0;1.3;3.9;0;0;0;0;0;8.24;0
14403;14;Marolles;576;503;489;133;67;108;115;25;9;24;0;3;4;1;0;73;4;27.2;13.7;22.09;23.52;5.11;1.84;4.91;0;0.61;0.82;0.2;0;12.67;0.82
14404;14;Martainville;85;73;67;26;5;10;15;6;0;3;0;1;1;0;0;12;1;38.81;7.46;14.93;22.39;8.96;0;4.48;0;1.49;1.49;0;0;14.12;1.49
14405;14;Martigny-sur-l'Ante;242;208;201;61;38;30;40;19;2;9;0;1;1;0;0;34;2;30.35;18.91;14.93;19.9;9.45;1;4.48;0;0.5;0.5;0;0;14.05;1
14406;14;Moulins-en-Bessin;835;741;716;133;134;169;154;46;6;61;7;3;2;1;0;94;1;18.58;18.72;23.6;21.51;6.42;0.84;8.52;0.98;0.42;0.28;0.14;0;11.26;0.14
14407;14;Mathieu;1843;1623;1599;140;214;515;565;49;9;89;5;9;3;1;0;220;5;8.76;13.38;32.21;35.33;3.06;0.56;5.57;0.31;0.56;0.19;0.06;0;11.94;0.31
14408;14;May-sur-Orne;1526;1271;1243;266;289;303;181;67;10;90;13;12;9;3;0;255;10;21.4;23.25;24.38;14.56;5.39;0.8;7.24;1.05;0.97;0.72;0.24;0;16.71;0.8
14409;14;Merville-Franceville-Plage;1790;1494;1464;277;189;375;442;59;12;67;13;21;6;3;0;296;20;18.92;12.91;25.61;30.19;4.03;0.82;4.58;0.89;1.43;0.41;0.2;0;16.54;1.37
14410;14;Méry-Bissières-en-Auge;792;680;660;208;127;141;100;27;6;32;3;7;7;2;0;112;6;31.52;19.24;21.36;15.15;4.09;0.91;4.85;0.45;1.06;1.06;0.3;0;14.14;0.91
14411;14;Meslay;199;171;166;55;33;30;22;9;0;11;1;2;3;0;0;28;3;33.13;19.88;18.07;13.25;5.42;0;6.63;0.6;1.2;1.81;0;0;14.07;1.81
14412;14;Le Mesnil-au-Grain;54;47;44;12;8;6;9;4;0;4;0;1;0;0;0;7;1;27.27;18.18;13.64;20.45;9.09;0;9.09;0;2.27;0;0;0;12.96;2.27
14419;14;Le Mesnil-Eudes;263;209;206;65;26;38;54;13;4;2;2;1;0;1;0;54;2;31.55;12.62;18.45;26.21;6.31;1.94;0.97;0.97;0.49;0;0.49;0;20.53;0.97
14421;14;Le Mesnil-Guillaume;427;362;358;96;54;98;64;20;2;16;1;4;3;0;0;65;0;26.82;15.08;27.37;17.88;5.59;0.56;4.47;0.28;1.12;0.84;0;0;15.22;0
14424;14;Le Mesnil-Robert;144;110;103;28;22;20;21;3;0;6;0;0;3;0;0;34;4;27.18;21.36;19.42;20.39;2.91;0;5.83;0;0;2.91;0;0;23.61;3.88
14425;14;Le Mesnil-Simon;135;121;120;22;22;21;38;6;3;4;1;1;1;1;0;14;1;18.33;18.33;17.5;31.67;5;2.5;3.33;0.83;0.83;0.83;0.83;0;10.37;0.83
14426;14;Le Mesnil-sur-Blangy;165;152;151;24;23;30;61;6;0;4;1;1;0;1;0;13;0;15.89;15.23;19.87;40.4;3.97;0;2.65;0.66;0.66;0;0.66;0;7.88;0
14427;14;Le Mesnil-Villement;234;200;197;47;48;33;42;9;1;3;3;8;3;0;0;34;2;23.86;24.37;16.75;21.32;4.57;0.51;1.52;1.52;4.06;1.52;0;0;14.53;1.02
14430;14;Meuvaines;146;124;122;22;13;23;47;7;0;8;0;1;1;0;0;22;0;18.03;10.66;18.85;38.52;5.74;0;6.56;0;0.82;0.82;0;0;15.07;0
14431;14;Mézidon-Vallée-d'Auge;7032;5662;5520;1748;1059;1015;813;324;54;319;31;89;58;10;0;1370;38;31.67;19.18;18.39;14.73;5.87;0.98;5.78;0.56;1.61;1.05;0.18;0;19.48;0.69
14435;14;Les Monceaux;163;148;144;43;15;16;50;9;0;4;2;3;2;0;0;15;1;29.86;10.42;11.11;34.72;6.25;0;2.78;1.39;2.08;1.39;0;0;9.2;0.69
14436;14;Monceaux-en-Bessin;427;368;364;75;58;95;81;15;2;27;3;5;3;0;0;59;0;20.6;15.93;26.1;22.25;4.12;0.55;7.42;0.82;1.37;0.82;0;0;13.82;0
14437;14;Mondeville;7235;5889;5740;1176;1548;1407;644;249;30;506;42;75;52;11;0;1346;48;20.49;26.97;24.51;11.22;4.34;0.52;8.82;0.73;1.31;0.91;0.19;0;18.6;0.84
14438;14;Mondrainville;411;365;352;70;81;95;57;16;1;17;4;6;4;1;0;46;1;19.89;23.01;26.99;16.19;4.55;0.28;4.83;1.14;1.7;1.14;0.28;0;11.19;0.28
14439;14;Monfréville;90;75;73;43;2;10;12;6;0;0;0;0;0;0;0;15;0;58.9;2.74;13.7;16.44;8.22;0;0;0;0;0;0;0;16.67;0
14445;14;Montfiquet;75;66;65;25;6;5;13;5;1;4;1;5;0;0;0;9;0;38.46;9.23;7.69;20;7.69;1.54;6.15;1.54;7.69;0;0;0;12;0
14446;14;Montigny;66;59;57;14;6;11;20;0;0;3;1;0;1;1;0;7;1;24.56;10.53;19.3;35.09;0;0;5.26;1.75;0;1.75;1.75;0;10.61;1.75
14448;14;Montreuil-en-Auge;37;34;34;3;5;5;17;3;0;0;1;0;0;0;0;3;0;8.82;14.71;14.71;50;8.82;0;0;2.94;0;0;0;0;8.11;0
14449;14;Monts-en-Bessin;336;289;282;79;43;56;56;17;0;13;4;8;6;0;0;47;6;28.01;15.25;19.86;19.86;6.03;0;4.61;1.42;2.84;2.13;0;0;13.99;2.13
14452;14;Morteaux-Couliboeuf;414;343;338;84;75;66;64;20;2;16;3;5;3;0;0;71;4;24.85;22.19;19.53;18.93;5.92;0.59;4.73;0.89;1.48;0.89;0;0;17.15;1.18
14453;14;Mosles;258;210;206;53;25;40;47;22;1;14;0;1;3;0;0;48;2;25.73;12.14;19.42;22.82;10.68;0.49;6.8;0;0.49;1.46;0;0;18.6;0.97
14454;14;Mouen;1186;1022;989;186;219;271;155;48;2;76;10;11;11;0;0;164;3;18.81;22.14;27.4;15.67;4.85;0.2;7.68;1.01;1.11;1.11;0;0;13.83;0.3
14455;14;Moulines;200;184;180;45;31;43;21;9;0;19;3;8;1;0;0;16;2;25;17.22;23.89;11.67;5;0;10.56;1.67;4.44;0.56;0;0;8;1.11
14456;14;Moult-Chicheboville;2062;1798;1752;463;336;439;243;81;11;117;16;29;13;4;0;264;14;26.43;19.18;25.06;13.87;4.62;0.63;6.68;0.91;1.66;0.74;0.23;0;12.8;0.8
14457;14;Les Moutiers-en-Auge;88;73;73;18;11;12;29;3;0;0;0;0;0;0;0;15;0;24.66;15.07;16.44;39.73;4.11;0;0;0;0;0;0;0;17.05;0
14458;14;Les Moutiers-en-Cinglais;286;258;246;79;48;42;45;11;2;12;0;5;2;0;0;28;0;32.11;19.51;17.07;18.29;4.47;0.81;4.88;0;2.03;0.81;0;0;9.79;0
14460;14;Moyaux;1043;881;855;269;116;143;202;52;15;39;6;7;5;1;0;162;9;31.46;13.57;16.73;23.63;6.08;1.75;4.56;0.7;0.82;0.58;0.12;0;15.53;1.05
14461;14;Mutrécy;297;258;257;45;51;64;44;26;2;20;1;2;1;1;0;39;0;17.51;19.84;24.9;17.12;10.12;0.78;7.78;0.39;0.78;0.39;0.39;0;13.13;0
14465;14;Nonant;382;338;325;50;57;93;56;25;5;33;0;4;2;0;0;44;13;15.38;17.54;28.62;17.23;7.69;1.54;10.15;0;1.23;0.62;0;0;11.52;4
14466;14;Norolles;273;226;222;51;23;54;61;15;0;9;1;3;4;1;0;47;2;22.97;10.36;24.32;27.48;6.76;0;4.05;0.45;1.35;1.8;0.45;0;17.22;0.9
14467;14;Noron-l'Abbaye;235;200;197;53;26;41;46;14;0;10;2;4;1;0;0;35;3;26.9;13.2;20.81;23.35;7.11;0;5.08;1.02;2.03;0.51;0;0;14.89;1.52
14468;14;Noron-la-Poterie;292;241;233;49;36;64;48;17;2;12;0;2;2;1;0;51;2;21.03;15.45;27.47;20.6;7.3;0.86;5.15;0;0.86;0.86;0.43;0;17.47;0.86
14469;14;Norrey-en-Auge;83;69;69;22;6;16;18;4;0;3;0;0;0;0;0;14;0;31.88;8.7;23.19;26.09;5.8;0;4.35;0;0;0;0;0;16.87;0
14473;14;Notre-Dame-de-Livaye;103;92;89;29;7;19;22;5;0;4;0;2;1;0;0;11;3;32.58;7.87;21.35;24.72;5.62;0;4.49;0;2.25;1.12;0;0;10.68;3.37
14474;14;Notre-Dame-d'Estrées - Corbon;177;140;139;28;12;41;39;9;1;6;0;3;0;0;0;37;0;20.14;8.63;29.5;28.06;6.47;0.72;4.32;0;2.16;0;0;0;20.9;0
14475;14;Val-d'Arry;1760;1510;1473;329;286;383;253;58;8;112;12;12;18;2;0;250;8;22.34;19.42;26;17.18;3.94;0.54;7.6;0.81;0.81;1.22;0.14;0;14.2;0.54
14476;14;Olendon;160;132;130;42;25;23;17;9;1;7;4;1;1;0;0;28;2;32.31;19.23;17.69;13.08;6.92;0.77;5.38;3.08;0.77;0.77;0;0;17.5;1.54
14478;14;Orbec;1437;1034;1011;297;126;178;256;59;9;48;15;9;12;2;0;403;9;29.38;12.46;17.61;25.32;5.84;0.89;4.75;1.48;0.89;1.19;0.2;0;28.04;0.89
14480;14;Osmanville;362;302;297;96;47;51;64;16;0;18;3;0;1;1;0;60;2;32.32;15.82;17.17;21.55;5.39;0;6.06;1.01;0;0.34;0.34;0;16.57;0.67
14482;14;Ouézy;198;180;175;47;38;46;25;6;1;6;0;4;2;0;0;18;2;26.86;21.71;26.29;14.29;3.43;0.57;3.43;0;2.29;1.14;0;0;9.09;1.14
14483;14;Ouffières;149;123;122;32;31;27;21;4;1;5;0;1;0;0;0;26;0;26.23;25.41;22.13;17.21;3.28;0.82;4.1;0;0.82;0;0;0;17.45;0
14484;14;Ouilly-du-Houley;186;168;166;29;23;41;52;10;0;7;2;1;1;0;0;18;0;17.47;13.86;24.7;31.33;6.02;0;4.22;1.2;0.6;0.6;0;0;9.68;0
14486;14;Ouilly-le-Tesson;425;360;350;92;89;73;46;20;1;18;4;4;2;1;0;65;6;26.29;25.43;20.86;13.14;5.71;0.29;5.14;1.14;1.14;0.57;0.29;0;15.29;1.71
14487;14;Ouilly-le-Vicomte;689;584;581;111;85;135;180;35;0;24;4;3;2;2;0;105;1;19.1;14.63;23.24;30.98;6.02;0;4.13;0.69;0.52;0.34;0.34;0;15.24;0.17
14488;14;Ouistreham;7998;6227;6099;1116;1046;1605;1506;218;42;396;42;71;52;5;0;1771;34;18.3;17.15;26.32;24.69;3.57;0.69;6.49;0.69;1.16;0.85;0.08;0;22.14;0.56
14491;14;Parfouru-sur-Odon;156;138;132;26;27;38;15;13;0;9;1;2;0;1;0;18;2;19.7;20.45;28.79;11.36;9.85;0;6.82;0.76;1.52;0;0.76;0;11.54;1.52
14492;14;Pennedepie;283;232;228;45;23;29;100;17;2;7;0;1;1;3;0;51;2;19.74;10.09;12.72;43.86;7.46;0.88;3.07;0;0.44;0.44;1.32;0;18.02;0.88
14494;14;Périers-en-Auge;115;103;101;13;16;18;44;1;2;6;0;1;0;0;0;12;2;12.87;15.84;17.82;43.56;0.99;1.98;5.94;0;0.99;0;0;0;10.43;1.98
14495;14;Périers-sur-le-Dan;430;395;389;47;43;122;135;9;4;29;0;0;0;0;0;35;4;12.08;11.05;31.36;34.7;2.31;1.03;7.46;0;0;0;0;0;8.14;1.03
14496;14;Périgny;45;42;42;14;7;6;5;4;0;4;0;2;0;0;0;3;0;33.33;16.67;14.29;11.9;9.52;0;9.52;0;4.76;0;0;0;6.67;0
14497;14;Perrières;221;200;197;73;38;37;24;9;1;11;0;3;1;0;0;21;3;37.06;19.29;18.78;12.18;4.57;0.51;5.58;0;1.52;0.51;0;0;9.5;1.52
14498;14;Pertheville-Ners;180;152;144;40;16;31;27;12;2;10;0;1;5;0;0;28;2;27.78;11.11;21.53;18.75;8.33;1.39;6.94;0;0.69;3.47;0;0;15.56;1.39
14499;14;Petiville;412;344;340;65;74;70;65;26;4;19;3;7;7;0;0;68;3;19.12;21.76;20.59;19.12;7.65;1.18;5.59;0.88;2.06;2.06;0;0;16.5;0.88
14500;14;Pierrefitte-en-Auge;152;137;132;41;8;33;45;2;0;1;1;0;1;0;0;15;2;31.06;6.06;25;34.09;1.52;0;0.76;0.76;0;0.76;0;0;9.87;1.52
14501;14;Pierrefitte-en-Cinglais;173;154;150;47;14;33;34;8;3;7;0;3;0;1;0;19;1;31.33;9.33;22;22.67;5.33;2;4.67;0;2;0;0.67;0;10.98;0.67
14502;14;Pierrepont;64;55;54;9;12;6;14;3;1;6;1;2;0;0;0;9;0;16.67;22.22;11.11;25.93;5.56;1.85;11.11;1.85;3.7;0;0;0;14.06;0
14504;14;Le Pin;617;525;512;151;56;116;102;40;4;25;2;9;7;0;0;92;13;29.49;10.94;22.66;19.92;7.81;0.78;4.88;0.39;1.76;1.37;0;0;14.91;2.54
14505;14;Placy;113;99;99;17;22;17;20;8;1;12;1;1;0;0;0;14;0;17.17;22.22;17.17;20.2;8.08;1.01;12.12;1.01;1.01;0;0;0;12.39;0
14506;14;Planquery;176;147;142;43;24;16;27;16;3;9;0;2;1;1;0;29;0;30.28;16.9;11.27;19.01;11.27;2.11;6.34;0;1.41;0.7;0.7;0;16.48;0
14509;14;Plumetot;186;169;168;13;34;48;60;4;0;8;0;1;0;0;0;17;0;7.74;20.24;28.57;35.71;2.38;0;4.76;0;0.6;0;0;0;9.14;0
14510;14;La Pommeraye;47;43;37;8;7;8;3;1;1;6;2;1;0;0;0;4;0;21.62;18.92;21.62;8.11;2.7;2.7;16.22;5.41;2.7;0;0;0;8.51;0
14511;14;Pont-Bellanger;67;62;61;13;9;11;17;4;3;4;0;0;0;0;0;5;1;21.31;14.75;18.03;27.87;6.56;4.92;6.56;0;0;0;0;0;7.46;1.64
14512;14;Pontécoulant;70;63;63;26;13;6;8;5;0;3;0;2;0;0;0;7;0;41.27;20.63;9.52;12.7;7.94;0;4.76;0;3.17;0;0;0;10;0
14513;14;Pont-Farcy;359;294;285;77;50;47;61;20;1;18;3;5;3;0;0;65;1;27.02;17.54;16.49;21.4;7.02;0.35;6.32;1.05;1.75;1.05;0;0;18.11;0.35
14514;14;Pont-l'Evêque;3331;2513;2460;698;318;528;556;144;12;129;16;27;25;7;0;818;14;28.37;12.93;21.46;22.6;5.85;0.49;5.24;0.65;1.1;1.02;0.28;0;24.56;0.57
14515;14;Port-en-Bessin-Huppain;1544;1176;1152;317;133;250;308;58;9;49;2;14;12;0;0;368;6;27.52;11.55;21.7;26.74;5.03;0.78;4.25;0.17;1.22;1.04;0;0;23.83;0.52
14516;14;Potigny;1405;1134;1102;330;293;220;92;41;6;67;5;18;28;2;0;271;16;29.95;26.59;19.96;8.35;3.72;0.54;6.08;0.45;1.63;2.54;0.18;0;19.29;1.45
14519;14;Préaux-Bocage;88;83;82;13;15;21;14;9;2;8;0;0;0;0;0;5;1;15.85;18.29;25.61;17.07;10.98;2.44;9.76;0;0;0;0;0;5.68;1.22
14520;14;Le Pré-d'Auge;646;582;570;163;88;110;115;59;2;19;2;10;2;0;0;64;3;28.6;15.44;19.3;20.18;10.35;0.35;3.33;0.35;1.75;0.35;0;0;9.91;0.53
14522;14;Prêtreville;308;269;267;69;41;56;60;17;1;12;2;8;1;0;0;39;2;25.84;15.36;20.97;22.47;6.37;0.37;4.49;0.75;3;0.37;0;0;12.66;0.75
14524;14;Putot-en-Auge;238;203;200;55;30;31;53;14;6;8;2;0;1;0;0;35;1;27.5;15;15.5;26.5;7;3;4;1;0;0.5;0;0;14.71;0.5
14527;14;Belle-Vie-en-Auge;428;356;350;83;36;79;105;22;5;13;2;3;2;0;0;72;1;23.71;10.29;22.57;30;6.29;1.43;3.71;0.57;0.86;0.57;0;0;16.82;0.29
14528;14;Quetteville;300;239;238;72;31;35;78;10;1;5;1;3;1;1;0;61;0;30.25;13.03;14.71;32.77;4.2;0.42;2.1;0.42;1.26;0.42;0.42;0;20.33;0
14529;14;Ranchy;193;169;165;40;35;42;23;8;2;12;0;0;1;2;0;24;1;24.24;21.21;25.45;13.94;4.85;1.21;7.27;0;0;0.61;1.21;0;12.44;0.61
14530;14;Ranville;1535;1271;1241;209;247;327;247;71;10;95;10;15;7;3;0;264;8;16.84;19.9;26.35;19.9;5.72;0.81;7.66;0.81;1.21;0.56;0.24;0;17.2;0.64
14531;14;Rapilly;33;33;33;5;1;8;13;4;0;0;1;1;0;0;0;0;0;15.15;3.03;24.24;39.39;12.12;0;0;3.03;3.03;0;0;0;0;0
14533;14;Repentigny;84;76;74;13;17;14;22;5;0;3;0;0;0;0;0;8;0;17.57;22.97;18.92;29.73;6.76;0;4.05;0;0;0;0;0;9.52;0
14534;14;Reux;305;262;259;63;31;61;72;17;3;6;2;1;3;0;0;43;2;24.32;11.97;23.55;27.8;6.56;1.16;2.32;0.77;0.39;1.16;0;0;14.1;0.77
14535;14;Reviers;475;405;394;88;63;116;72;11;1;36;4;1;1;1;0;70;3;22.34;15.99;29.44;18.27;2.79;0.25;9.14;1.02;0.25;0.25;0.25;0;14.74;0.76
14536;14;La Rivière-Saint-Sauveur;1626;1371;1350;394;230;288;249;79;17;54;10;19;9;1;0;255;6;29.19;17.04;21.33;18.44;5.85;1.26;4;0.74;1.41;0.67;0.07;0;15.68;0.44
14538;14;Rocquancourt;591;541;532;112;133;158;64;14;4;25;1;12;9;0;0;50;2;21.05;25;29.7;12.03;2.63;0.75;4.7;0.19;2.26;1.69;0;0;8.46;0.38
14540;14;Rocques;288;242;238;28;27;53;115;9;0;4;0;0;1;1;0;46;1;11.76;11.34;22.27;48.32;3.78;0;1.68;0;0;0.42;0.42;0;15.97;0.42
14541;14;La Roque-Baignard;117;104;103;16;17;26;30;3;1;7;0;1;2;0;0;13;1;15.53;16.5;25.24;29.13;2.91;0.97;6.8;0;0.97;1.94;0;0;11.11;0.97
14542;14;Rosel;489;421;420;31;77;134;114;19;3;29;6;4;2;1;0;68;0;7.38;18.33;31.9;27.14;4.52;0.71;6.9;1.43;0.95;0.48;0.24;0;13.91;0
14543;14;Rots;1936;1655;1629;246;263;475;401;79;12;117;11;15;9;1;0;281;4;15.1;16.14;29.16;24.62;4.85;0.74;7.18;0.68;0.92;0.55;0.06;0;14.51;0.25
14546;14;Rouvres;174;150;145;47;23;36;23;2;4;5;0;0;5;0;0;24;5;32.41;15.86;24.83;15.86;1.38;2.76;3.45;0;0;3.45;0;0;13.79;3.45
14547;14;Rubercy;113;99;97;31;12;19;19;9;1;4;0;1;1;0;0;14;1;31.96;12.37;19.59;19.59;9.28;1.03;4.12;0;1.03;1.03;0;0;12.39;1.03
14550;14;Rumesnil;88;71;71;11;4;12;28;7;0;4;4;0;1;0;0;17;0;15.49;5.63;16.9;39.44;9.86;0;5.63;5.63;0;1.41;0;0;19.32;0
14552;14;Ryes;394;345;337;94;36;95;69;22;1;18;0;2;0;0;0;49;0;27.89;10.68;28.19;20.47;6.53;0.3;5.34;0;0.59;0;0;0;12.44;0
14554;14;Saint-Aignan-de-Cramesnil;428;389;374;89;83;111;30;19;4;27;0;7;4;0;0;39;12;23.8;22.19;29.68;8.02;5.08;1.07;7.22;0;1.87;1.07;0;0;9.11;3.21
14555;14;Saint-André-d'Hébertot;348;300;299;98;28;43;94;22;1;6;3;2;2;0;0;48;1;32.78;9.36;14.38;31.44;7.36;0.33;2.01;1;0.67;0.67;0;0;13.79;0.33
14556;14;Saint-André-sur-Orne;1345;1164;1134;229;262;289;156;62;7;90;10;16;10;3;0;181;2;20.19;23.1;25.49;13.76;5.47;0.62;7.94;0.88;1.41;0.88;0.26;0;13.46;0.18
14557;14;Saint-Arnoult;925;769;751;126;76;162;314;35;3;20;6;6;3;0;0;156;2;16.78;10.12;21.57;41.81;4.66;0.4;2.66;0.8;0.8;0.4;0;0;16.86;0.27
14558;14;Saint-Aubin-d'Arquenay;765;666;654;124;113;192;132;36;4;39;5;3;5;1;0;99;0;18.96;17.28;29.36;20.18;5.5;0.61;5.96;0.76;0.46;0.76;0.15;0;12.94;0
14559;14;Saint-Aubin-des-Bois;197;167;164;27;20;38;49;15;5;3;1;3;2;1;0;30;2;16.46;12.2;23.17;29.88;9.15;3.05;1.83;0.61;1.83;1.22;0.61;0;15.23;1.22
14562;14;Saint-Aubin-sur-Mer;2023;1677;1650;288;264;485;359;80;10;109;15;31;5;4;0;346;8;17.45;16;29.39;21.76;4.85;0.61;6.61;0.91;1.88;0.3;0.24;0;17.1;0.48
14563;14;Saint-Benoît-d'Hébertot;323;277;269;70;52;44;59;25;1;6;3;6;2;1;0;46;7;26.02;19.33;16.36;21.93;9.29;0.37;2.23;1.12;2.23;0.74;0.37;0;14.24;2.6
14565;14;Saint-Côme-de-Fresné;230;200;193;41;20;38;75;10;2;7;0;0;0;0;0;30;3;21.24;10.36;19.69;38.86;5.18;1.04;3.63;0;0;0;0;0;13.04;1.55
14566;14;Saint-Contest;2107;1801;1767;174;347;568;431;68;12;129;12;17;6;3;0;306;8;9.85;19.64;32.14;24.39;3.85;0.68;7.3;0.68;0.96;0.34;0.17;0;14.52;0.45
14569;14;Sainte-Croix-sur-Mer;208;175;173;23;20;54;45;7;3;14;1;4;1;1;0;33;1;13.29;11.56;31.21;26.01;4.05;1.73;8.09;0.58;2.31;0.58;0.58;0;15.87;0.58
14570;14;Valorbiquet;1883;1542;1498;530;239;225;278;102;7;69;16;12;16;4;0;341;11;35.38;15.95;15.02;18.56;6.81;0.47;4.61;1.07;0.8;1.07;0.27;0;18.11;0.73
14571;14;Saint-Denis-de-Mailloc;241;209;203;55;40;40;38;13;1;12;2;0;2;0;0;32;1;27.09;19.7;19.7;18.72;6.4;0.49;5.91;0.99;0;0.99;0;0;13.28;0.49
14572;14;Saint-Denis-de-Méré;618;502;490;151;70;116;70;46;2;26;2;5;2;0;0;116;6;30.82;14.29;23.67;14.29;9.39;0.41;5.31;0.41;1.02;0.41;0;0;18.77;1.22
14574;14;Saint-Désir;1393;1129;1115;276;142;245;287;56;7;74;4;12;10;2;0;264;2;24.75;12.74;21.97;25.74;5.02;0.63;6.64;0.36;1.08;0.9;0.18;0;18.95;0.18
14575;14;Saint-Etienne-la-Thillaye;399;338;329;66;40;58;121;25;4;12;1;0;1;1;0;61;1;20.06;12.16;17.63;36.78;7.6;1.22;3.65;0.3;0;0.3;0.3;0;15.29;0.3
14576;14;Val-de-Vie;437;378;366;119;36;54;115;22;0;9;3;5;3;0;0;59;9;32.51;9.84;14.75;31.42;6.01;0;2.46;0.82;1.37;0.82;0;0;13.5;2.46
14578;14;Saint-Gatien-des-Bois;1153;930;911;192;109;193;324;36;8;28;5;11;4;1;0;223;12;21.08;11.96;21.19;35.57;3.95;0.88;3.07;0.55;1.21;0.44;0.11;0;19.34;1.32
14579;14;Seulline;1001;828;809;249;144;157;130;58;10;37;6;15;3;0;0;173;4;30.78;17.8;19.41;16.07;7.17;1.24;4.57;0.74;1.85;0.37;0;0;17.28;0.49
14582;14;Saint-Germain-de-Livet;568;484;473;130;73;96;106;23;7;17;10;9;2;0;0;84;2;27.48;15.43;20.3;22.41;4.86;1.48;3.59;2.11;1.9;0.42;0;0;14.79;0.42
14586;14;Saint-Germain-du-Pert;144;122;119;36;14;17;39;5;0;6;1;0;1;0;0;22;0;30.25;11.76;14.29;32.77;4.2;0;5.04;0.84;0;0.84;0;0;15.28;0
14587;14;Saint-Germain-la-Blanche-Herbe;1735;1402;1383;232;352;386;183;54;5;110;6;30;23;2;0;333;5;16.78;25.45;27.91;13.23;3.9;0.36;7.95;0.43;2.17;1.66;0.14;0;19.19;0.36
14588;14;Saint-Germain-Langot;213;187;181;63;27;36;26;11;2;8;3;4;1;0;0;26;1;34.81;14.92;19.89;14.36;6.08;1.1;4.42;1.66;2.21;0.55;0;0;12.21;0.55
14589;14;Saint-Germain-le-Vasson;649;574;563;186;153;92;49;28;5;29;0;12;6;3;0;75;4;33.04;27.18;16.34;8.7;4.97;0.89;5.15;0;2.13;1.07;0.53;0;11.56;0.71
14590;14;Sainte-Honorine-de-Ducy;110;86;85;27;9;14;22;8;1;2;1;0;0;1;0;24;0;31.76;10.59;16.47;25.88;9.41;1.18;2.35;1.18;0;0;1.18;0;21.82;0
14591;14;Aure-sur-Mer;561;466;459;111;72;113;93;27;4;29;1;5;1;3;0;95;1;24.18;15.69;24.62;20.26;5.88;0.87;6.32;0.22;1.09;0.22;0.65;0;16.93;0.22
14592;14;Sainte-Honorine-du-Fay;1058;901;879;157;152;262;167;36;1;83;4;10;4;3;0;157;19;17.86;17.29;29.81;19;4.1;0.11;9.44;0.46;1.14;0.46;0.34;0;14.84;2.16
14593;14;Saint-Hymer;582;455;446;101;58;110;132;21;4;14;0;2;3;1;0;127;3;22.65;13;24.66;29.6;4.71;0.9;3.14;0;0.45;0.67;0.22;0;21.82;0.67
14595;14;Saint-Jean-de-Livet;184;150;146;26;18;37;42;8;2;5;1;4;3;0;0;34;2;17.81;12.33;25.34;28.77;5.48;1.37;3.42;0.68;2.74;2.05;0;0;18.48;1.37
14598;14;Saint-Jouin;154;141;136;25;17;32;35;12;2;8;5;0;0;0;0;13;5;18.38;12.5;23.53;25.74;8.82;1.47;5.88;3.68;0;0;0;0;8.44;3.68
14601;14;Saint-Julien-sur-Calonne;159;132;131;15;19;22;58;4;2;5;0;3;3;0;0;27;1;11.45;14.5;16.79;44.27;3.05;1.53;3.82;0;2.29;2.29;0;0;16.98;0.76
14602;14;Saint-Lambert;194;157;149;55;22;25;21;10;1;6;5;1;3;0;0;37;2;36.91;14.77;16.78;14.09;6.71;0.67;4.03;3.36;0.67;2.01;0;0;19.07;1.34
14603;14;Saint-Laurent-de-Condel;376;350;340;66;81;83;56;20;4;21;4;4;1;0;0;26;1;19.41;23.82;24.41;16.47;5.88;1.18;6.18;1.18;1.18;0.29;0;0;6.91;0.29
14604;14;Saint-Laurent-du-Mont;140;128;121;15;25;26;36;7;1;7;1;2;0;1;0;12;5;12.4;20.66;21.49;29.75;5.79;0.83;5.79;0.83;1.65;0;0.83;0;8.57;4.13
14605;14;Saint-Laurent-sur-Mer;293;263;263;62;33;59;76;11;2;14;4;1;0;1;0;30;0;23.57;12.55;22.43;28.9;4.18;0.76;5.32;1.52;0.38;0;0.38;0;10.24;0
14606;14;Saint-Léger-Dubosq;142;124;124;37;17;29;30;4;0;4;0;1;1;1;0;18;0;29.84;13.71;23.39;24.19;3.23;0;3.23;0;0.81;0.81;0.81;0;12.68;0
14607;14;Saint-Louet-sur-Seulles;137;127;124;34;24;29;18;9;3;3;1;1;2;0;0;10;1;27.42;19.35;23.39;14.52;7.26;2.42;2.42;0.81;0.81;1.61;0;0;7.3;0.81
14609;14;Saint-Loup-Hors;359;318;314;64;50;82;69;20;1;19;2;4;3;0;0;41;3;20.38;15.92;26.11;21.97;6.37;0.32;6.05;0.64;1.27;0.96;0;0;11.42;0.96
14610;14;Saint-Manvieu-Norrey;1526;1305;1279;245;210;346;269;67;13;97;12;14;4;2;0;221;3;19.16;16.42;27.05;21.03;5.24;1.02;7.58;0.94;1.09;0.31;0.16;0;14.48;0.23
14613;14;Saint-Marcouf;86;65;65;19;10;11;12;5;1;6;1;0;0;0;0;21;0;29.23;15.38;16.92;18.46;7.69;1.54;9.23;1.54;0;0;0;0;24.42;0
14614;14;Sainte-Marguerite-d'Elle;604;479;466;175;79;85;74;24;5;15;2;3;3;1;0;125;4;37.55;16.95;18.24;15.88;5.15;1.07;3.22;0.43;0.64;0.64;0.21;0;20.7;0.86
14619;14;Sainte-Marie-Outre-l'Eau;80;63;62;19;6;10;21;3;0;3;0;0;0;0;0;17;1;30.65;9.68;16.13;33.87;4.84;0;4.84;0;0;0;0;0;21.25;1.61
14620;14;Saint-Martin-aux-Chartrains;370;289;280;49;23;66;105;19;1;11;2;2;1;1;0;81;3;17.5;8.21;23.57;37.5;6.79;0.36;3.93;0.71;0.71;0.36;0.36;0;21.89;1.07
14621;14;Saint-Martin-de-Bienfaite-la-Cressonnière;429;310;302;122;47;47;55;11;1;12;2;1;4;0;0;119;4;40.4;15.56;15.56;18.21;3.64;0.33;3.97;0.66;0.33;1.32;0;0;27.74;1.32
14622;14;Saint-Martin-de-Blagny;109;85;84;25;11;15;23;6;1;2;1;0;0;0;0;24;0;29.76;13.1;17.86;27.38;7.14;1.19;2.38;1.19;0;0;0;0;22.02;0
14623;14;Saint-Martin-de-Fontenay;1992;1626;1590;294;290;436;284;75;12;138;8;25;24;4;0;366;8;18.49;18.24;27.42;17.86;4.72;0.75;8.68;0.5;1.57;1.51;0.25;0;18.37;0.5
14625;14;Saint-Martin-de-la-Lieue;587;519;515;114;90;119;111;38;4;24;3;9;3;0;0;68;1;22.14;17.48;23.11;21.55;7.38;0.78;4.66;0.58;1.75;0.58;0;0;11.58;0.19
14626;14;Saint-Martin-de-Mailloc;744;614;594;191;110;95;94;42;6;35;6;6;9;0;0;130;8;32.15;18.52;15.99;15.82;7.07;1.01;5.89;1.01;1.01;1.52;0;0;17.47;1.35
14627;14;Saint-Martin-de-Mieux;326;279;267;77;43;53;42;15;8;16;1;9;3;0;0;47;2;28.84;16.1;19.85;15.73;5.62;3;5.99;0.37;3.37;1.12;0;0;14.42;0.75
14630;14;Saint-Martin-des-Entrées;573;503;484;86;97;128;104;30;2;22;3;5;4;3;0;70;9;17.77;20.04;26.45;21.49;6.2;0.41;4.55;0.62;1.03;0.83;0.62;0;12.22;1.86
14635;14;Saint-Omer;127;111;108;31;27;24;16;4;0;6;0;0;0;0;0;16;0;28.7;25;22.22;14.81;3.7;0;5.56;0;0;0;0;0;12.6;0
14637;14;Saint-Ouen-du-Mesnil-Oger;150;133;131;37;23;32;20;10;0;7;0;0;1;1;0;17;2;28.24;17.56;24.43;15.27;7.63;0;5.34;0;0;0.76;0.76;0;11.33;1.53
14639;14;Saint-Ouen-le-Pin;223;180;175;42;30;36;40;8;1;7;1;6;4;0;0;43;1;24;17.14;20.57;22.86;4.57;0.57;4;0.57;3.43;2.29;0;0;19.28;0.57
14640;14;Saint-Pair;195;179;177;41;22;24;57;15;0;6;2;9;1;0;0;16;1;23.16;12.43;13.56;32.2;8.47;0;3.39;1.13;5.08;0.56;0;0;8.21;0.56
14643;14;Saint-Paul-du-Vernay;576;465;455;140;77;128;45;18;2;26;3;9;7;0;0;111;8;30.77;16.92;28.13;9.89;3.96;0.44;5.71;0.66;1.98;1.54;0;0;19.27;1.76
14644;14;Saint-Philbert-des-Champs;533;430;424;102;58;71;118;35;5;27;1;3;2;2;0;103;0;24.06;13.68;16.75;27.83;8.25;1.18;6.37;0.24;0.71;0.47;0.47;0;19.32;0
14645;14;Saint-Pierre-Azif;144;129;125;27;14;25;44;6;1;5;1;2;0;0;0;15;3;21.6;11.2;20;35.2;4.8;0.8;4;0.8;1.6;0;0;0;10.42;2.4
14646;14;Saint-Pierre-Canivet;301;260;256;56;46;58;41;20;1;22;3;3;4;2;0;41;0;21.88;17.97;22.66;16.02;7.81;0.39;8.59;1.17;1.17;1.56;0.78;0;13.62;0
14648;14;Saint-Pierre-des-Ifs;371;320;313;85;53;53;74;16;3;19;2;4;4;0;0;51;3;27.16;16.93;16.93;23.64;5.11;0.96;6.07;0.64;1.28;1.28;0;0;13.75;0.96
14649;14;Saint-Pierre-du-Bû;334;309;301;76;42;97;48;22;0;10;3;0;2;1;0;25;1;25.25;13.95;32.23;15.95;7.31;0;3.32;1;0;0.66;0.33;0;7.49;0.33
14650;14;Saint-Pierre-du-Fresne;144;130;129;39;27;24;18;8;3;7;0;2;1;0;0;14;1;30.23;20.93;18.6;13.95;6.2;2.33;5.43;0;1.55;0.78;0;0;9.72;0.78
14651;14;Saint-Pierre-du-Jonquet;170;130;127;47;13;27;26;4;2;7;0;1;0;0;0;40;3;37.01;10.24;21.26;20.47;3.15;1.57;5.51;0;0.79;0;0;0;23.53;2.36
14652;14;Saint-Pierre-du-Mont;68;55;55;13;8;5;24;2;1;2;0;0;0;0;0;13;0;23.64;14.55;9.09;43.64;3.64;1.82;3.64;0;0;0;0;0;19.12;0
14654;14;Saint-Pierre-en-Auge;5770;4186;4087;1189;609;816;926;185;38;206;25;58;31;4;0;1584;43;29.09;14.9;19.97;22.66;4.53;0.93;5.04;0.61;1.42;0.76;0.1;0;27.45;1.05
14656;14;Saint-Rémy;818;632;615;179;117;131;84;28;2;41;10;12;10;1;0;186;4;29.11;19.02;21.3;13.66;4.55;0.33;6.67;1.63;1.95;1.63;0.16;0;22.74;0.65
14657;14;Saint-Samson;268;246;241;49;39;69;50;11;0;18;1;2;1;1;0;22;1;20.33;16.18;28.63;20.75;4.56;0;7.47;0.41;0.83;0.41;0.41;0;8.21;0.41
14658;14;Noues-de-Sienne;3352;2752;2671;648;409;598;590;186;18;125;16;51;27;3;0;600;25;24.26;15.31;22.39;22.09;6.96;0.67;4.68;0.6;1.91;1.01;0.11;0;17.9;0.94
14659;14;Saint-Sylvain;985;831;814;194;152;188;150;53;9;44;4;12;6;2;0;154;4;23.83;18.67;23.1;18.43;6.51;1.11;5.41;0.49;1.47;0.74;0.25;0;15.63;0.49
14660;14;Saint-Vaast-en-Auge;83;68;68;24;0;9;23;8;0;1;0;3;0;0;0;15;0;35.29;0;13.24;33.82;11.76;0;1.47;0;4.41;0;0;0;18.07;0
14661;14;Saint-Vaast-sur-Seulles;112;96;94;21;16;15;24;9;0;8;0;0;1;0;0;16;2;22.34;17.02;15.96;25.53;9.57;0;8.51;0;0;1.06;0;0;14.29;2.13
14663;14;Saint-Vigor-le-Grand;1875;1519;1471;265;242;401;315;87;6;109;13;24;7;2;0;356;7;18.01;16.45;27.26;21.41;5.91;0.41;7.41;0.88;1.63;0.48;0.14;0;18.99;0.48
14664;14;Sallen;190;150;148;37;20;20;56;8;1;2;0;3;1;0;0;40;0;25;13.51;13.51;37.84;5.41;0.68;1.35;0;2.03;0.68;0;0;21.05;0
14665;14;Sallenelles;222;196;192;33;25;50;43;13;2;22;0;3;0;1;0;26;0;17.19;13.02;26.04;22.4;6.77;1.04;11.46;0;1.56;0;0.52;0;11.71;0
14667;14;Saon;173;151;148;51;17;24;20;23;1;8;0;2;2;0;0;22;2;34.46;11.49;16.22;13.51;15.54;0.68;5.41;0;1.35;1.35;0;0;12.72;1.35
14668;14;Saonnet;196;173;167;59;31;17;30;13;1;9;2;5;0;0;0;23;4;35.33;18.56;10.18;17.96;7.78;0.6;5.39;1.2;2.99;0;0;0;11.73;2.4
14669;14;Sassy;160;136;132;35;18;30;39;4;2;3;0;0;0;1;0;24;2;26.52;13.64;22.73;29.55;3.03;1.52;2.27;0;0;0;0.76;0;15;1.52
14672;14;Val-de-Drôme;670;537;524;157;69;99;90;56;4;28;3;11;7;0;0;133;4;29.96;13.17;18.89;17.18;10.69;0.76;5.34;0.57;2.1;1.34;0;0;19.85;0.76
14674;14;Soignolles;84;81;81;24;24;5;14;5;0;6;1;2;0;0;0;3;0;29.63;29.63;6.17;17.28;6.17;0;7.41;1.23;2.47;0;0;0;3.57;0
14675;14;Soliers;1543;1331;1303;263;245;372;209;70;5;82;15;24;15;3;0;212;8;20.18;18.8;28.55;16.04;5.37;0.38;6.29;1.15;1.84;1.15;0.23;0;13.74;0.61
14676;14;Sommervieu;778;694;682;138;121;176;115;50;10;55;4;8;5;0;0;84;1;20.23;17.74;25.81;16.86;7.33;1.47;8.06;0.59;1.17;0.73;0;0;10.8;0.15
14677;14;Soulangy;209;175;170;44;25;40;34;12;0;10;2;1;1;1;0;34;4;25.88;14.71;23.53;20;7.06;0;5.88;1.18;0.59;0.59;0.59;0;16.27;2.35
14678;14;Soumont-Saint-Quentin;410;358;352;81;87;62;64;16;3;27;2;2;5;3;0;52;6;23.01;24.72;17.61;18.18;4.55;0.85;7.67;0.57;0.57;1.42;0.85;0;12.68;1.7
14679;14;Subles;504;426;407;90;79;121;63;27;0;18;1;5;3;0;0;78;4;22.11;19.41;29.73;15.48;6.63;0;4.42;0.25;1.23;0.74;0;0;15.48;0.98
14680;14;Sully;138;113;112;27;17;18;32;6;4;7;1;0;0;0;0;25;1;24.11;15.18;16.07;28.57;5.36;3.57;6.25;0.89;0;0;0;0;18.12;0.89
14681;14;Surrain;120;107;104;36;13;16;24;7;2;2;2;1;1;0;0;13;0;34.62;12.5;15.38;23.08;6.73;1.92;1.92;1.92;0.96;0.96;0;0;10.83;0
14682;14;Surville;409;354;348;64;30;99;84;36;3;18;0;11;1;2;0;55;2;18.39;8.62;28.45;24.14;10.34;0.86;5.17;0;3.16;0.29;0.57;0;13.45;0.57
14684;14;Tessel;181;166;158;44;22;27;45;9;2;7;1;0;1;0;0;15;5;27.85;13.92;17.09;28.48;5.7;1.27;4.43;0.63;0;0.63;0;0;8.29;3.16
14685;14;Thaon;1202;1075;1048;153;228;321;159;59;8;92;6;12;10;0;0;127;5;14.6;21.76;30.63;15.17;5.63;0.76;8.78;0.57;1.15;0.95;0;0;10.57;0.48
14687;14;Le Theil-en-Auge;152;125;120;38;25;24;20;4;0;8;0;1;0;0;0;27;5;31.67;20.83;20;16.67;3.33;0;6.67;0;0.83;0;0;0;17.76;4.17
14689;14;Le Hom;2598;2092;2045;445;471;424;337;123;26;154;24;28;7;6;0;506;13;21.76;23.03;20.73;16.48;6.01;1.27;7.53;1.17;1.37;0.34;0.29;0;19.48;0.64
14691;14;Tilly-la-Campagne;146;126;121;29;14;34;25;6;0;10;0;3;0;0;0;20;1;23.97;11.57;28.1;20.66;4.96;0;8.26;0;2.48;0;0;0;13.7;0.83
14692;14;Tilly-sur-Seulles;1130;964;927;201;180;233;153;63;7;66;2;14;7;1;0;166;4;21.68;19.42;25.13;16.5;6.8;0.76;7.12;0.22;1.51;0.76;0.11;0;14.69;0.43
14694;14;Le Torquesne;381;334;330;92;32;76;76;29;6;10;4;3;2;0;0;47;1;27.88;9.7;23.03;23.03;8.79;1.82;3.03;1.21;0.91;0.61;0;0;12.34;0.3
14698;14;Touffréville;277;232;225;58;37;51;46;11;5;13;2;2;0;0;0;45;1;25.78;16.44;22.67;20.44;4.89;2.22;5.78;0.89;0.89;0;0;0;16.25;0.44
14699;14;Touques;2997;2269;2221;500;278;472;693;101;18;110;13;20;12;4;0;728;14;22.51;12.52;21.25;31.2;4.55;0.81;4.95;0.59;0.9;0.54;0.18;0;24.29;0.63
14700;14;Tour-en-Bessin;445;392;383;95;47;89;83;26;4;29;3;5;2;0;0;53;0;24.8;12.27;23.24;21.67;6.79;1.04;7.57;0.78;1.31;0.52;0;0;11.91;0
14701;14;Tourgéville;797;638;630;81;40;106;361;21;3;11;2;4;0;1;0;159;8;12.86;6.35;16.83;57.3;3.33;0.48;1.75;0.32;0.63;0;0.16;0;19.95;1.27
14703;14;Tournebu;239;202;195;45;26;43;47;11;1;17;1;1;3;0;0;37;2;23.08;13.33;22.05;24.1;5.64;0.51;8.72;0.51;0.51;1.54;0;0;15.48;1.03
14705;14;Tournières;137;109;108;37;30;18;13;4;2;0;0;3;0;1;0;28;1;34.26;27.78;16.67;12.04;3.7;1.85;0;0;2.78;0;0.93;0;20.44;0.93
14706;14;Tourville-en-Auge;227;196;192;40;12;43;77;8;4;7;0;0;1;0;0;31;2;20.83;6.25;22.4;40.1;4.17;2.08;3.65;0;0;0.52;0;0;13.66;1.04
14707;14;Tourville-sur-Odon;831;705;687;123;151;211;92;36;2;46;6;16;3;1;0;126;16;17.9;21.98;30.71;13.39;5.24;0.29;6.7;0.87;2.33;0.44;0.15;0;15.16;2.33
14708;14;Tracy-Bocage;256;218;215;64;29;41;38;14;0;15;2;7;5;0;0;38;2;29.77;13.49;19.07;17.67;6.51;0;6.98;0.93;3.26;2.33;0;0;14.84;0.93
14709;14;Tracy-sur-Mer;272;243;238;56;22;51;75;12;4;9;2;1;5;1;0;29;0;23.53;9.24;21.43;31.51;5.04;1.68;3.78;0.84;0.42;2.1;0.42;0;10.66;0
14710;14;Tréprel;89;74;72;29;6;7;20;2;2;4;0;1;1;0;0;15;1;40.28;8.33;9.72;27.78;2.78;2.78;5.56;0;1.39;1.39;0;0;16.85;1.39
14711;14;Trévières;715;559;546;131;81;120;122;49;4;21;5;6;7;0;0;156;3;23.99;14.84;21.98;22.34;8.97;0.73;3.85;0.92;1.1;1.28;0;0;21.82;0.55
14712;14;Saline;4103;3434;3335;839;656;809;505;151;27;251;23;41;23;10;0;669;14;25.16;19.67;24.26;15.14;4.53;0.81;7.53;0.69;1.23;0.69;0.3;0;16.31;0.42
14713;14;Trois-Monts;298;260;252;44;58;52;63;11;2;14;3;3;0;2;0;38;8;17.46;23.02;20.63;25;4.37;0.79;5.56;1.19;1.19;0;0.79;0;12.75;3.17
14714;14;Le Tronquay;556;445;432;128;71;72;70;53;5;25;2;5;0;1;0;111;1;29.63;16.44;16.67;16.2;12.27;1.16;5.79;0.46;1.16;0;0.23;0;19.96;0.23
14715;14;Trouville-sur-Mer;3938;3007;2960;523;400;740;966;96;19;136;15;33;26;6;0;931;18;17.67;13.51;25;32.64;3.24;0.64;4.59;0.51;1.11;0.88;0.2;0;23.64;0.61
14716;14;Trungy;179;151;147;44;18;29;36;10;1;5;0;2;2;0;0;28;0;29.93;12.24;19.73;24.49;6.8;0.68;3.4;0;1.36;1.36;0;0;15.64;0
14719;14;Urville;428;374;363;78;72;99;52;15;2;26;2;7;10;0;0;54;2;21.49;19.83;27.27;14.33;4.13;0.55;7.16;0.55;1.93;2.75;0;0;12.62;0.55
14720;14;Ussy;639;549;528;133;132;87;88;35;5;32;3;6;5;2;0;90;6;25.19;25;16.48;16.67;6.63;0.95;6.06;0.57;1.14;0.95;0.38;0;14.08;1.14
14721;14;Vacognes-Neuilly;425;382;370;78;78;81;69;18;4;31;4;5;2;0;0;43;6;21.08;21.08;21.89;18.65;4.86;1.08;8.38;1.08;1.35;0.54;0;0;10.12;1.62
14723;14;Valsemé;244;206;201;57;22;36;54;15;1;9;2;3;2;0;0;38;0;28.36;10.95;17.91;26.87;7.46;0.5;4.48;1;1.49;1;0;0;15.57;0
14724;14;Varaville;827;729;718;157;65;160;255;34;1;32;5;3;6;0;0;98;5;21.87;9.05;22.28;35.52;4.74;0.14;4.46;0.7;0.42;0.84;0;0;11.85;0.7
14726;14;Valdallière;4357;3545;3437;987;545;623;702;220;42;174;36;70;31;7;0;812;39;28.72;15.86;18.13;20.42;6.4;1.22;5.06;1.05;2.04;0.9;0.2;0;18.64;1.13
14728;14;Vaucelles;371;307;299;53;51;74;78;25;3;15;0;0;0;0;0;64;7;17.73;17.06;24.75;26.09;8.36;1;5.02;0;0;0;0;0;17.25;2.34
14731;14;Vauville;218;171;168;37;13;43;55;9;1;8;0;0;2;0;0;47;2;22.02;7.74;25.6;32.74;5.36;0.6;4.76;0;0;1.19;0;0;21.56;1.19
14732;14;Vaux-sur-Aure;268;239;231;34;42;78;47;12;0;15;0;2;1;0;0;29;8;14.72;18.18;33.77;20.35;5.19;0;6.49;0;0.87;0.43;0;0;10.82;3.46
14733;14;Vaux-sur-Seulles;250;216;212;30;35;49;60;5;2;19;1;8;2;1;0;34;1;14.15;16.51;23.11;28.3;2.36;0.94;8.96;0.47;3.77;0.94;0.47;0;13.6;0.47
14734;14;Vendes;222;192;186;22;47;51;39;11;2;8;0;4;2;0;0;30;1;11.83;25.27;27.42;20.97;5.91;1.08;4.3;0;2.15;1.08;0;0;13.51;0.54
14735;14;Vendeuvre;619;501;491;139;92;89;106;20;3;27;4;6;4;1;0;118;0;28.31;18.74;18.13;21.59;4.07;0.61;5.5;0.81;1.22;0.81;0.2;0;19.06;0
14737;14;Versainville;383;331;314;54;60;64;86;17;3;21;2;5;1;1;0;52;1;17.2;19.11;20.38;27.39;5.41;0.96;6.69;0.64;1.59;0.32;0.32;0;13.58;0.32
14738;14;Verson;2849;2398;2355;270;459;845;418;98;15;188;10;40;10;2;0;451;12;11.46;19.49;35.88;17.75;4.16;0.64;7.98;0.42;1.7;0.42;0.08;0;15.83;0.51
14739;14;Ver-sur-Mer;1324;1124;1098;252;165;278;257;47;10;51;11;20;3;4;0;200;8;22.95;15.03;25.32;23.41;4.28;0.91;4.64;1;1.82;0.27;0.36;0;15.11;0.73
14740;14;La Vespière-Friardel;949;750;731;258;92;131;165;42;2;16;4;9;12;0;0;199;3;35.29;12.59;17.92;22.57;5.75;0.27;2.19;0.55;1.23;1.64;0;0;20.97;0.41
14741;14;Le Vey;75;63;61;13;14;11;11;2;0;7;1;1;1;0;0;12;0;21.31;22.95;18.03;18.03;3.28;0;11.48;1.64;1.64;1.64;0;0;16;0
14742;14;Vicques;57;47;45;17;4;3;16;0;0;1;1;2;1;0;0;10;1;37.78;8.89;6.67;35.56;0;0;2.22;2.22;4.44;2.22;0;0;17.54;2.22
14743;14;Victot-Pontfol;96;78;78;13;9;9;44;3;0;0;0;0;0;0;0;18;0;16.67;11.54;11.54;56.41;3.85;0;0;0;0;0;0;0;18.75;0
14744;14;Vienne-en-Bessin;223;199;193;36;27;47;53;12;2;6;2;3;4;1;0;24;6;18.65;13.99;24.35;27.46;6.22;1.04;3.11;1.04;1.55;2.07;0.52;0;10.76;3.11
14745;14;Vierville-sur-Mer;229;193;188;33;20;42;63;17;1;5;2;0;3;2;0;36;3;17.55;10.64;22.34;33.51;9.04;0.53;2.66;1.06;0;1.6;1.06;0;15.72;1.6
14747;14;Vieux;512;453;439;70;71;150;63;20;3;51;0;9;2;0;0;59;8;15.95;16.17;34.17;14.35;4.56;0.68;11.62;0;2.05;0.46;0;0;11.52;1.82
14748;14;Vieux-Bourg;80;60;59;9;7;8;17;4;0;3;10;1;0;0;0;20;0;15.25;11.86;13.56;28.81;6.78;0;5.08;16.95;1.69;0;0;0;25;0
14751;14;Vignats;224;196;189;58;25;27;56;9;0;6;3;2;3;0;0;28;1;30.69;13.23;14.29;29.63;4.76;0;3.17;1.59;1.06;1.59;0;0;12.5;0.53
14752;14;Villers-Bocage;2079;1701;1658;413;278;409;308;104;14;72;11;21;26;2;0;378;8;24.91;16.77;24.67;18.58;6.27;0.84;4.34;0.66;1.27;1.57;0.12;0;18.18;0.48
14753;14;Villers-Canivet;543;479;473;120;91;128;66;15;5;35;0;9;3;1;0;64;2;25.37;19.24;27.06;13.95;3.17;1.06;7.4;0;1.9;0.63;0.21;0;11.79;0.42
14754;14;Villers-sur-Mer;2274;1825;1796;359;169;409;654;84;13;74;11;17;5;1;0;449;8;19.99;9.41;22.77;36.41;4.68;0.72;4.12;0.61;0.95;0.28;0.06;0;19.74;0.45
14755;14;Villerville;562;471;460;67;73;118;134;23;2;30;4;4;3;2;0;91;10;14.57;15.87;25.65;29.13;5;0.43;6.52;0.87;0.87;0.65;0.43;0;16.19;2.17
14756;14;La Villette;163;140;136;35;17;24;30;10;7;9;0;0;4;0;0;23;2;25.74;12.5;17.65;22.06;7.35;5.15;6.62;0;0;2.94;0;0;14.11;1.47
14758;14;Villons-les-Buissons;629;560;550;42;98;207;139;25;6;30;0;2;1;0;0;69;10;7.64;17.82;37.64;25.27;4.55;1.09;5.45;0;0.36;0.18;0;0;10.97;1.82
14759;14;Villy-lez-Falaise;211;188;177;35;28;40;42;9;2;15;2;3;1;0;0;23;1;19.77;15.82;22.6;23.73;5.08;1.13;8.47;1.13;1.69;0.56;0;0;10.9;0.56
14760;14;Villy-Bocage;560;501;488;121;93;114;78;36;1;21;4;13;6;1;0;59;4;24.8;19.06;23.36;15.98;7.38;0.2;4.3;0.82;2.66;1.23;0.2;0;10.54;0.82
14761;14;Vimont;512;454;441;128;105;93;64;17;7;11;4;7;4;1;0;58;1;29.02;23.81;21.09;14.51;3.85;1.59;2.49;0.91;1.59;0.91;0.23;0;11.33;0.23
14762;14;Vire-Normandie;13533;10516;10203;1932;1729;2578;2322;579;78;616;70;155;118;26;0;3017;121;18.94;16.95;25.27;22.76;5.67;0.76;6.04;0.69;1.52;1.16;0.25;0;22.29;1.19
14764;14;Pont-d'Ouilly;749;611;599;167;133;112;90;46;5;26;5;9;5;1;0;138;3;27.88;22.2;18.7;15.03;7.68;0.83;4.34;0.83;1.5;0.83;0.17;0;18.42;0.5