insee;dep;nom;nb_inscrits;nb_votants;nb_exprimes;nb_voix1;nb_voix2;nb_voix3;nb_voix4;nb_voix5;nb_voix6;nb_voix7;nb_voix8;nb_voix9;nb_voix10;nb_voix11;nb_voix12;nb_voix13;nb_voix14;voix_1;voix_2;voix_3;voix_4;voix_5;voix_6;voix_7;voix_8;voix_9;voix_10;voix_11;voix_12;voix_13;voix_14
27001;27;Aclou;215;165;160;45;19;33;42;6;2;9;1;0;3;0;0;50;0;28.13;11.88;20.63;26.25;3.75;1.25;5.63;0.63;0;1.88;0;0;23.26;0
27002;27;Acon;349;288;285;82;45;47;77;15;5;5;5;2;1;1;0;61;1;28.77;15.79;16.49;27.02;5.26;1.75;1.75;1.75;0.7;0.35;0.35;0;17.48;0.35
27003;27;Acquigny;1234;996;976;272;151;198;220;54;8;51;4;9;5;4;0;238;3;27.87;15.47;20.29;22.54;5.53;0.82;5.23;0.41;0.92;0.51;0.41;0;19.29;0.31
27004;27;Aigleville;269;227;227;61;47;38;38;6;3;22;5;4;2;1;0;42;0;26.87;20.7;16.74;16.74;2.64;1.32;9.69;2.2;1.76;0.88;0.44;0;15.61;0
27005;27;Ailly;877;719;704;264;76;132;136;60;2;18;4;6;4;2;0;158;4;37.5;10.8;18.75;19.32;8.52;0.28;2.56;0.57;0.85;0.57;0.28;0;18.02;0.57
27006;27;Aizier;110;102;100;21;16;21;28;3;5;6;0;0;0;0;0;8;0;21;16;21;28;3;5;6;0;0;0;0;0;7.27;0
27008;27;Alizay;1159;980;960;253;395;122;81;37;8;30;13;15;6;0;0;179;6;26.35;41.15;12.71;8.44;3.85;0.83;3.13;1.35;1.56;0.63;0;0;15.44;0.63
27009;27;Ambenay;399;332;328;104;49;53;82;20;1;11;1;4;3;0;0;67;2;31.71;14.94;16.16;25;6.1;0.3;3.35;0.3;1.22;0.91;0;0;16.79;0.61
27010;27;Amécourt;129;106;106;37;16;20;24;4;2;2;0;1;0;0;0;23;0;34.91;15.09;18.87;22.64;3.77;1.89;1.89;0;0.94;0;0;0;17.83;0
27011;27;Amfreville-Saint-Amand;958;764;746;228;134;127;134;59;8;21;14;13;8;0;0;194;10;30.56;17.96;17.02;17.96;7.91;1.07;2.82;1.88;1.74;1.07;0;0;20.25;1.34
27012;27;Amfreville-les-Champs;344;280;274;90;37;47;47;35;2;10;1;2;1;2;0;64;3;32.85;13.5;17.15;17.15;12.77;0.73;3.65;0.36;0.73;0.36;0.73;0;18.6;1.09
27013;27;Amfreville-sous-les-Monts;403;356;344;78;76;66;70;24;2;14;6;5;3;0;0;47;2;22.67;22.09;19.19;20.35;6.98;0.58;4.07;1.74;1.45;0.87;0;0;11.66;0.58
27014;27;Amfreville-sur-Iton;637;539;533;140;71;121;120;30;1;37;6;3;4;0;0;98;0;26.27;13.32;22.7;22.51;5.63;0.19;6.94;1.13;0.56;0.75;0;0;15.38;0
27015;27;Andé;919;805;789;255;109;162;132;64;3;49;4;7;4;0;0;114;2;32.32;13.81;20.53;16.73;8.11;0.38;6.21;0.51;0.89;0.51;0;0;12.4;0.25
27016;27;Les Andelys;5431;4172;4068;1336;753;695;700;185;30;245;37;49;29;9;0;1259;49;32.84;18.51;17.08;17.21;4.55;0.74;6.02;0.91;1.2;0.71;0.22;0;23.18;1.2
27017;27;Angerville-la-Campagne;1042;833;812;176;140;232;146;40;5;35;12;18;7;1;0;209;20;21.67;17.24;28.57;17.98;4.93;0.62;4.31;1.48;2.22;0.86;0.12;0;20.06;2.46
27018;27;Appeville-Annebault;726;614;592;196;113;87;120;25;3;22;6;5;12;3;0;112;2;33.11;19.09;14.7;20.27;4.22;0.51;3.72;1.01;0.84;2.03;0.51;0;15.43;0.34
27019;27;Armentières-sur-Avre;144;120;115;42;11;16;31;6;0;1;4;3;1;0;0;24;1;36.52;9.57;13.91;26.96;5.22;0;0.87;3.48;2.61;0.87;0;0;16.67;0.87
27020;27;Arnières-sur-Iton;1252;1010;989;239;167;260;193;43;4;56;7;15;2;3;0;242;7;24.17;16.89;26.29;19.51;4.35;0.4;5.66;0.71;1.52;0.2;0.3;0;19.33;0.71
27021;27;Asnières;249;217;211;69;24;29;63;8;6;7;2;2;1;0;0;32;4;32.7;11.37;13.74;29.86;3.79;2.84;3.32;0.95;0.95;0.47;0;0;12.85;1.9
27022;27;Le Val d'Hazey;3732;2956;2864;871;607;550;369;167;21;186;30;36;23;4;0;776;20;30.41;21.19;19.2;12.88;5.83;0.73;6.49;1.05;1.26;0.8;0.14;0;20.79;0.7
27023;27;Aulnay-sur-Iton;599;514;499;143;77;114;92;31;8;25;0;4;3;2;0;85;2;28.66;15.43;22.85;18.44;6.21;1.6;5.01;0;0.8;0.6;0.4;0;14.19;0.4
27025;27;Autheuil-Authouillet;706;610;599;160;85;124;144;47;2;26;3;6;2;0;0;96;2;26.71;14.19;20.7;24.04;7.85;0.33;4.34;0.5;1;0.33;0;0;13.6;0.33
27026;27;Authevernes;305;263;261;101;36;37;64;14;2;5;1;1;0;0;0;42;0;38.7;13.79;14.18;24.52;5.36;0.77;1.92;0.38;0.38;0;0;0;13.77;0
27027;27;Les Authieux;225;186;184;72;34;28;23;14;1;5;2;4;0;1;0;39;0;39.13;18.48;15.22;12.5;7.61;0.54;2.72;1.09;2.17;0;0.54;0;17.33;0
27028;27;Authou;248;183;176;66;34;29;20;8;1;5;2;4;5;2;0;65;3;37.5;19.32;16.48;11.36;4.55;0.57;2.84;1.14;2.27;2.84;1.14;0;26.21;1.7
27031;27;Aviron;868;773;757;131;115;227;165;35;7;56;5;5;7;4;0;95;13;17.31;15.19;29.99;21.8;4.62;0.92;7.4;0.66;0.66;0.92;0.53;0;10.94;1.72
27032;27;Chambois;1008;855;828;245;131;180;169;54;7;27;5;8;2;0;0;153;6;29.59;15.82;21.74;20.41;6.52;0.85;3.26;0.6;0.97;0.24;0;0;15.18;0.72
27033;27;Bacquepuis;227;202;198;64;28;35;44;8;3;11;0;4;1;0;0;25;2;32.32;14.14;17.68;22.22;4.04;1.52;5.56;0;2.02;0.51;0;0;11.01;1.01
27034;27;Bacqueville;415;370;363;135;60;58;51;23;2;20;6;2;5;1;0;45;3;37.19;16.53;15.98;14.05;6.34;0.55;5.51;1.65;0.55;1.38;0.28;0;10.84;0.83
27035;27;Bailleul-la-Vallée;91;70;69;13;7;9;27;9;0;2;0;2;0;0;0;21;0;18.84;10.14;13.04;39.13;13.04;0;2.9;0;2.9;0;0;0;23.08;0
27036;27;Bâlines;422;346;340;107;45;49;88;17;4;13;2;7;8;0;0;76;0;31.47;13.24;14.41;25.88;5;1.18;3.82;0.59;2.06;2.35;0;0;18.01;0
27037;27;Barc;860;736;717;252;110;146;105;46;0;27;14;7;7;3;0;124;5;35.15;15.34;20.36;14.64;6.42;0;3.77;1.95;0.98;0.98;0.42;0;14.42;0.7
27038;27;Les Barils;172;150;146;41;18;29;37;11;0;6;1;1;2;0;0;22;3;28.08;12.33;19.86;25.34;7.53;0;4.11;0.68;0.68;1.37;0;0;12.79;2.05
27039;27;Barneville-sur-Seine;409;360;351;98;67;67;59;23;4;18;6;6;2;1;0;49;1;27.92;19.09;19.09;16.81;6.55;1.14;5.13;1.71;1.71;0.57;0.28;0;11.98;0.28
27040;27;Barquet;353;294;284;93;50;41;58;20;0;9;2;5;5;1;0;59;1;32.75;17.61;14.44;20.42;7.04;0;3.17;0.7;1.76;1.76;0.35;0;16.71;0.35
27042;27;Barville;66;61;61;17;7;13;12;3;0;7;0;2;0;0;0;5;0;27.87;11.48;21.31;19.67;4.92;0;11.48;0;3.28;0;0;0;7.58;0
27043;27;Les Baux-de-Breteuil;544;440;434;144;63;60;116;14;3;18;7;6;2;1;0;104;1;33.18;14.52;13.82;26.73;3.23;0.69;4.15;1.61;1.38;0.46;0.23;0;19.12;0.23
27044;27;Les Baux-Sainte-Croix;790;657;636;144;107;161;140;35;7;28;1;3;7;3;0;133;3;22.64;16.82;25.31;22.01;5.5;1.1;4.4;0.16;0.47;1.1;0.47;0;16.84;0.47
27045;27;Bazincourt-sur-Epte;522;435;426;125;66;97;81;26;1;16;3;7;2;2;0;87;0;29.34;15.49;22.77;19.01;6.1;0.23;3.76;0.7;1.64;0.47;0.47;0;16.67;0
27046;27;Bazoques;119;99;99;33;5;19;24;9;1;6;2;0;0;0;0;20;0;33.33;5.05;19.19;24.24;9.09;1.01;6.06;2.02;0;0;0;0;16.81;0
27047;27;Beaubray;245;208;203;98;23;29;28;13;2;6;1;1;2;0;0;37;1;48.28;11.33;14.29;13.79;6.4;0.99;2.96;0.49;0.49;0.99;0;0;15.1;0.49
27048;27;Beauficel-en-Lyons;173;151;148;30;8;33;55;13;3;3;2;1;0;0;0;22;0;20.27;5.41;22.3;37.16;8.78;2.03;2.03;1.35;0.68;0;0;0;12.72;0
27049;27;Mesnil-en-Ouche;3728;3006;2913;931;368;476;744;159;31;125;23;31;18;7;0;722;16;31.96;12.63;16.34;25.54;5.46;1.06;4.29;0.79;1.06;0.62;0.24;0;19.37;0.55
27050;27;Beaumontel;505;436;431;114;73;73;117;18;7;14;2;5;8;0;0;69;2;26.45;16.94;16.94;27.15;4.18;1.62;3.25;0.46;1.16;1.86;0;0;13.66;0.46
27051;27;Beaumont-le-Roger;2130;1686;1650;508;261;303;320;107;15;81;16;29;7;3;0;444;7;30.79;15.82;18.36;19.39;6.48;0.91;4.91;0.97;1.76;0.42;0.18;0;20.85;0.42
27052;27;Le Bec-Hellouin;322;282;274;43;32;60;101;15;3;8;1;5;6;0;0;40;2;15.69;11.68;21.9;36.86;5.47;1.09;2.92;0.36;1.82;2.19;0;0;12.42;0.73
27053;27;Le Bec-Thomas;186;159;154;45;30;27;21;9;4;10;4;1;2;1;0;27;5;29.22;19.48;17.53;13.64;5.84;2.6;6.49;2.6;0.65;1.3;0.65;0;14.52;3.25
27054;27;Bémécourt;391;322;310;106;47;57;51;23;2;16;2;2;3;1;0;69;8;34.19;15.16;18.39;16.45;7.42;0.65;5.16;0.65;0.65;0.97;0.32;0;17.65;2.58
27055;27;Bérengeville-la-Campagne;247;209;207;75;14;53;42;11;0;8;1;2;1;0;0;38;0;36.23;6.76;25.6;20.29;5.31;0;3.86;0.48;0.97;0.48;0;0;15.38;0
27056;27;Bernay;7171;5520;5392;1165;932;1313;1180;259;49;326;53;58;44;13;0;1651;35;21.61;17.28;24.35;21.88;4.8;0.91;6.05;0.98;1.08;0.82;0.24;0;23.02;0.65
27057;27;Bernienville;222;187;182;47;38;32;35;6;1;12;0;7;4;0;0;35;0;25.82;20.88;17.58;19.23;3.3;0.55;6.59;0;3.85;2.2;0;0;15.77;0
27059;27;Bernouville;243;194;190;76;25;30;31;11;2;7;4;3;1;0;0;49;1;40;13.16;15.79;16.32;5.79;1.05;3.68;2.11;1.58;0.53;0;0;20.16;0.53
27061;27;Berthouville;234;199;196;61;29;28;50;14;1;5;3;4;1;0;0;35;2;31.12;14.8;14.29;25.51;7.14;0.51;2.55;1.53;2.04;0.51;0;0;14.96;1.02
27062;27;Les Monts du Roumois;1215;1025;1001;285;179;210;185;70;7;45;6;8;4;2;0;190;6;28.47;17.88;20.98;18.48;6.99;0.7;4.5;0.6;0.8;0.4;0.2;0;15.64;0.6
27063;27;Berville-la-Campagne;150;134;128;50;18;13;19;10;1;7;1;4;2;3;0;16;1;39.06;14.06;10.16;14.84;7.81;0.78;5.47;0.78;3.13;1.56;2.34;0;10.67;0.78
27064;27;Berville-sur-Mer;461;393;388;138;68;74;46;22;2;21;1;8;8;0;0;68;0;35.57;17.53;19.07;11.86;5.67;0.52;5.41;0.26;2.06;2.06;0;0;14.75;0
27065;27;Beuzeville;3137;2541;2476;759;357;451;558;159;26;100;24;21;13;8;0;596;28;30.65;14.42;18.21;22.54;6.42;1.05;4.04;0.97;0.85;0.53;0.32;0;19;1.13
27066;27;Bézu-la-Forêt;203;177;171;79;21;28;29;7;1;2;1;2;0;1;0;26;0;46.2;12.28;16.37;16.96;4.09;0.58;1.17;0.58;1.17;0;0.58;0;12.81;0
27067;27;Bézu-Saint-Eloi;1115;864;844;297;128;151;136;48;3;54;8;6;11;2;0;251;9;35.19;15.17;17.89;16.11;5.69;0.36;6.4;0.95;0.71;1.3;0.24;0;22.51;1.07
27068;27;Bois-Anzeray;148;111;108;30;15;13;40;7;1;1;0;0;1;0;0;37;2;27.78;13.89;12.04;37.04;6.48;0.93;0.93;0;0;0.93;0;0;25;1.85
27069;27;Bois-Arnault;587;479;465;151;75;59;101;41;3;13;5;8;8;1;0;108;2;32.47;16.13;12.69;21.72;8.82;0.65;2.8;1.08;1.72;1.72;0.22;0;18.4;0.43
27070;27;Boisemont;544;474;459;191;79;57;67;24;3;25;5;2;4;2;0;70;7;41.61;17.21;12.42;14.6;5.23;0.65;5.45;1.09;0.44;0.87;0.44;0;12.87;1.53
27071;27;Le Bois-Hellain;191;164;157;51;14;21;41;17;2;4;2;3;2;0;0;27;4;32.48;8.92;13.38;26.11;10.83;1.27;2.55;1.27;1.91;1.27;0;0;14.14;2.55
27072;27;Bois-Jérôme-Saint-Ouen;635;542;527;140;96;96;116;47;4;18;2;6;2;0;0;93;13;26.57;18.22;18.22;22.01;8.92;0.76;3.42;0.38;1.14;0.38;0;0;14.65;2.47
27073;27;Bois-le-Roi;762;653;629;208;109;111;127;35;9;20;4;4;1;1;0;109;8;33.07;17.33;17.65;20.19;5.56;1.43;3.18;0.64;0.64;0.16;0.16;0;14.3;1.27
27074;27;Boisney;265;216;215;70;37;29;49;11;0;8;3;3;5;0;0;49;0;32.56;17.21;13.49;22.79;5.12;0;3.72;1.4;1.4;2.33;0;0;18.49;0
27075;27;Bois-Normand-près-Lyre;301;240;234;103;17;24;61;11;2;9;3;2;0;2;0;61;5;44.02;7.26;10.26;26.07;4.7;0.85;3.85;1.28;0.85;0;0.85;0;20.27;2.14
27076;27;Boisset-les-Prévanches;367;287;283;101;46;51;42;20;1;15;2;3;1;1;0;80;1;35.69;16.25;18.02;14.84;7.07;0.35;5.3;0.71;1.06;0.35;0.35;0;21.8;0.35
27077;27;Boissey-le-Châtel;573;501;488;150;124;93;61;25;4;19;5;4;3;0;0;72;0;30.74;25.41;19.06;12.5;5.12;0.82;3.89;1.02;0.82;0.61;0;0;12.57;0
27078;27;La Boissière;207;170;166;57;25;34;25;14;7;3;0;1;0;0;0;37;1;34.34;15.06;20.48;15.06;8.43;4.22;1.81;0;0.6;0;0;0;17.87;0.6
27079;27;Boissy-Lamberville;302;235;230;88;45;41;31;15;0;6;1;2;1;0;0;67;2;38.26;19.57;17.83;13.48;6.52;0;2.61;0.43;0.87;0.43;0;0;22.19;0.87
27081;27;Boncourt;149;131;127;29;18;37;31;7;1;3;0;1;0;0;0;18;3;22.83;14.17;29.13;24.41;5.51;0.79;2.36;0;0.79;0;0;0;12.08;2.36
27082;27;La Bonneville-sur-Iton;1646;1313;1282;358;293;281;153;70;12;74;19;16;5;1;0;333;14;27.93;22.85;21.92;11.93;5.46;0.94;5.77;1.48;1.25;0.39;0.08;0;20.23;1.09
27083;27;Bonneville-Aptot;187;161;155;62;30;16;23;12;2;5;1;3;1;0;0;26;0;40;19.35;10.32;14.84;7.74;1.29;3.23;0.65;1.94;0.65;0;0;13.9;0
27085;27;Flancourt-Crescy-en-Roumois;1067;908;883;282;156;148;158;65;7;37;9;9;10;2;0;159;2;31.94;17.67;16.76;17.89;7.36;0.79;4.19;1.02;1.02;1.13;0.23;0;14.9;0.23
27089;27;Thénouville;660;541;529;155;87;110;92;41;2;30;7;4;1;0;0;119;1;29.3;16.45;20.79;17.39;7.75;0.38;5.67;1.32;0.76;0.19;0;0;18.03;0.19
27090;27;Bosroumois;2837;2424;2358;631;452;528;382;137;17;158;13;24;13;3;0;413;11;26.76;19.17;22.39;16.2;5.81;0.72;6.7;0.55;1.02;0.55;0.13;0;14.56;0.47
27091;27;Bosgouet;526;451;439;131;72;77;93;33;1;16;7;3;5;1;0;75;1;29.84;16.4;17.54;21.18;7.52;0.23;3.64;1.59;0.68;1.14;0.23;0;14.26;0.23
27094;27;Bosquentin;105;87;83;34;5;8;20;10;0;4;0;1;1;0;0;18;0;40.96;6.02;9.64;24.1;12.05;0;4.82;0;1.2;1.2;0;0;17.14;0
27095;27;Bosrobert;414;344;337;98;58;48;79;16;4;22;6;4;1;1;0;70;4;29.08;17.21;14.24;23.44;4.75;1.19;6.53;1.78;1.19;0.3;0.3;0;16.91;1.19
27096;27;Les Bottereaux;274;208;202;70;33;22;49;12;1;7;2;4;1;1;0;66;2;34.65;16.34;10.89;24.26;5.94;0.5;3.47;0.99;1.98;0.5;0.5;0;24.09;0.99
27097;27;Bouafles;558;469;458;122;81;97;72;24;4;46;0;4;7;1;0;89;6;26.64;17.69;21.18;15.72;5.24;0.87;10.04;0;0.87;1.53;0.22;0;15.95;1.31
27098;27;Bouchevilliers;76;65;62;27;3;8;15;4;0;4;0;0;1;0;0;11;0;43.55;4.84;12.9;24.19;6.45;0;6.45;0;0;1.61;0;0;14.47;0
27099;27;Le Boulay-Morin;555;470;459;136;61;104;84;39;2;25;3;4;1;0;0;85;11;29.63;13.29;22.66;18.3;8.5;0.44;5.45;0.65;0.87;0.22;0;0;15.32;2.4
27100;27;Boulleville;759;648;628;179;132;128;99;36;7;18;1;15;12;1;0;111;5;28.5;21.02;20.38;15.76;5.73;1.11;2.87;0.16;2.39;1.91;0.16;0;14.62;0.8
27101;27;Bouquelon;365;312;304;110;44;49;51;22;6;13;0;5;4;0;0;53;8;36.18;14.47;16.12;16.78;7.24;1.97;4.28;0;1.64;1.32;0;0;14.52;2.63
27102;27;Bouquetot;821;722;706;233;133;119;135;41;8;21;2;6;7;1;0;99;2;33;18.84;16.86;19.12;5.81;1.13;2.97;0.28;0.85;0.99;0.14;0;12.06;0.28
27103;27;Bourg-Achard;2638;2194;2144;587;362;469;427;127;10;108;17;23;9;5;0;444;15;27.38;16.88;21.88;19.92;5.92;0.47;5.04;0.79;1.07;0.42;0.23;0;16.83;0.7
27104;27;Bourg-Beaudouin;518;445;438;139;84;100;65;19;5;20;1;3;2;0;0;73;2;31.74;19.18;22.83;14.84;4.34;1.14;4.57;0.23;0.68;0.46;0;0;14.09;0.46
27105;27;Grand Bourgtheroulde;2965;2481;2419;641;505;510;415;144;12;130;15;26;13;8;0;484;15;26.5;20.88;21.08;17.16;5.95;0.5;5.37;0.62;1.07;0.54;0.33;0;16.32;0.62
27106;27;Bournainville-Faverolles;350;298;291;117;37;49;52;16;0;15;0;4;0;1;0;52;1;40.21;12.71;16.84;17.87;5.5;0;5.15;0;1.37;0;0.34;0;14.86;0.34
27107;27;Bourneville-Sainte-Croix;946;798;775;244;162;108;162;40;6;35;7;4;2;5;0;148;8;31.48;20.9;13.94;20.9;5.16;0.77;4.52;0.9;0.52;0.26;0.65;0;15.64;1.03
27108;27;Bourth;921;764;748;259;98;127;174;31;16;26;6;6;5;0;0;157;4;34.63;13.1;16.98;23.26;4.14;2.14;3.48;0.8;0.8;0.67;0;0;17.05;0.53
27109;27;Bray;262;222;220;90;37;37;30;12;0;6;2;3;3;0;0;40;0;40.91;16.82;16.82;13.64;5.45;0;2.73;0.91;1.36;1.36;0;0;15.27;0
27110;27;Brestot;435;361;351;130;47;74;38;29;5;15;3;6;2;2;0;74;4;37.04;13.39;21.08;10.83;8.26;1.42;4.27;0.85;1.71;0.57;0.57;0;17.01;1.14
27111;27;Bretagnolles;136;101;100;30;14;22;23;4;1;6;0;0;0;0;0;35;0;30;14;22;23;4;1;6;0;0;0;0;0;25.74;0
27112;27;Breteuil;2984;2360;2301;804;348;383;405;140;14;120;27;32;25;3;0;624;18;34.94;15.12;16.64;17.6;6.08;0.61;5.22;1.17;1.39;1.09;0.13;0;20.91;0.78
27113;27;Brétigny;124;104;103;40;16;12;17;8;2;5;0;1;1;1;0;20;1;38.83;15.53;11.65;16.5;7.77;1.94;4.85;0;0.97;0.97;0.97;0;16.13;0.97
27114;27;Breuilpont;949;750;741;210;89;160;180;46;9;30;8;5;2;2;0;199;4;28.34;12.01;21.59;24.29;6.21;1.21;4.05;1.08;0.67;0.27;0.27;0;20.97;0.54
27115;27;Breux-sur-Avre;288;236;233;68;32;33;78;9;3;6;0;1;3;0;0;52;1;29.18;13.73;14.16;33.48;3.86;1.29;2.58;0;0.43;1.29;0;0;18.06;0.43
27116;27;Brionne;3034;2225;2168;718;473;309;365;105;11;115;10;25;30;7;0;809;17;33.12;21.82;14.25;16.84;4.84;0.51;5.3;0.46;1.15;1.38;0.32;0;26.66;0.78
27117;27;Broglie;759;603;591;181;65;141;129;22;2;28;4;10;7;2;0;156;3;30.63;11;23.86;21.83;3.72;0.34;4.74;0.68;1.69;1.18;0.34;0;20.55;0.51
27118;27;Brosville;443;382;375;97;66;78;82;20;5;19;1;4;3;0;0;61;1;25.87;17.6;20.8;21.87;5.33;1.33;5.07;0.27;1.07;0.8;0;0;13.77;0.27
27119;27;Bueil;1174;955;936;273;163;171;172;81;11;44;10;6;3;2;0;219;5;29.17;17.41;18.27;18.38;8.65;1.18;4.7;1.07;0.64;0.32;0.21;0;18.65;0.53
27120;27;Burey;267;240;235;94;42;49;25;12;4;6;1;0;2;0;0;27;2;40;17.87;20.85;10.64;5.11;1.7;2.55;0.43;0;0.85;0;0;10.11;0.85
27123;27;Caillouet-Orgeville;353;286;284;99;29;46;70;21;3;10;2;0;3;1;0;67;0;34.86;10.21;16.2;24.65;7.39;1.06;3.52;0.7;0;1.06;0.35;0;18.98;0
27124;27;Cailly-sur-Eure;177;153;149;53;11;22;46;8;0;8;1;0;0;0;0;24;0;35.57;7.38;14.77;30.87;5.37;0;5.37;0.67;0;0;0;0;13.56;0
27125;27;Calleville;555;436;425;140;69;71;80;25;4;23;6;3;3;1;0;119;4;32.94;16.24;16.71;18.82;5.88;0.94;5.41;1.41;0.71;0.71;0.24;0;21.44;0.94
27126;27;Campigny;830;705;689;223;150;135;100;33;1;25;0;13;7;2;0;125;3;32.37;21.77;19.59;14.51;4.79;0.15;3.63;0;1.89;1.02;0.29;0;15.06;0.44
27127;27;Canappeville;480;420;411;154;66;75;59;32;3;11;3;4;3;1;0;60;1;37.47;16.06;18.25;14.36;7.79;0.73;2.68;0.73;0.97;0.73;0.24;0;12.5;0.24
27129;27;Caorches-Saint-Nicolas;482;404;398;116;41;76;101;38;2;14;0;8;2;0;0;78;0;29.15;10.3;19.1;25.38;9.55;0.5;3.52;0;2.01;0.5;0;0;16.18;0
27130;27;Capelle-les-Grands;328;278;273;97;37;40;61;15;1;12;2;3;5;0;0;50;2;35.53;13.55;14.65;22.34;5.49;0.37;4.4;0.73;1.1;1.83;0;0;15.24;0.73
27132;27;Caugé;734;635;628;132;129;146;120;51;3;28;6;4;7;2;0;99;1;21.02;20.54;23.25;19.11;8.12;0.48;4.46;0.96;0.64;1.11;0.32;0;13.49;0.16
27133;27;Caumont;861;739;731;169;124;170;178;36;4;38;7;3;2;0;0;122;2;23.12;16.96;23.26;24.35;4.92;0.55;5.2;0.96;0.41;0.27;0;0;14.17;0.27
27134;27;Cauverville-en-Roumois;158;138;134;50;26;27;16;4;1;8;1;1;0;0;0;20;0;37.31;19.4;20.15;11.94;2.99;0.75;5.97;0.75;0.75;0;0;0;12.66;0
27135;27;Cesseville;344;293;288;120;42;56;42;13;1;10;1;1;2;0;0;51;1;41.67;14.58;19.44;14.58;4.51;0.35;3.47;0.35;0.35;0.69;0;0;14.83;0.35
27136;27;Chaignes;225;193;188;41;24;45;58;8;0;10;0;2;0;0;0;32;3;21.81;12.77;23.94;30.85;4.26;0;5.32;0;1.06;0;0;0;14.22;1.6
27137;27;Chaise-Dieu-du-Theil;229;186;185;54;22;21;60;14;1;10;2;1;0;0;0;43;0;29.19;11.89;11.35;32.43;7.57;0.54;5.41;1.08;0.54;0;0;0;18.78;0
27138;27;Chamblac;337;269;259;88;29;37;69;12;4;13;1;2;3;1;0;68;2;33.98;11.2;14.29;26.64;4.63;1.54;5.02;0.39;0.77;1.16;0.39;0;20.18;0.77
27139;27;Chambord;126;112;109;31;7;17;38;8;1;6;0;1;0;0;0;14;0;28.44;6.42;15.6;34.86;7.34;0.92;5.5;0;0.92;0;0;0;11.11;0
27140;27;Chambray;354;306;302;60;47;75;78;11;1;23;2;2;0;3;0;48;1;19.87;15.56;24.83;25.83;3.64;0.33;7.62;0.66;0.66;0;0.99;0;13.56;0.33
27141;27;Champ-Dolent;70;54;51;9;8;3;24;2;3;2;0;0;0;0;0;16;0;17.65;15.69;5.88;47.06;3.92;5.88;3.92;0;0;0;0;0;22.86;0
27142;27;Champenard;156;136;131;45;10;23;33;12;3;1;2;2;0;0;0;20;2;34.35;7.63;17.56;25.19;9.16;2.29;0.76;1.53;1.53;0;0;0;12.82;1.53
27143;27;Champignolles;33;31;31;13;5;6;7;0;0;0;0;0;0;0;0;2;0;41.94;16.13;19.35;22.58;0;0;0;0;0;0;0;0;6.06;0
27144;27;Champigny-la-Futelaye;212;177;176;48;35;44;29;6;2;9;0;0;3;0;0;35;1;27.27;19.89;25;16.48;3.41;1.14;5.11;0;0;1.7;0;0;16.51;0.57
27146;27;La Chapelle-Bayvel;283;241;238;79;18;51;58;12;2;10;3;2;3;0;0;42;1;33.19;7.56;21.43;24.37;5.04;0.84;4.2;1.26;0.84;1.26;0;0;14.84;0.42
27147;27;La Chapelle-du-Bois-des-Faulx;476;414;406;121;59;95;60;34;3;19;4;7;4;0;0;62;3;29.8;14.53;23.4;14.78;8.37;0.74;4.68;0.99;1.72;0.99;0;0;13.03;0.74
27148;27;La Chapelle-Gauthier;322;265;254;96;33;48;53;12;3;2;1;4;2;0;0;57;10;37.8;12.99;18.9;20.87;4.72;1.18;0.79;0.39;1.57;0.79;0;0;17.7;3.94
27149;27;La Chapelle-Hareng;76;57;57;20;10;8;10;4;1;4;0;0;0;0;0;19;0;35.09;17.54;14.04;17.54;7.02;1.75;7.02;0;0;0;0;0;25;0
27151;27;Charleval;1448;1098;1068;376;213;184;151;52;11;46;11;11;10;3;0;350;10;35.21;19.94;17.23;14.14;4.87;1.03;4.31;1.03;1.03;0.94;0.28;0;24.17;0.94
27152;27;Château-sur-Epte;440;354;346;140;51;68;38;21;2;15;1;4;3;3;0;86;1;40.46;14.74;19.65;10.98;6.07;0.58;4.34;0.29;1.16;0.87;0.87;0;19.55;0.29
27153;27;Chauvincourt-Provemont;268;207;203;100;21;27;26;17;1;4;0;3;4;0;0;61;0;49.26;10.34;13.3;12.81;8.37;0.49;1.97;0;1.48;1.97;0;0;22.76;0
27154;27;Chavigny-Bailleul;446;396;385;148;36;71;65;27;2;22;3;4;7;0;0;50;2;38.44;9.35;18.44;16.88;7.01;0.52;5.71;0.78;1.04;1.82;0;0;11.21;0.52
27155;27;Chennebrun;90;67;64;19;7;8;17;2;0;8;1;1;1;0;0;23;0;29.69;10.94;12.5;26.56;3.13;0;12.5;1.56;1.56;1.56;0;0;25.56;0
27156;27;Chéronvilliers;354;284;282;91;45;47;53;19;1;13;6;3;3;1;0;70;0;32.27;15.96;16.67;18.79;6.74;0.35;4.61;2.13;1.06;1.06;0.35;0;19.77;0
27157;27;Marbois;996;843;823;347;94;110;171;49;4;31;5;10;2;0;0;153;4;42.16;11.42;13.37;20.78;5.95;0.49;3.77;0.61;1.22;0.24;0;0;15.36;0.49
27158;27;Cierrey;623;518;511;151;68;121;102;32;2;19;4;7;3;2;0;105;1;29.55;13.31;23.68;19.96;6.26;0.39;3.72;0.78;1.37;0.59;0.39;0;16.85;0.2
27161;27;Claville;831;703;685;186;113;180;119;37;6;20;5;9;7;3;0;128;16;27.15;16.5;26.28;17.37;5.4;0.88;2.92;0.73;1.31;1.02;0.44;0;15.4;2.34
27162;27;Collandres-Quincarnon;168;150;147;56;20;25;30;7;1;4;1;2;0;1;0;18;1;38.1;13.61;17.01;20.41;4.76;0.68;2.72;0.68;1.36;0;0.68;0;10.71;0.68
27163;27;Colletot;130;113;110;31;17;13;20;12;0;14;3;0;0;0;0;17;2;28.18;15.45;11.82;18.18;10.91;0;12.73;2.73;0;0;0;0;13.08;1.82
27164;27;Combon;598;503;487;151;74;88;93;40;2;24;1;7;5;2;0;95;5;31.01;15.2;18.07;19.1;8.21;0.41;4.93;0.21;1.44;1.03;0.41;0;15.89;1.03
27165;27;Conches-en-Ouche;3349;2596;2519;831;414;498;406;115;17;161;14;32;26;5;0;753;18;32.99;16.44;19.77;16.12;4.57;0.67;6.39;0.56;1.27;1.03;0.2;0;22.48;0.71
27167;27;Condé-sur-Risle;456;400;391;132;85;57;68;26;2;18;0;1;2;0;0;56;2;33.76;21.74;14.58;17.39;6.65;0.51;4.6;0;0.26;0.51;0;0;12.28;0.51
27168;27;Connelles;164;134;131;48;18;15;41;7;0;2;0;0;0;0;0;30;1;36.64;13.74;11.45;31.3;5.34;0;1.53;0;0;0;0;0;18.29;0.76
27169;27;Conteville;713;606;593;180;115;117;102;38;2;27;1;10;1;0;0;107;5;30.35;19.39;19.73;17.2;6.41;0.34;4.55;0.17;1.69;0.17;0;0;15.01;0.84
27170;27;Cormeilles;847;680;660;184;95;144;139;43;9;29;0;10;6;1;0;167;19;27.88;14.39;21.82;21.06;6.52;1.36;4.39;0;1.52;0.91;0.15;0;19.72;2.88
27171;27;Le Cormier;324;282;275;74;40;37;84;22;0;12;0;1;3;2;0;42;7;26.91;14.55;13.45;30.55;8;0;4.36;0;0.36;1.09;0.73;0;12.96;2.55
27173;27;Corneville-la-Fouquetière;79;69;69;24;11;16;12;5;0;0;0;0;1;0;0;10;0;34.78;15.94;23.19;17.39;7.25;0;0;0;0;1.45;0;0;12.66;0
27174;27;Corneville-sur-Risle;991;858;828;244;160;163;130;57;7;34;4;14;12;3;0;133;8;29.47;19.32;19.69;15.7;6.88;0.85;4.11;0.48;1.69;1.45;0.36;0;13.42;0.97
27175;27;Corny;277;233;217;71;33;43;35;18;0;8;5;2;1;1;0;44;3;32.72;15.21;19.82;16.13;8.29;0;3.69;2.3;0.92;0.46;0.46;0;15.88;1.38
27176;27;Coudray;139;116;114;48;14;12;23;6;0;8;1;0;2;0;0;23;2;42.11;12.28;10.53;20.18;5.26;0;7.02;0.88;0;1.75;0;0;16.55;1.75
27177;27;Coudres;410;339;329;115;70;42;55;31;3;5;0;2;5;1;0;71;7;34.95;21.28;12.77;16.72;9.42;0.91;1.52;0;0.61;1.52;0.3;0;17.32;2.13
27179;27;Courbépine;559;454;440;183;43;76;72;32;2;22;1;7;2;0;0;105;3;41.59;9.77;17.27;16.36;7.27;0.45;5;0.23;1.59;0.45;0;0;18.78;0.68
27180;27;Courcelles-sur-Seine;1471;1222;1198;423;181;221;175;82;12;54;14;23;11;2;0;249;5;35.31;15.11;18.45;14.61;6.84;1;4.51;1.17;1.92;0.92;0.17;0;16.93;0.42
27181;27;Courdemanche;476;396;383;132;65;69;66;21;7;16;3;2;1;1;0;80;3;34.46;16.97;18.02;17.23;5.48;1.83;4.18;0.78;0.52;0.26;0.26;0;16.81;0.78
27182;27;Courteilles;153;115;113;31;14;16;31;10;2;3;2;3;1;0;0;38;0;27.43;12.39;14.16;27.43;8.85;1.77;2.65;1.77;2.65;0.88;0;0;24.84;0
27183;27;La Couture-Boussey;1676;1283;1245;445;229;218;186;72;13;47;3;14;16;2;0;393;7;35.74;18.39;17.51;14.94;5.78;1.04;3.78;0.24;1.12;1.29;0.16;0;23.45;0.56
27184;27;Crasville;114;97;96;28;14;17;19;9;1;5;0;1;1;1;0;17;0;29.17;14.58;17.71;19.79;9.38;1.04;5.21;0;1.04;1.04;1.04;0;14.91;0
27185;27;Crestot;368;312;301;127;57;38;45;12;3;10;1;5;1;2;0;56;10;42.19;18.94;12.62;14.95;3.99;1;3.32;0.33;1.66;0.33;0.66;0;15.22;3.32
27187;27;Criquebeuf-la-Campagne;210;180;179;55;28;23;42;14;3;5;2;3;2;2;0;30;0;30.73;15.64;12.85;23.46;7.82;1.68;2.79;1.12;1.68;1.12;1.12;0;14.29;0
27188;27;Criquebeuf-sur-Seine;995;876;859;279;115;195;161;58;5;30;8;4;3;1;0;119;6;32.48;13.39;22.7;18.74;6.75;0.58;3.49;0.93;0.47;0.35;0.12;0;11.96;0.7
27189;27;La Croisille;356;303;295;114;29;71;53;13;1;4;2;5;3;0;0;53;1;38.64;9.83;24.07;17.97;4.41;0.34;1.36;0.68;1.69;1.02;0;0;14.89;0.34
27190;27;Croisy-sur-Eure;177;156;155;24;17;32;55;12;3;8;1;1;2;0;0;21;0;15.48;10.97;20.65;35.48;7.74;1.94;5.16;0.65;0.65;1.29;0;0;11.86;0
27191;27;Clef Vallée d'Eure;1848;1544;1518;479;258;271;291;87;7;72;14;17;17;5;0;304;13;31.55;17;17.85;19.17;5.73;0.46;4.74;0.92;1.12;1.12;0.33;0;16.45;0.86
27192;27;Crosville-la-Vieille;467;409;397;125;61;66;83;22;1;19;5;7;8;0;0;58;4;31.49;15.37;16.62;20.91;5.54;0.25;4.79;1.26;1.76;2.02;0;0;12.42;1.01
27193;27;Croth;1029;795;773;271;148;120;103;60;7;32;9;15;6;2;0;234;5;35.06;19.15;15.52;13.32;7.76;0.91;4.14;1.16;1.94;0.78;0.26;0;22.74;0.65
27194;27;Cuverville;179;138;128;66;11;6;19;8;2;9;0;6;1;0;0;41;0;51.56;8.59;4.69;14.84;6.25;1.56;7.03;0;4.69;0.78;0;0;22.91;0
27196;27;Les Damps;916;790;763;205;170;144;145;38;3;41;4;8;4;1;0;126;8;26.87;22.28;18.87;19;4.98;0.39;5.37;0.52;1.05;0.52;0.13;0;13.76;1.05
27198;27;Mesnils-sur-Iton;3005;2462;2403;753;352;467;479;158;12;121;15;25;17;4;0;543;18;31.34;14.65;19.43;19.93;6.58;0.5;5.04;0.62;1.04;0.71;0.17;0;18.07;0.75
27199;27;Dangu;449;364;359;152;48;40;69;21;3;12;1;8;5;0;0;85;1;42.34;13.37;11.14;19.22;5.85;0.84;3.34;0.28;2.23;1.39;0;0;18.93;0.28
27200;27;Dardez;128;109;105;28;19;28;20;4;0;3;2;1;0;0;0;19;4;26.67;18.1;26.67;19.05;3.81;0;2.86;1.9;0.95;0;0;0;14.84;3.81
27201;27;Daubeuf-la-Campagne;180;161;156;45;29;27;33;9;2;11;0;0;0;0;0;19;3;28.85;18.59;17.31;21.15;5.77;1.28;7.05;0;0;0;0;0;10.56;1.92
27202;27;Daubeuf-près-Vatteville;352;291;283;100;52;52;43;17;1;9;2;6;1;0;0;61;3;35.34;18.37;18.37;15.19;6.01;0.35;3.18;0.71;2.12;0.35;0;0;17.33;1.06
27203;27;Douains;407;335;325;93;53;57;79;18;2;19;4;0;0;0;0;72;7;28.62;16.31;17.54;24.31;5.54;0.62;5.85;1.23;0;0;0;0;17.69;2.15
27204;27;Doudeauville-en-Vexin;252;217;213;76;38;35;32;13;2;10;0;2;4;1;0;35;2;35.68;17.84;16.43;15.02;6.1;0.94;4.69;0;0.94;1.88;0.47;0;13.89;0.94
27205;27;Douville-sur-Andelle;314;240;233;84;47;45;29;9;2;9;2;3;3;0;0;74;7;36.05;20.17;19.31;12.45;3.86;0.86;3.86;0.86;1.29;1.29;0;0;23.57;3
27206;27;Droisy;327;259;250;99;28;40;55;13;2;9;0;2;2;0;0;68;4;39.6;11.2;16;22;5.2;0.8;3.6;0;0.8;0.8;0;0;20.8;1.6
27207;27;Drucourt;470;400;398;121;53;59;90;35;4;22;2;7;5;0;0;70;1;30.4;13.32;14.82;22.61;8.79;1.01;5.53;0.5;1.76;1.26;0;0;14.89;0.25
27208;27;Duranville;113;101;100;32;5;18;28;8;0;7;2;0;0;0;0;12;0;32;5;18;28;8;0;7;2;0;0;0;0;10.62;0
27209;27;Ecaquelon;471;382;379;146;78;66;48;24;3;10;2;2;0;0;0;89;0;38.52;20.58;17.41;12.66;6.33;0.79;2.64;0.53;0.53;0;0;0;18.9;0
27210;27;Ecardenville-la-Campagne;363;290;284;120;35;43;59;13;5;5;2;0;1;1;0;73;2;42.25;12.32;15.14;20.77;4.58;1.76;1.76;0.7;0;0.35;0.35;0;20.11;0.7
27212;27;Ecauville;77;72;71;29;9;13;10;3;1;3;1;0;2;0;0;5;0;40.85;12.68;18.31;14.08;4.23;1.41;4.23;1.41;0;2.82;0;0;6.49;0
27213;27;Vexin-sur-Epte;4664;3768;3680;1199;552;658;771;197;37;162;38;36;25;5;0;896;22;32.58;15;17.88;20.95;5.35;1.01;4.4;1.03;0.98;0.68;0.14;0;19.21;0.6
27214;27;Ecouis;480;389;378;140;48;54;74;27;3;11;10;6;4;1;0;91;3;37.04;12.7;14.29;19.58;7.14;0.79;2.91;2.65;1.59;1.06;0.26;0;18.96;0.79
27215;27;Ecquetot;277;238;234;85;37;46;38;6;0;16;0;4;2;0;0;39;3;36.32;15.81;19.66;16.24;2.56;0;6.84;0;1.71;0.85;0;0;14.08;1.28
27216;27;Emalleville;410;359;353;85;50;85;60;37;0;24;3;4;2;3;0;51;1;24.08;14.16;24.08;17;10.48;0;6.8;0.85;1.13;0.57;0.85;0;12.44;0.28
27217;27;Emanville;388;321;311;116;41;55;56;13;4;12;2;5;7;0;0;67;2;37.3;13.18;17.68;18.01;4.18;1.29;3.86;0.64;1.61;2.25;0;0;17.27;0.64
27218;27;Epaignes;1054;909;881;260;101;167;234;59;10;28;10;6;3;3;0;145;27;29.51;11.46;18.96;26.56;6.7;1.14;3.18;1.14;0.68;0.34;0.34;0;13.76;3.06
27219;27;Epégard;389;337;326;121;55;59;48;19;1;13;3;5;2;0;0;52;7;37.12;16.87;18.1;14.72;5.83;0.31;3.99;0.92;1.53;0.61;0;0;13.37;2.15
27220;27;Epieds;262;216;213;77;22;32;53;9;3;9;0;6;1;1;0;46;0;36.15;10.33;15.02;24.88;4.23;1.41;4.23;0;2.82;0.47;0.47;0;17.56;0
27222;27;Epreville-en-Lieuvin;175;143;141;50;23;15;32;5;0;9;1;3;2;1;0;32;1;35.46;16.31;10.64;22.7;3.55;0;6.38;0.71;2.13;1.42;0.71;0;18.29;0.71
27224;27;Epreville-près-le-Neubourg;373;307;302;120;31;51;43;34;3;6;2;6;5;1;0;66;1;39.74;10.26;16.89;14.24;11.26;0.99;1.99;0.66;1.99;1.66;0.33;0;17.69;0.33
27226;27;Etrépagny;2812;2186;2129;727;391;345;353;115;17;116;17;25;20;3;0;626;19;34.15;18.37;16.2;16.58;5.4;0.8;5.45;0.8;1.17;0.94;0.14;0;22.26;0.89
27227;27;Etréville;475;420;409;166;62;60;66;36;3;11;2;2;1;0;0;55;2;40.59;15.16;14.67;16.14;8.8;0.73;2.69;0.49;0.49;0.24;0;0;11.58;0.49
27228;27;Eturqueraye;237;206;200;71;41;20;35;22;2;2;2;2;3;0;0;31;1;35.5;20.5;10;17.5;11;1;1;1;1;1.5;0;0;13.08;0.5
27229;27;Evreux;26162;19880;19386;3719;4536;4755;3411;784;127;1462;171;235;155;31;0;6282;132;19.18;23.4;24.53;17.6;4.04;0.66;7.54;0.88;1.21;0.8;0.16;0;24.01;0.68
27230;27;Ezy-sur-Eure;2670;2050;2000;644;321;389;357;135;14;78;20;21;16;5;0;620;19;32.2;16.05;19.45;17.85;6.75;0.7;3.9;1;1.05;0.8;0.25;0;23.22;0.95
27231;27;Fains;330;293;292;84;26;45;105;19;4;5;3;1;0;0;0;37;0;28.77;8.9;15.41;35.96;6.51;1.37;1.71;1.03;0.34;0;0;0;11.21;0
27232;27;Farceaux;235;188;181;60;32;22;37;14;1;9;1;2;3;0;0;47;0;33.15;17.68;12.15;20.44;7.73;0.55;4.97;0.55;1.1;1.66;0;0;20;0
27233;27;Fatouville-Grestain;605;499;490;160;75;84;104;33;4;16;4;9;1;0;0;106;3;32.65;15.31;17.14;21.22;6.73;0.82;3.27;0.82;1.84;0.2;0;0;17.52;0.61
27234;27;Fauville;239;204;198;47;46;35;36;16;0;12;0;1;5;0;0;35;3;23.74;23.23;17.68;18.18;8.08;0;6.06;0;0.51;2.53;0;0;14.64;1.52
27235;27;Faverolles-la-Campagne;126;106;103;41;15;16;16;7;2;2;1;3;0;0;0;20;0;39.81;14.56;15.53;15.53;6.8;1.94;1.94;0.97;2.91;0;0;0;15.87;0
27237;27;Le Favril;150;122;115;40;13;29;17;10;1;2;1;2;0;0;0;28;5;34.78;11.3;25.22;14.78;8.7;0.87;1.74;0.87;1.74;0;0;0;18.67;4.35
27238;27;Ferrières-Haut-Clocher;824;744;723;214;97;181;130;35;8;35;6;10;7;0;0;80;3;29.6;13.42;25.03;17.98;4.84;1.11;4.84;0.83;1.38;0.97;0;0;9.71;0.41
27239;27;Ferrières-Saint-Hilaire;339;288;278;68;49;62;57;24;1;11;3;0;3;0;0;51;1;24.46;17.63;22.3;20.5;8.63;0.36;3.96;1.08;0;1.08;0;0;15.04;0.36
27240;27;La Ferrière-sur-Risle;225;159;154;45;16;42;38;5;0;3;3;1;1;0;0;66;3;29.22;10.39;27.27;24.68;3.25;0;1.95;1.95;0.65;0.65;0;0;29.33;1.95
27241;27;Feuguerolles;165;143;141;45;27;25;25;12;1;5;1;0;0;0;0;22;0;31.91;19.15;17.73;17.73;8.51;0.71;3.55;0.71;0;0;0;0;13.33;0
27242;27;Le Fidelaire;812;651;632;243;84;110;107;42;1;31;3;7;4;0;0;161;5;38.45;13.29;17.41;16.93;6.65;0.16;4.91;0.47;1.11;0.63;0;0;19.83;0.79
27243;27;Fiquefleur-Equainville;555;454;440;113;62;104;105;21;2;17;8;6;2;0;0;101;2;25.68;14.09;23.64;23.86;4.77;0.45;3.86;1.82;1.36;0.45;0;0;18.2;0.45
27245;27;Fleury-la-Forêt;249;227;223;76;28;44;55;11;3;3;0;2;1;0;0;22;4;34.08;12.56;19.73;24.66;4.93;1.35;1.35;0;0.9;0.45;0;0;8.84;1.79
27246;27;Fleury-sur-Andelle;1303;992;961;327;191;168;149;43;6;46;8;14;9;0;0;311;10;34.03;19.88;17.48;15.5;4.47;0.62;4.79;0.83;1.46;0.94;0;0;23.87;1.04
27247;27;Flipou;263;215;205;61;32;30;49;14;0;8;3;5;1;2;0;48;9;29.76;15.61;14.63;23.9;6.83;0;3.9;1.46;2.44;0.49;0.98;0;18.25;4.39
27248;27;Folleville;150;134;132;40;18;26;33;3;5;6;0;1;0;0;0;16;0;30.3;13.64;19.7;25;2.27;3.79;4.55;0;0.76;0;0;0;10.67;0
27249;27;Fontaine-Bellenger;828;698;674;224;100;157;108;38;3;25;5;8;4;2;0;130;11;33.23;14.84;23.29;16.02;5.64;0.45;3.71;0.74;1.19;0.59;0.3;0;15.7;1.63
27251;27;Fontaine-l'Abbé;409;333;324;119;51;52;62;18;3;16;1;2;0;0;0;76;1;36.73;15.74;16.05;19.14;5.56;0.93;4.94;0.31;0.62;0;0;0;18.58;0.31
27252;27;Fontaine-la-Louvet;259;220;213;86;15;34;47;11;4;10;2;2;2;0;0;39;1;40.38;7.04;15.96;22.07;5.16;1.88;4.69;0.94;0.94;0.94;0;0;15.06;0.47
27254;27;Fontaine-sous-Jouy;687;565;549;136;57;143;141;25;3;21;12;3;8;0;0;122;3;24.77;10.38;26.05;25.68;4.55;0.55;3.83;2.19;0.55;1.46;0;0;17.76;0.55
27256;27;La Forêt-du-Parc;434;362;358;126;51;64;67;30;4;7;2;3;4;0;0;72;1;35.2;14.25;17.88;18.72;8.38;1.12;1.96;0.56;0.84;1.12;0;0;16.59;0.28
27258;27;Fort-Moville;371;306;300;107;29;38;86;21;1;12;0;3;2;1;0;65;2;35.67;9.67;12.67;28.67;7;0.33;4;0;1;0.67;0.33;0;17.52;0.67
27259;27;Foucrainville;69;60;55;10;8;17;14;2;0;3;1;0;0;0;0;9;3;18.18;14.55;30.91;25.45;3.64;0;5.45;1.82;0;0;0;0;13.04;5.45
27260;27;Foulbec;479;396;386;142;48;77;61;21;5;19;3;6;4;0;0;83;5;36.79;12.44;19.95;15.8;5.44;1.3;4.92;0.78;1.55;1.04;0;0;17.33;1.3
27261;27;Fouqueville;370;301;297;78;51;54;65;23;5;12;1;2;4;2;0;69;0;26.26;17.17;18.18;21.89;7.74;1.68;4.04;0.34;0.67;1.35;0.67;0;18.65;0
27263;27;Fourmetot;520;446;437;137;72;74;96;26;4;21;3;3;1;0;0;74;2;31.35;16.48;16.93;21.97;5.95;0.92;4.81;0.69;0.69;0.23;0;0;14.23;0.46
27266;27;Franqueville;240;208;200;96;36;17;19;15;1;10;1;5;0;0;0;32;0;48;18;8.5;9.5;7.5;0.5;5;0.5;2.5;0;0;0;13.33;0
27267;27;Freneuse-sur-Risle;316;262;255;65;50;44;59;11;4;13;2;3;4;0;0;54;6;25.49;19.61;17.25;23.14;4.31;1.57;5.1;0.78;1.18;1.57;0;0;17.09;2.35
27268;27;Le Fresne;277;231;227;55;33;45;51;13;6;13;3;3;4;1;0;46;4;24.23;14.54;19.82;22.47;5.73;2.64;5.73;1.32;1.32;1.76;0.44;0;16.61;1.76
27269;27;Fresne-Cauverville;163;144;142;45;20;19;31;18;1;2;2;2;2;0;0;19;0;31.69;14.08;13.38;21.83;12.68;0.7;1.41;1.41;1.41;1.41;0;0;11.66;0
27270;27;Fresne-l'Archevêque;397;326;320;124;61;38;55;17;4;10;2;5;4;0;0;71;6;38.75;19.06;11.88;17.19;5.31;1.25;3.13;0.63;1.56;1.25;0;0;17.88;1.88
27271;27;Fresney;241;188;185;90;24;19;37;12;0;1;0;0;2;0;0;53;3;48.65;12.97;10.27;20;6.49;0;0.54;0;0;1.08;0;0;21.99;1.62
27273;27;Gadencourt;304;274;272;69;36;52;70;24;4;11;2;0;3;1;0;30;1;25.37;13.24;19.12;25.74;8.82;1.47;4.04;0.74;0;1.1;0.37;0;9.87;0.37
27275;27;Gaillon;4236;3148;3084;869;692;663;418;159;15;163;35;39;25;6;0;1088;26;28.18;22.44;21.5;13.55;5.16;0.49;5.29;1.13;1.26;0.81;0.19;0;25.68;0.84
27276;27;Gamaches-en-Vexin;257;211;209;58;45;40;43;9;3;4;0;6;0;1;0;46;0;27.75;21.53;19.14;20.57;4.31;1.44;1.91;0;2.87;0;0.48;0;17.9;0
27277;27;La Baronnie;518;446;436;151;51;90;83;30;4;20;1;4;1;1;0;72;9;34.63;11.7;20.64;19.04;6.88;0.92;4.59;0.23;0.92;0.23;0.23;0;13.9;2.06
27278;27;Garennes-sur-Eure;1273;1089;1058;342;169;217;185;78;8;21;15;9;14;0;0;184;8;32.33;15.97;20.51;17.49;7.37;0.76;1.98;1.42;0.85;1.32;0;0;14.45;0.76
27279;27;Gasny;2578;1923;1892;702;309;322;295;118;16;73;17;27;11;2;0;655;11;37.1;16.33;17.02;15.59;6.24;0.85;3.86;0.9;1.43;0.58;0.11;0;25.41;0.58
27280;27;Gauciel;343;301;291;102;41;54;55;13;3;13;1;6;3;0;0;42;8;35.05;14.09;18.56;18.9;4.47;1.03;4.47;0.34;2.06;1.03;0;0;12.24;2.75
27281;27;Gaudreville-la-Rivière;203;164;161;48;27;31;35;11;1;4;1;2;1;0;0;39;3;29.81;16.77;19.25;21.74;6.83;0.62;2.48;0.62;1.24;0.62;0;0;19.21;1.86
27282;27;Gauville-la-Campagne;474;410;400;86;68;85;86;33;0;31;4;6;0;1;0;64;0;21.5;17;21.25;21.5;8.25;0;7.75;1;1.5;0;0.25;0;13.5;0
27284;27;Gisors;8022;5975;5802;1786;1217;1073;934;263;48;272;57;84;57;11;0;2047;43;30.78;20.98;18.49;16.1;4.53;0.83;4.69;0.98;1.45;0.98;0.19;0;25.52;0.74
27285;27;Giverny;405;370;367;60;68;68;118;18;5;22;4;2;1;1;0;35;2;16.35;18.53;18.53;32.15;4.9;1.36;5.99;1.09;0.54;0.27;0.27;0;8.64;0.54
27286;27;Giverville;257;214;213;74;37;31;45;14;1;6;3;0;2;0;0;43;0;34.74;17.37;14.55;21.13;6.57;0.47;2.82;1.41;0;0.94;0;0;16.73;0
27287;27;Glisolles;669;543;525;119;104;114;95;29;3;35;7;8;11;0;0;126;3;22.67;19.81;21.71;18.1;5.52;0.57;6.67;1.33;1.52;2.1;0;0;18.83;0.57
27288;27;Glos-sur-Risle;436;375;364;118;115;43;39;26;3;15;0;3;1;1;0;61;2;32.42;31.59;11.81;10.71;7.14;0.82;4.12;0;0.82;0.27;0.27;0;13.99;0.55
27289;27;La Goulafrière;136;112;109;39;11;20;27;3;2;3;2;1;1;0;0;24;0;35.78;10.09;18.35;24.77;2.75;1.83;2.75;1.83;0.92;0.92;0;0;17.65;0
27290;27;Goupillières;622;550;533;212;88;88;76;30;8;17;2;5;4;3;0;72;4;39.77;16.51;16.51;14.26;5.63;1.5;3.19;0.38;0.94;0.75;0.56;0;11.58;0.75
27291;27;Gournay-le-Guérin;117;104;100;26;13;11;39;8;0;2;0;1;0;0;0;13;0;26;13;11;39;8;0;2;0;1;0;0;0;11.11;0
27294;27;Val d'Orger;734;606;582;229;76;88;103;37;1;26;5;5;11;1;0;128;7;39.35;13.06;15.12;17.7;6.36;0.17;4.47;0.86;0.86;1.89;0.17;0;17.44;1.2
27295;27;Grand-Camp;368;324;313;92;44;53;82;21;0;13;3;5;0;0;0;44;0;29.39;14.06;16.93;26.2;6.71;0;4.15;0.96;1.6;0;0;0;11.96;0
27297;27;Grandvilliers;263;231;226;82;22;33;57;15;6;6;2;2;1;0;0;32;1;36.28;9.73;14.6;25.22;6.64;2.65;2.65;0.88;0.88;0.44;0;0;12.17;0.44
27298;27;Graveron-Sémerville;257;221;216;71;43;42;37;6;2;9;0;1;4;1;0;36;1;32.87;19.91;19.44;17.13;2.78;0.93;4.17;0;0.46;1.85;0.46;0;14.01;0.46
27299;27;Gravigny;2643;2144;2072;537;465;449;316;103;17;129;15;26;12;3;0;499;20;25.92;22.44;21.67;15.25;4.97;0.82;6.23;0.72;1.25;0.58;0.14;0;18.88;0.97
27300;27;Grosley-sur-Risle;418;343;339;133;53;56;55;15;5;15;3;1;3;0;0;75;2;39.23;15.63;16.52;16.22;4.42;1.47;4.42;0.88;0.29;0.88;0;0;17.94;0.59
27301;27;Grossoeuvre;891;765;748;227;103;145;161;48;4;39;3;6;10;2;0;126;5;30.35;13.77;19.39;21.52;6.42;0.53;5.21;0.4;0.8;1.34;0.27;0;14.14;0.67
27302;27;Le Bosc du Theil;952;779;754;274;121;126;138;53;2;25;3;6;2;4;0;173;25;36.34;16.05;16.71;18.3;7.03;0.27;3.32;0.4;0.8;0.27;0.53;0;18.17;3.32
27304;27;Guerny;161;141;140;44;23;24;33;10;1;4;0;1;0;0;0;20;0;31.43;16.43;17.14;23.57;7.14;0.71;2.86;0;0.71;0;0;0;12.42;0
27306;27;Guichainville;2170;1746;1716;380;341;410;331;92;11;107;13;23;8;0;0;424;7;22.14;19.87;23.89;19.29;5.36;0.64;6.24;0.76;1.34;0.47;0;0;19.54;0.41
27307;27;Guiseniers;307;263;259;101;33;40;45;19;1;15;3;1;1;0;0;44;0;39;12.74;15.44;17.37;7.34;0.39;5.79;1.16;0.39;0.39;0;0;14.33;0
27309;27;L'Habit;375;320;314;92;42;65;80;19;2;11;1;2;0;0;0;55;0;29.3;13.38;20.7;25.48;6.05;0.64;3.5;0.32;0.64;0;0;0;14.67;0
27310;27;Hacqueville;339;275;263;93;44;48;37;15;4;12;4;3;3;0;0;64;4;35.36;16.73;18.25;14.07;5.7;1.52;4.56;1.52;1.14;1.14;0;0;18.88;1.52
27311;27;Harcourt;611;524;514;186;80;78;96;34;4;19;3;7;6;1;0;87;0;36.19;15.56;15.18;18.68;6.61;0.78;3.7;0.58;1.36;1.17;0.19;0;14.24;0
27312;27;Hardencourt-Cocherel;243;200;193;47;26;39;48;11;3;16;3;0;0;0;0;43;2;24.35;13.47;20.21;24.87;5.7;1.55;8.29;1.55;0;0;0;0;17.7;1.04
27313;27;La Harengère;420;365;353;108;65;66;54;32;2;16;1;5;3;1;0;55;2;30.59;18.41;18.7;15.3;9.07;0.57;4.53;0.28;1.42;0.85;0.28;0;13.1;0.57
27315;27;Harquency;239;204;197;76;26;34;37;7;1;11;2;2;1;0;0;35;1;38.58;13.2;17.26;18.78;3.55;0.51;5.58;1.02;1.02;0.51;0;0;14.64;0.51
27316;27;Hauville;1019;863;840;245;140;183;128;60;10;45;7;12;7;3;0;156;4;29.17;16.67;21.79;15.24;7.14;1.19;5.36;0.83;1.43;0.83;0.36;0;15.31;0.48
27317;27;La Haye-Aubrée;372;324;314;118;57;45;42;23;2;14;7;1;5;0;0;48;3;37.58;18.15;14.33;13.38;7.32;0.64;4.46;2.23;0.32;1.59;0;0;12.9;0.96
27318;27;La Haye-de-Calleville;235;193;189;74;35;14;45;12;2;3;2;1;1;0;0;42;0;39.15;18.52;7.41;23.81;6.35;1.06;1.59;1.06;0.53;0.53;0;0;17.87;0
27319;27;La Haye-de-Routot;243;214;206;66;47;34;24;19;1;11;3;0;1;0;0;29;2;32.04;22.82;16.5;11.65;9.22;0.49;5.34;1.46;0;0.49;0;0;11.93;0.97
27320;27;La Haye-du-Theil;245;201;193;81;26;22;33;9;0;10;5;2;5;0;0;44;2;41.97;13.47;11.4;17.1;4.66;0;5.18;2.59;1.04;2.59;0;0;17.96;1.04
27321;27;La Haye-le-Comte;135;118;114;19;6;32;32;7;1;9;5;3;0;0;0;17;1;16.67;5.26;28.07;28.07;6.14;0.88;7.89;4.39;2.63;0;0;0;12.59;0.88
27322;27;La Haye-Malherbe;1136;946;913;283;180;156;155;56;5;45;7;18;6;2;0;190;3;31;19.72;17.09;16.98;6.13;0.55;4.93;0.77;1.97;0.66;0.22;0;16.73;0.33
27323;27;La Haye-Saint-Sylvestre;194;165;160;62;12;21;42;12;0;3;0;2;5;1;0;29;1;38.75;7.5;13.13;26.25;7.5;0;1.88;0;1.25;3.13;0.63;0;14.95;0.63
27324;27;Hébécourt;446;377;369;114;72;54;70;33;4;16;1;1;3;1;0;69;0;30.89;19.51;14.63;18.97;8.94;1.08;4.34;0.27;0.27;0.81;0.27;0;15.47;0
27325;27;Hecmanville;105;89;85;38;15;9;16;3;0;0;0;2;2;0;0;16;2;44.71;17.65;10.59;18.82;3.53;0;0;0;2.35;2.35;0;0;15.24;2.35
27326;27;Hécourt;292;241;237;61;22;51;71;13;1;13;1;1;2;1;0;51;0;25.74;9.28;21.52;29.96;5.49;0.42;5.49;0.42;0.42;0.84;0.42;0;17.47;0
27327;27;Hectomare;194;162;159;67;14;18;35;12;1;6;1;4;1;0;0;32;2;42.14;8.81;11.32;22.01;7.55;0.63;3.77;0.63;2.52;0.63;0;0;16.49;1.26
27329;27;Hennezis;637;519;498;186;77;92;89;18;5;14;7;5;3;2;0;118;20;37.35;15.46;18.47;17.87;3.61;1;2.81;1.41;1;0.6;0.4;0;18.52;4.02
27330;27;Herqueville;104;84;83;18;25;17;14;3;1;3;0;2;0;0;0;20;0;21.69;30.12;20.48;16.87;3.61;1.2;3.61;0;2.41;0;0;0;19.23;0
27331;27;Heubécourt-Haricourt;391;300;289;112;27;34;63;19;7;18;3;1;4;1;0;91;1;38.75;9.34;11.76;21.8;6.57;2.42;6.23;1.04;0.35;1.38;0.35;0;23.27;0.35
27332;27;Heudebouville;612;522;509;119;85;106;129;21;1;27;4;9;8;0;0;90;3;23.38;16.7;20.83;25.34;4.13;0.2;5.3;0.79;1.77;1.57;0;0;14.71;0.59
27333;27;Heudicourt;471;392;384;187;50;54;51;23;1;10;1;3;3;1;0;79;1;48.7;13.02;14.06;13.28;5.99;0.26;2.6;0.26;0.78;0.78;0.26;0;16.77;0.26
27334;27;Heudreville-en-Lieuvin;99;88;87;24;11;22;12;12;1;4;0;1;0;0;0;11;0;27.59;12.64;25.29;13.79;13.79;1.15;4.6;0;1.15;0;0;0;11.11;0
27335;27;Heudreville-sur-Eure;830;688;673;197;93;139;144;36;9;25;6;16;6;2;0;142;3;29.27;13.82;20.65;21.4;5.35;1.34;3.71;0.89;2.38;0.89;0.3;0;17.11;0.45
27336;27;La Heunière;258;223;218;71;31;52;39;14;1;6;2;2;0;0;0;35;1;32.57;14.22;23.85;17.89;6.42;0.46;2.75;0.92;0.92;0;0;0;13.57;0.46
27337;27;Heuqueville;306;258;251;87;31;46;52;18;1;10;2;3;1;0;0;48;1;34.66;12.35;18.33;20.72;7.17;0.4;3.98;0.8;1.2;0.4;0;0;15.69;0.4
27338;27;Les Hogues;477;414;406;137;55;77;82;15;3;24;2;7;3;1;0;63;4;33.74;13.55;18.97;20.2;3.69;0.74;5.91;0.49;1.72;0.74;0.25;0;13.21;0.99
27339;27;Hondouville;687;578;562;157;107;104;107;30;7;29;4;10;7;0;0;109;8;27.94;19.04;18.51;19.04;5.34;1.25;5.16;0.71;1.78;1.25;0;0;15.87;1.42
27340;27;Honguemare-Guenouville;530;451;442;135;61;80;96;40;5;16;2;1;5;1;0;79;2;30.54;13.8;18.1;21.72;9.05;1.13;3.62;0.45;0.23;1.13;0.23;0;14.91;0.45
27341;27;L'Hosmes;92;76;76;17;3;22;26;2;0;6;0;0;0;0;0;16;0;22.37;3.95;28.95;34.21;2.63;0;7.89;0;0;0;0;0;17.39;0
27342;27;Houetteville;173;150;149;57;22;34;28;5;0;0;1;2;0;0;0;23;0;38.26;14.77;22.82;18.79;3.36;0;0;0.67;1.34;0;0;0;13.29;0
27343;27;Houlbec-Cocherel;1126;955;926;180;123;225;283;62;6;37;4;5;1;0;0;171;4;19.44;13.28;24.3;30.56;6.7;0.65;4;0.43;0.54;0.11;0;0;15.19;0.43
27345;27;La Houssaye;195;169;161;38;18;40;46;10;1;7;0;0;1;0;0;26;0;23.6;11.18;24.84;28.57;6.21;0.62;4.35;0;0;0.62;0;0;13.33;0
27346;27;Houville-en-Vexin;156;132;128;63;23;14;18;4;0;1;2;2;1;0;0;24;0;49.22;17.97;10.94;14.06;3.13;0;0.78;1.56;1.56;0.78;0;0;15.38;0
27347;27;Huest;609;522;511;104;85;140;105;31;2;32;5;4;3;0;0;87;1;20.35;16.63;27.4;20.55;6.07;0.39;6.26;0.98;0.78;0.59;0;0;14.29;0.2
27348;27;Igoville;1265;1089;1063;329;248;215;135;60;4;45;8;8;8;3;0;176;3;30.95;23.33;20.23;12.7;5.64;0.38;4.23;0.75;0.75;0.75;0.28;0;13.91;0.28
27349;27;Illeville-sur-Montfort;694;584;569;220;110;89;75;28;2;28;5;8;4;0;0;110;6;38.66;19.33;15.64;13.18;4.92;0.35;4.92;0.88;1.41;0.7;0;0;15.85;1.05
27350;27;Illiers-l'Evêque;740;588;574;173;87;117;126;31;6;17;7;6;3;1;0;152;3;30.14;15.16;20.38;21.95;5.4;1.05;2.96;1.22;1.05;0.52;0.17;0;20.54;0.52
27351;27;Incarville;1105;945;916;260;169;209;137;61;6;48;5;10;9;2;0;160;10;28.38;18.45;22.82;14.96;6.66;0.66;5.24;0.55;1.09;0.98;0.22;0;14.48;1.09
27353;27;Irreville;343;301;293;100;52;53;42;21;2;12;5;4;1;1;0;42;2;34.13;17.75;18.09;14.33;7.17;0.68;4.1;1.71;1.37;0.34;0.34;0;12.24;0.68
27354;27;Iville;409;312;306;102;54;47;65;20;0;10;3;4;0;1;0;97;1;33.33;17.65;15.36;21.24;6.54;0;3.27;0.98;1.31;0;0.33;0;23.72;0.33
27355;27;Ivry-la-Bataille;1686;1357;1323;434;220;223;260;69;10;66;15;10;13;3;0;329;9;32.8;16.63;16.86;19.65;5.22;0.76;4.99;1.13;0.76;0.98;0.23;0;19.51;0.68
27358;27;Jouy-sur-Eure;455;404;395;97;40;101;110;28;2;12;0;3;1;1;0;51;9;24.56;10.13;25.57;27.85;7.09;0.51;3.04;0;0.76;0.25;0.25;0;11.21;2.28
27359;27;Juignettes;160;130;128;48;13;12;44;4;1;2;2;1;0;1;0;30;1;37.5;10.16;9.38;34.38;3.13;0.78;1.56;1.56;0.78;0;0.78;0;18.75;0.78
27360;27;Jumelles;221;184;180;78;27;24;26;7;2;12;1;1;1;1;0;37;1;43.33;15;13.33;14.44;3.89;1.11;6.67;0.56;0.56;0.56;0.56;0;16.74;0.56
27361;27;La Lande-Saint-Léger;243;205;200;58;26;30;59;13;1;4;3;4;2;0;0;38;2;29;13;15;29.5;6.5;0.5;2;1.5;2;1;0;0;15.64;1
27363;27;Le Landin;163;133;132;30;26;27;31;8;2;7;0;1;0;0;0;30;1;22.73;19.7;20.45;23.48;6.06;1.52;5.3;0;0.76;0;0;0;18.4;0.76
27364;27;Launay;168;147;145;62;23;27;20;7;0;3;3;0;0;0;0;21;0;42.76;15.86;18.62;13.79;4.83;0;2.07;2.07;0;0;0;0;12.5;0
27365;27;Léry;1527;1131;1101;279;287;222;165;43;9;65;8;17;5;1;0;396;2;25.34;26.07;20.16;14.99;3.91;0.82;5.9;0.73;1.54;0.45;0.09;0;25.93;0.18
27366;27;Letteguives;173;149;145;38;33;40;24;1;0;3;1;4;1;0;0;24;2;26.21;22.76;27.59;16.55;0.69;0;2.07;0.69;2.76;0.69;0;0;13.87;1.38
27367;27;Lieurey;1085;877;858;300;107;151;177;64;9;35;2;6;7;0;0;208;6;34.97;12.47;17.6;20.63;7.46;1.05;4.08;0.23;0.7;0.82;0;0;19.17;0.7
27368;27;Lignerolles;249;200;198;72;33;20;37;18;1;8;5;3;1;0;0;49;0;36.36;16.67;10.1;18.69;9.09;0.51;4.04;2.53;1.52;0.51;0;0;19.68;0
27369;27;Lilly;79;71;70;20;8;7;24;4;1;2;0;3;1;0;0;8;0;28.57;11.43;10;34.29;5.71;1.43;2.86;0;4.29;1.43;0;0;10.13;0
27370;27;Lisors;267;221;217;78;36;22;49;12;1;9;4;4;2;0;0;46;1;35.94;16.59;10.14;22.58;5.53;0.46;4.15;1.84;1.84;0.92;0;0;17.23;0.46
27371;27;Livet-sur-Authou;149;123;122;40;17;20;26;6;2;4;2;4;0;1;0;26;0;32.79;13.93;16.39;21.31;4.92;1.64;3.28;1.64;3.28;0;0.82;0;17.45;0
27372;27;Longchamps;448;389;376;161;61;54;56;16;6;10;3;4;5;0;0;59;4;42.82;16.22;14.36;14.89;4.26;1.6;2.66;0.8;1.06;1.33;0;0;13.17;1.06
27373;27;Lorleau;120;106;106;44;9;12;30;4;1;5;0;1;0;0;0;14;0;41.51;8.49;11.32;28.3;3.77;0.94;4.72;0;0.94;0;0;0;11.67;0
27374;27;Louversey;428;349;340;117;61;57;63;17;5;12;3;0;5;0;0;79;5;34.41;17.94;16.76;18.53;5;1.47;3.53;0.88;0;1.47;0;0;18.46;1.47
27375;27;Louviers;11490;8155;7925;1874;1642;1816;1270;403;63;557;91;132;64;13;0;3335;70;23.65;20.72;22.91;16.03;5.09;0.79;7.03;1.15;1.67;0.81;0.16;0;29.03;0.88
27376;27;Louye;193;162;161;35;23;25;55;11;2;8;0;1;1;0;0;31;0;21.74;14.29;15.53;34.16;6.83;1.24;4.97;0;0.62;0.62;0;0;16.06;0
27377;27;Lyons-la-Forêt;646;535;526;130;59;105;172;18;7;22;2;7;4;0;0;111;3;24.71;11.22;19.96;32.7;3.42;1.33;4.18;0.38;1.33;0.76;0;0;17.18;0.57
27378;27;La Madeleine-de-Nonancourt;963;745;732;224;102;154;154;50;4;27;4;7;5;1;0;218;2;30.6;13.93;21.04;21.04;6.83;0.55;3.69;0.55;0.96;0.68;0.14;0;22.64;0.27
27379;27;Mainneville;313;263;256;85;43;40;60;8;4;7;3;4;2;0;0;50;0;33.2;16.8;15.63;23.44;3.13;1.56;2.73;1.17;1.56;0.78;0;0;15.97;0
27380;27;Malleville-sur-le-Bec;169;148;146;45;13;29;38;10;0;4;2;1;4;0;0;21;1;30.82;8.9;19.86;26.03;6.85;0;2.74;1.37;0.68;2.74;0;0;12.43;0.68
27381;27;Malouy;114;103;99;37;14;15;22;3;1;2;2;2;1;0;0;11;0;37.37;14.14;15.15;22.22;3.03;1.01;2.02;2.02;2.02;1.01;0;0;9.65;0
27382;27;Mandeville;257;214;206;45;50;47;31;19;0;7;2;2;3;0;0;43;6;21.84;24.27;22.82;15.05;9.22;0;3.4;0.97;0.97;1.46;0;0;16.73;2.91
27383;27;Mandres;294;253;243;84;42;37;47;15;1;12;1;2;1;1;0;41;2;34.57;17.28;15.23;19.34;6.17;0.41;4.94;0.41;0.82;0.41;0.41;0;13.95;0.82
27384;27;Manneville-la-Raoult;427;350;341;85;59;56;87;21;3;19;4;4;3;0;0;77;1;24.93;17.3;16.42;25.51;6.16;0.88;5.57;1.17;1.17;0.88;0;0;18.03;0.29
27385;27;Manneville-sur-Risle;1098;915;885;249;175;185;156;39;5;41;17;12;6;0;0;183;26;28.14;19.77;20.9;17.63;4.41;0.56;4.63;1.92;1.36;0.68;0;0;16.67;2.94
27386;27;Le Manoir;827;676;653;256;156;94;48;46;5;28;5;7;7;1;0;151;5;39.2;23.89;14.4;7.35;7.04;0.77;4.29;0.77;1.07;1.07;0.15;0;18.26;0.77
27388;27;Marais-Vernier;405;319;313;88;43;60;75;19;2;14;5;3;4;0;0;86;5;28.12;13.74;19.17;23.96;6.07;0.64;4.47;1.6;0.96;1.28;0;0;21.23;1.6
27389;27;Marbeuf;336;288;280;119;40;55;47;12;1;4;0;1;0;1;0;48;1;42.5;14.29;19.64;16.79;4.29;0.36;1.43;0;0.36;0;0.36;0;14.29;0.36
27390;27;Marcilly-la-Campagne;735;655;637;253;62;107;133;35;3;28;8;3;3;2;0;80;5;39.72;9.73;16.8;20.88;5.49;0.47;4.4;1.26;0.47;0.47;0.31;0;10.88;0.78
27391;27;Marcilly-sur-Eure;1163;935;906;327;137;166;150;55;6;37;4;14;10;0;0;228;5;36.09;15.12;18.32;16.56;6.07;0.66;4.08;0.44;1.55;1.1;0;0;19.6;0.55
27392;27;Martagny;109;87;83;21;13;15;29;1;1;3;0;0;0;0;0;22;1;25.3;15.66;18.07;34.94;1.2;1.2;3.61;0;0;0;0;0;20.18;1.2
27393;27;Martainville;310;262;251;86;32;51;45;17;1;9;7;1;2;0;0;48;0;34.26;12.75;20.32;17.93;6.77;0.4;3.59;2.79;0.4;0.8;0;0;15.48;0
27394;27;Martot;335;291;284;80;38;60;66;22;4;8;0;4;2;0;0;44;0;28.17;13.38;21.13;23.24;7.75;1.41;2.82;0;1.41;0.7;0;0;13.13;0
27395;27;Mélicourt;80;64;64;15;9;9;19;5;3;1;2;0;1;0;0;16;0;23.44;14.06;14.06;29.69;7.81;4.69;1.56;3.13;0;1.56;0;0;20;0
27396;27;Ménesqueville;339;295;290;115;73;32;40;11;2;6;2;2;7;0;0;44;0;39.66;25.17;11.03;13.79;3.79;0.69;2.07;0.69;0.69;2.41;0;0;12.98;0
27397;27;Ménilles;1260;1047;1020;298;156;226;223;51;6;32;9;8;9;2;0;213;5;29.22;15.29;22.16;21.86;5;0.59;3.14;0.88;0.78;0.88;0.2;0;16.9;0.49
27398;27;Menneval;1045;896;878;197;125;226;210;55;3;40;4;9;6;3;0;149;6;22.44;14.24;25.74;23.92;6.26;0.34;4.56;0.46;1.03;0.68;0.34;0;14.26;0.68
27399;27;Mercey;39;36;35;7;8;7;10;0;0;2;1;0;0;0;0;3;0;20;22.86;20;28.57;0;0;5.71;2.86;0;0;0;0;7.69;0
27400;27;Merey;290;230;225;58;21;57;59;19;0;7;2;1;1;0;0;60;2;25.78;9.33;25.33;26.22;8.44;0;3.11;0.89;0.44;0.44;0;0;20.69;0.89
27401;27;Le Mesnil-Fuguet;144;131;131;26;27;39;32;1;1;4;1;0;0;0;0;13;0;19.85;20.61;29.77;24.43;0.76;0.76;3.05;0.76;0;0;0;0;9.03;0
27402;27;Le Mesnil-Hardray;44;40;40;11;4;5;17;1;1;0;0;1;0;0;0;4;0;27.5;10;12.5;42.5;2.5;2.5;0;0;2.5;0;0;0;9.09;0
27403;27;Le Mesnil-Jourdain;234;197;194;45;28;31;59;8;1;13;6;2;1;0;0;37;1;23.2;14.43;15.98;30.41;4.12;0.52;6.7;3.09;1.03;0.52;0;0;15.81;0.52
27404;27;Mesnil-Rousset;90;77;77;29;8;13;20;2;0;3;0;1;1;0;0;13;0;37.66;10.39;16.88;25.97;2.6;0;3.9;0;1.3;1.3;0;0;14.44;0
27405;27;Mesnil-sous-Vienne;122;94;91;21;7;18;27;6;3;4;2;2;0;1;0;28;1;23.08;7.69;19.78;29.67;6.59;3.3;4.4;2.2;2.2;0;1.1;0;22.95;1.1
27406;27;Mesnil-sur-l'Estrée;836;593;576;156;93;120;110;29;12;33;5;10;8;0;0;243;1;27.08;16.15;20.83;19.1;5.03;2.08;5.73;0.87;1.74;1.39;0;0;29.07;0.17
27407;27;Mesnil-Verclives;254;207;204;95;17;13;49;19;0;6;1;1;3;0;0;47;0;46.57;8.33;6.37;24.02;9.31;0;2.94;0.49;0.49;1.47;0;0;18.5;0
27408;27;Mézières-en-Vexin;470;393;383;146;43;73;65;23;1;15;9;6;2;0;0;77;4;38.12;11.23;19.06;16.97;6.01;0.26;3.92;2.35;1.57;0.52;0;0;16.38;1.04
27410;27;Miserey;392;338;325;122;22;62;69;26;2;16;2;2;1;1;0;54;6;37.54;6.77;19.08;21.23;8;0.62;4.92;0.62;0.62;0.31;0.31;0;13.78;1.85
27411;27;Moisville;167;141;139;51;21;21;27;11;2;4;0;0;1;1;0;26;0;36.69;15.11;15.11;19.42;7.91;1.44;2.88;0;0;0.72;0.72;0;15.57;0
27412;27;Terres de Bord;1144;1007;984;255;228;213;144;53;9;53;10;16;3;0;0;137;6;25.91;23.17;21.65;14.63;5.39;0.91;5.39;1.02;1.63;0.3;0;0;11.98;0.61
27413;27;Montfort-sur-Risle;643;483;473;151;100;70;90;23;3;14;8;8;5;1;0;160;2;31.92;21.14;14.8;19.03;4.86;0.63;2.96;1.69;1.69;1.06;0.21;0;24.88;0.42
27414;27;Montreuil-l'Argillé;575;442;433;133;51;78;94;29;4;20;3;17;4;0;0;133;3;30.72;11.78;18.01;21.71;6.7;0.92;4.62;0.69;3.93;0.92;0;0;23.13;0.69
27415;27;Morainville-Jouveaux;342;293;288;71;27;65;83;25;1;13;2;1;0;0;0;49;0;24.65;9.38;22.57;28.82;8.68;0.35;4.51;0.69;0.35;0;0;0;14.33;0
27416;27;Buis-sur-Damville;713;609;591;194;73;116;134;24;8;22;8;5;6;1;0;104;1;32.83;12.35;19.63;22.67;4.06;1.35;3.72;1.35;0.85;1.02;0.17;0;14.59;0.17
27417;27;Morgny;466;389;381;149;45;62;78;21;6;11;2;4;3;0;0;77;2;39.11;11.81;16.27;20.47;5.51;1.57;2.89;0.52;1.05;0.79;0;0;16.52;0.52
27418;27;Morsan;100;83;81;15;15;8;28;8;1;0;4;1;1;0;0;17;1;18.52;18.52;9.88;34.57;9.88;1.23;0;4.94;1.23;1.23;0;0;17;1.23
27419;27;Mouettes;588;461;451;170;81;65;64;36;5;16;7;5;2;0;0;127;2;37.69;17.96;14.41;14.19;7.98;1.11;3.55;1.55;1.11;0.44;0;0;21.6;0.44
27420;27;Mouflaines;129;110;110;45;14;13;21;11;2;3;1;0;0;0;0;19;0;40.91;12.73;11.82;19.09;10;1.82;2.73;0.91;0;0;0;0;14.73;0
27421;27;Mousseaux-Neuville;487;413;402;149;55;66;69;27;4;21;0;7;3;1;0;74;1;37.06;13.68;16.42;17.16;6.72;1;5.22;0;1.74;0.75;0.25;0;15.2;0.25
27422;27;Muids;724;592;563;174;65;119;105;45;4;36;6;4;3;2;0;132;5;30.91;11.55;21.14;18.65;7.99;0.71;6.39;1.07;0.71;0.53;0.36;0;18.23;0.89
27423;27;Muzy;656;541;530;167;84;99;118;26;12;15;4;3;2;0;0;115;9;31.51;15.85;18.68;22.26;4.91;2.26;2.83;0.75;0.57;0.38;0;0;17.53;1.7
27424;27;Nagel-Séez-Mesnil;241;213;208;83;19;35;49;8;2;5;1;6;0;0;0;28;2;39.9;9.13;16.83;23.56;3.85;0.96;2.4;0.48;2.88;0;0;0;11.62;0.96
27425;27;Nassandres sur Risle;1824;1500;1457;452;285;288;205;96;15;66;9;18;16;7;0;324;11;31.02;19.56;19.77;14.07;6.59;1.03;4.53;0.62;1.24;1.1;0.48;0;17.76;0.75
27426;27;Neaufles-Saint-Martin;977;831;815;256;127;144;176;46;13;29;6;14;4;0;0;146;3;31.41;15.58;17.67;21.6;5.64;1.6;3.56;0.74;1.72;0.49;0;0;14.94;0.37
27427;27;Neaufles-Auvergny;336;253;244;79;35;50;54;10;3;8;1;3;1;0;0;83;7;32.38;14.34;20.49;22.13;4.1;1.23;3.28;0.41;1.23;0.41;0;0;24.7;2.87
27428;27;Le Neubourg;2906;2275;2213;675;288;442;508;108;14;116;15;25;18;4;0;631;15;30.5;13.01;19.97;22.96;4.88;0.63;5.24;0.68;1.13;0.81;0.18;0;21.71;0.68
27429;27;Neuilly;139;120;119;24;22;18;30;8;0;13;1;2;1;0;0;19;0;20.17;18.49;15.13;25.21;6.72;0;10.92;0.84;1.68;0.84;0;0;13.67;0
27430;27;La Neuve-Grange;228;191;186;88;18;31;24;10;0;10;0;4;1;0;0;37;1;47.31;9.68;16.67;12.9;5.38;0;5.38;0;2.15;0.54;0;0;16.23;0.54
27431;27;La Neuve-Lyre;374;309;305;91;38;54;72;20;2;15;2;9;1;1;0;65;0;29.84;12.46;17.7;23.61;6.56;0.66;4.92;0.66;2.95;0.33;0.33;0;17.38;0
27432;27;La Neuville-du-Bosc;421;348;337;111;78;54;45;15;3;19;4;4;4;0;0;73;1;32.94;23.15;16.02;13.35;4.45;0.89;5.64;1.19;1.19;1.19;0;0;17.34;0.3
27433;27;Neuville-sur-Authou;123;92;91;45;8;13;12;1;1;4;0;3;3;1;0;31;1;49.45;8.79;14.29;13.19;1.1;1.1;4.4;0;3.3;3.3;1.1;0;25.2;1.1
27434;27;Noards;48;36;33;13;3;3;10;0;1;1;0;2;0;0;0;12;1;39.39;9.09;9.09;30.3;0;3.03;3.03;0;6.06;0;0;0;25;3.03
27435;27;La Noë-Poulain;175;144;141;38;22;33;33;5;0;5;3;2;0;0;0;31;1;26.95;15.6;23.4;23.4;3.55;0;3.55;2.13;1.42;0;0;0;17.71;0.71
27436;27;Nogent-le-Sec;317;274;265;86;30;61;58;14;0;11;3;1;1;0;0;43;7;32.45;11.32;23.02;21.89;5.28;0;4.15;1.13;0.38;0.38;0;0;13.56;2.64
27437;27;Nojeon-en-Vexin;271;211;208;103;38;19;24;4;2;13;0;4;1;0;0;60;0;49.52;18.27;9.13;11.54;1.92;0.96;6.25;0;1.92;0.48;0;0;22.14;0
27438;27;Nonancourt;1349;1040;1023;307;180;224;181;39;7;41;14;10;15;5;0;309;5;30.01;17.6;21.9;17.69;3.81;0.68;4.01;1.37;0.98;1.47;0.49;0;22.91;0.49
27439;27;Normanville;854;720;700;167;102;155;163;34;4;55;5;7;5;3;0;134;7;23.86;14.57;22.14;23.29;4.86;0.57;7.86;0.71;1;0.71;0.43;0;15.69;1
27440;27;Notre-Dame-de-l'Isle;609;497;487;135;69;113;107;23;4;24;6;3;3;0;0;112;3;27.72;14.17;23.2;21.97;4.72;0.82;4.93;1.23;0.62;0.62;0;0;18.39;0.62
27441;27;Notre-Dame-d'Epine;71;51;50;16;6;13;13;2;0;0;0;0;0;0;0;20;1;32;12;26;26;4;0;0;0;0;0;0;0;28.17;2
27442;27;Notre-Dame-du-Hamel;190;161;159;34;29;18;50;17;1;6;1;1;2;0;0;29;0;21.38;18.24;11.32;31.45;10.69;0.63;3.77;0.63;0.63;1.26;0;0;15.26;0
27444;27;Le Noyer-en-Ouche;180;154;152;47;11;23;52;7;0;5;2;2;3;0;0;26;2;30.92;7.24;15.13;34.21;4.61;0;3.29;1.32;1.32;1.97;0;0;14.44;1.32
27445;27;Noyers;140;115;113;39;19;21;20;7;0;6;0;1;0;0;0;25;0;34.51;16.81;18.58;17.7;6.19;0;5.31;0;0.88;0;0;0;17.86;0
27446;27;Ormes;369;314;310;117;26;59;59;20;6;15;0;2;5;1;0;55;1;37.74;8.39;19.03;19.03;6.45;1.94;4.84;0;0.65;1.61;0.32;0;14.91;0.32
27447;27;Orvaux;384;329;317;89;46;60;60;25;1;18;5;5;7;1;0;55;1;28.08;14.51;18.93;18.93;7.89;0.32;5.68;1.58;1.58;2.21;0.32;0;14.32;0.32
27448;27;Pacy-sur-Eure;3757;3019;2956;807;381;638;758;150;13;139;22;25;15;8;0;738;14;27.3;12.89;21.58;25.64;5.07;0.44;4.7;0.74;0.85;0.51;0.27;0;19.64;0.47
27451;27;Parville;259;207;204;38;34;60;40;10;2;12;4;4;0;0;0;52;1;18.63;16.67;29.41;19.61;4.9;0.98;5.88;1.96;1.96;0;0;0;20.08;0.49
27453;27;Perriers-sur-Andelle;1286;1053;1021;373;177;176;159;39;7;58;6;17;7;2;0;233;7;36.53;17.34;17.24;15.57;3.82;0.69;5.68;0.59;1.67;0.69;0.2;0;18.12;0.69
27454;27;Perruel;321;253;250;90;43;42;36;7;6;23;0;1;2;0;0;68;0;36;17.2;16.8;14.4;2.8;2.4;9.2;0;0.4;0.8;0;0;21.18;0
27455;27;Piencourt;135;118;116;31;6;28;31;14;1;1;1;2;1;0;0;17;2;26.72;5.17;24.14;26.72;12.07;0.86;0.86;0.86;1.72;0.86;0;0;12.59;1.72
27456;27;Pinterville;656;542;517;152;83;105;106;36;8;10;2;11;3;1;0;114;18;29.4;16.05;20.31;20.5;6.96;1.55;1.93;0.39;2.13;0.58;0.19;0;17.38;3.48
27457;27;Piseux;561;466;457;154;66;61;114;27;7;13;2;5;8;0;0;95;4;33.7;14.44;13.35;24.95;5.91;1.53;2.84;0.44;1.09;1.75;0;0;16.93;0.88
27458;27;Pîtres;1821;1478;1424;407;389;291;148;69;19;52;15;21;11;2;0;343;10;28.58;27.32;20.44;10.39;4.85;1.33;3.65;1.05;1.47;0.77;0.14;0;18.84;0.7
27459;27;Les Places;63;55;52;8;8;3;14;12;0;2;1;2;2;0;0;8;0;15.38;15.38;5.77;26.92;23.08;0;3.85;1.92;3.85;3.85;0;0;12.7;0
27460;27;Plainville;161;144;139;55;9;17;40;8;0;3;1;6;0;0;0;17;0;39.57;6.47;12.23;28.78;5.76;0;2.16;0.72;4.32;0;0;0;10.56;0
27462;27;Le Planquay;116;97;96;48;4;11;21;7;0;3;0;2;0;0;0;19;1;50;4.17;11.46;21.88;7.29;0;3.13;0;2.08;0;0;0;16.38;1.04
27463;27;Plasnes;555;461;445;140;75;73;93;24;7;22;3;6;2;0;0;94;0;31.46;16.85;16.4;20.9;5.39;1.57;4.94;0.67;1.35;0.45;0;0;16.94;0
27464;27;Le Plessis-Grohan;648;563;546;135;107;119;94;43;6;31;6;3;2;0;0;85;1;24.73;19.6;21.79;17.22;7.88;1.1;5.68;1.1;0.55;0.37;0;0;13.12;0.18
27465;27;Le Plessis-Hébert;346;285;277;66;41;61;64;20;2;17;3;3;0;0;0;61;2;23.83;14.8;22.02;23.1;7.22;0.72;6.14;1.08;1.08;0;0;0;17.63;0.72
27466;27;Le Plessis-Sainte-Opportune;228;188;182;64;26;29;32;17;0;9;1;2;2;0;0;40;2;35.16;14.29;15.93;17.58;9.34;0;4.95;0.55;1.1;1.1;0;0;17.54;1.1
27467;27;Pont-Audemer;5990;4180;4058;1052;866;878;666;167;28;273;28;55;38;7;0;1810;36;25.92;21.34;21.64;16.41;4.12;0.69;6.73;0.69;1.36;0.94;0.17;0;30.22;0.89
27468;27;Pont-Authou;427;332;318;114;53;54;49;16;5;16;0;9;2;0;0;95;4;35.85;16.67;16.98;15.41;5.03;1.57;5.03;0;2.83;0.63;0;0;22.25;1.26
27469;27;Pont-de-l'Arche;3126;2483;2414;708;492;465;364;128;17;163;17;37;21;2;0;643;11;29.33;20.38;19.26;15.08;5.3;0.7;6.75;0.7;1.53;0.87;0.08;0;20.57;0.46
27470;27;Pont-Saint-Pierre;741;635;621;177;131;131;82;34;8;38;3;6;8;3;0;106;2;28.5;21.1;21.1;13.2;5.48;1.29;6.12;0.48;0.97;1.29;0.48;0;14.3;0.32
27471;27;Porte-Joie;130;110;108;21;15;33;26;6;0;7;0;0;0;0;0;20;0;19.44;13.89;30.56;24.07;5.56;0;6.48;0;0;0;0;0;15.38;0
27472;27;Portes;190;166;164;56;29;24;28;8;0;18;1;0;0;0;0;24;0;34.15;17.68;14.63;17.07;4.88;0;10.98;0.61;0;0;0;0;12.63;0
27473;27;Port-Mort;741;649;635;145;100;151;126;40;10;39;7;12;2;3;0;92;3;22.83;15.75;23.78;19.84;6.3;1.57;6.14;1.1;1.89;0.31;0.47;0;12.42;0.47
27474;27;Poses;873;736;728;190;128;149;134;36;5;64;5;12;4;1;0;137;3;26.1;17.58;20.47;18.41;4.95;0.69;8.79;0.69;1.65;0.55;0.14;0;15.69;0.41
27475;27;La Poterie-Mathieu;135;109;106;31;20;14;20;12;2;4;2;0;1;0;0;26;3;29.25;18.87;13.21;18.87;11.32;1.89;3.77;1.89;0;0.94;0;0;19.26;2.83
27476;27;Les Préaux;324;282;274;67;53;76;43;12;0;13;5;2;3;0;0;42;5;24.45;19.34;27.74;15.69;4.38;0;4.74;1.82;0.73;1.09;0;0;12.96;1.82
27477;27;Pressagny-l'Orgueilleux;603;506;493;123;60;104;137;28;8;22;5;3;1;2;0;97;3;24.95;12.17;21.1;27.79;5.68;1.62;4.46;1.01;0.61;0.2;0.41;0;16.09;0.61
27478;27;Prey;738;637;618;147;106;157;126;40;6;20;8;4;1;3;0;101;16;23.79;17.15;25.4;20.39;6.47;0.97;3.24;1.29;0.65;0.16;0.49;0;13.69;2.59
27480;27;Puchay;437;389;379;154;48;48;65;21;3;24;2;6;7;1;0;48;1;40.63;12.66;12.66;17.15;5.54;0.79;6.33;0.53;1.58;1.85;0.26;0;10.98;0.26
27481;27;Pullay;314;264;260;67;38;50;75;17;4;7;1;0;1;0;0;50;3;25.77;14.62;19.23;28.85;6.54;1.54;2.69;0.38;0;0.38;0;0;15.92;1.15
27482;27;La Pyle;122;104;103;37;18;13;26;6;0;0;0;1;2;0;0;18;1;35.92;17.48;12.62;25.24;5.83;0;0;0;0.97;1.94;0;0;14.75;0.97
27483;27;Quatremare;332;271;266;95;35;32;64;19;2;11;1;5;1;1;0;61;0;35.71;13.16;12.03;24.06;7.14;0.75;4.14;0.38;1.88;0.38;0.38;0;18.37;0
27485;27;Quillebeuf-sur-Seine;645;515;503;213;107;77;44;18;4;26;3;8;2;1;0;130;4;42.35;21.27;15.31;8.75;3.58;0.8;5.17;0.6;1.59;0.4;0.2;0;20.16;0.8
27486;27;Quittebeuf;557;444;440;153;86;61;71;38;2;14;3;5;7;0;0;113;0;34.77;19.55;13.86;16.14;8.64;0.45;3.18;0.68;1.14;1.59;0;0;20.29;0
27487;27;Radepont;481;408;394;153;62;61;61;24;4;19;2;4;2;2;0;73;2;38.83;15.74;15.48;15.48;6.09;1.02;4.82;0.51;1.02;0.51;0.51;0;15.18;0.51
27488;27;Renneville;161;141;137;36;21;28;33;7;2;7;0;3;0;0;0;20;1;26.28;15.33;20.44;24.09;5.11;1.46;5.11;0;2.19;0;0;0;12.42;0.73
27489;27;Reuilly;404;354;346;109;55;74;69;17;4;12;1;4;1;0;0;50;1;31.5;15.9;21.39;19.94;4.91;1.16;3.47;0.29;1.16;0.29;0;0;12.38;0.29
27490;27;Richeville;178;152;147;60;21;24;22;13;0;3;4;0;0;0;0;26;3;40.82;14.29;16.33;14.97;8.84;0;2.04;2.72;0;0;0;0;14.61;2.04
27491;27;Roman;223;190;183;66;18;25;60;7;0;5;1;1;0;0;0;33;2;36.07;9.84;13.66;32.79;3.83;0;2.73;0.55;0.55;0;0;0;14.8;1.09
27492;27;Romilly-la-Puthenaye;264;214;212;76;38;30;42;11;0;8;3;3;1;0;0;50;1;35.85;17.92;14.15;19.81;5.19;0;3.77;1.42;1.42;0.47;0;0;18.94;0.47
27493;27;Romilly-sur-Andelle;2260;1922;1884;555;423;390;232;102;13;87;20;34;22;6;0;338;13;29.46;22.45;20.7;12.31;5.41;0.69;4.62;1.06;1.8;1.17;0.32;0;14.96;0.69
27495;27;La Roquette;189;149;147;66;7;22;38;8;0;4;0;0;1;1;0;40;0;44.9;4.76;14.97;25.85;5.44;0;2.72;0;0;0.68;0.68;0;21.16;0
27496;27;Rosay-sur-Lieure;406;345;342;122;43;64;74;8;3;20;2;3;3;0;0;61;0;35.67;12.57;18.71;21.64;2.34;0.88;5.85;0.58;0.88;0.88;0;0;15.02;0
27497;27;Rougemontiers;772;670;655;256;112;102;103;39;4;19;4;7;6;3;0;102;4;39.08;17.1;15.57;15.73;5.95;0.61;2.9;0.61;1.07;0.92;0.46;0;13.21;0.61
27498;27;Rouge-Perriers;266;226;221;66;36;40;45;21;5;4;1;2;1;0;0;40;2;29.86;16.29;18.1;20.36;9.5;2.26;1.81;0.45;0.9;0.45;0;0;15.04;0.9
27500;27;Routot;978;822;796;281;116;152;151;51;4;26;2;4;8;1;0;156;9;35.3;14.57;19.1;18.97;6.41;0.5;3.27;0.25;0.5;1.01;0.13;0;15.95;1.13
27501;27;Rouvray;220;176;172;53;23;39;32;14;2;5;3;1;0;0;0;44;0;30.81;13.37;22.67;18.6;8.14;1.16;2.91;1.74;0.58;0;0;0;20;0
27502;27;Rugles;1630;1174;1150;331;207;249;211;60;8;53;5;16;8;2;0;456;3;28.78;18;21.65;18.35;5.22;0.7;4.61;0.43;1.39;0.7;0.17;0;27.98;0.26
27504;27;Sacquenville;819;721;694;176;118;167;144;43;4;33;4;2;3;0;0;98;2;25.36;17;24.06;20.75;6.2;0.58;4.76;0.58;0.29;0.43;0;0;11.97;0.29
27505;27;Saint-Agnan-de-Cernières;128;108;106;34;8;10;45;3;2;2;0;2;0;0;0;20;0;32.08;7.55;9.43;42.45;2.83;1.89;1.89;0;1.89;0;0;0;15.63;0
27507;27;Saint-André-de-l'Eure;2621;1925;1866;688;301;305;317;110;15;66;10;25;22;7;0;696;10;36.87;16.13;16.35;16.99;5.89;0.8;3.54;0.54;1.34;1.18;0.38;0;26.55;0.54
27508;27;Saint-Antonin-de-Sommaire;155;128;124;47;15;22;27;7;0;2;3;1;0;0;0;27;0;37.9;12.1;17.74;21.77;5.65;0;1.61;2.42;0.81;0;0;0;17.42;0
27511;27;Saint-Aubin-d'Ecrosville;505;419;409;109;65;88;96;29;1;8;3;8;2;0;0;86;1;26.65;15.89;21.52;23.47;7.09;0.24;1.96;0.73;1.96;0.49;0;0;17.03;0.24
27512;27;Saint-Aubin-de-Scellon;266;232;226;54;33;36;64;20;0;14;2;2;1;0;0;34;3;23.89;14.6;15.93;28.32;8.85;0;6.19;0.88;0.88;0.44;0;0;12.78;1.33
27514;27;Saint-Aubin-du-Thenney;327;259;250;64;33;34;78;15;0;14;2;6;4;0;0;68;3;25.6;13.2;13.6;31.2;6;0;5.6;0.8;2.4;1.6;0;0;20.8;1.2
27516;27;Saint-Aubin-le-Vertueux;668;550;541;105;73;128;139;36;9;28;5;8;9;1;0;118;8;19.41;13.49;23.66;25.69;6.65;1.66;5.18;0.92;1.48;1.66;0.18;0;17.66;1.48
27517;27;Saint-Aubin-sur-Gaillon;1328;1164;1135;372;135;238;225;64;11;62;7;13;7;1;0;164;8;32.78;11.89;20.97;19.82;5.64;0.97;5.46;0.62;1.15;0.62;0.09;0;12.35;0.7
27518;27;Saint-Aubin-sur-Quillebeuf;490;437;430;195;70;43;46;34;5;18;4;7;8;0;0;53;7;45.35;16.28;10;10.7;7.91;1.16;4.19;0.93;1.63;1.86;0;0;10.82;1.63
27520;27;Saint-Benoît-des-Ombres;118;103;98;34;10;17;22;4;1;7;0;0;3;0;0;15;1;34.69;10.2;17.35;22.45;4.08;1.02;7.14;0;0;3.06;0;0;12.71;1.02
27521;27;Saint-Christophe-sur-Avre;117;104;103;24;14;11;33;16;1;1;0;2;1;0;0;13;0;23.3;13.59;10.68;32.04;15.53;0.97;0.97;0;1.94;0.97;0;0;11.11;0
27522;27;Saint-Christophe-sur-Condé;319;279;272;77;56;46;45;10;2;26;2;3;3;2;0;40;5;28.31;20.59;16.91;16.54;3.68;0.74;9.56;0.74;1.1;1.1;0.74;0;12.54;1.84
27523;27;Saint-Clair-d'Arcey;280;232;224;41;43;43;53;18;3;16;3;1;3;0;0;48;0;18.3;19.2;19.2;23.66;8.04;1.34;7.14;1.34;0.45;1.34;0;0;17.14;0
27524;27;Sainte-Colombe-la-Commanderie;584;483;468;168;73;78;85;29;3;15;2;11;3;1;0;101;5;35.9;15.6;16.67;18.16;6.2;0.64;3.21;0.43;2.35;0.64;0.21;0;17.29;1.07
27525;27;Sainte-Colombe-près-Vernon;245;213;213;45;35;53;45;10;2;14;3;5;0;1;0;32;0;21.13;16.43;24.88;21.13;4.69;0.94;6.57;1.41;2.35;0;0.47;0;13.06;0
27527;27;Saint-Cyr-de-Salerne;187;164;161;54;25;25;29;14;2;4;4;2;2;0;0;23;0;33.54;15.53;15.53;18.01;8.7;1.24;2.48;2.48;1.24;1.24;0;0;12.3;0
27528;27;Le Vaudreuil;2785;2265;2215;446;390;567;475;129;20;114;21;31;15;7;0;520;4;20.14;17.61;25.6;21.44;5.82;0.9;5.15;0.95;1.4;0.68;0.32;0;18.67;0.18
27529;27;Saint-Cyr-la-Campagne;362;311;307;58;61;83;64;14;3;19;1;2;2;0;0;51;1;18.89;19.87;27.04;20.85;4.56;0.98;6.19;0.33;0.65;0.65;0;0;14.09;0.33
27530;27;Saint-Denis-d'Augerons;84;64;64;17;15;11;19;2;0;0;0;0;0;0;0;20;0;26.56;23.44;17.19;29.69;3.13;0;0;0;0;0;0;0;23.81;0
27531;27;Saint-Denis-des-Monts;170;149;145;43;16;32;26;15;2;10;1;0;0;0;0;21;2;29.66;11.03;22.07;17.93;10.34;1.38;6.9;0.69;0;0;0;0;12.35;1.38
27533;27;Saint-Denis-le-Ferment;421;344;338;93;50;62;100;13;2;10;3;4;1;0;0;77;1;27.51;14.79;18.34;29.59;3.85;0.59;2.96;0.89;1.18;0.3;0;0;18.29;0.3
27534;27;Saint-Didier-des-Bois;650;553;538;149;98;128;76;31;7;30;4;7;7;1;0;97;3;27.7;18.22;23.79;14.13;5.76;1.3;5.58;0.74;1.3;1.3;0.19;0;14.92;0.56
27535;27;Saint-Elier;365;315;306;92;39;64;53;22;2;20;7;2;4;1;0;50;0;30.07;12.75;20.92;17.32;7.19;0.65;6.54;2.29;0.65;1.31;0.33;0;13.7;0
27536;27;Saint-Eloi-de-Fourques;403;358;345;125;56;59;49;31;2;13;2;3;4;1;0;45;3;36.23;16.23;17.1;14.2;8.99;0.58;3.77;0.58;0.87;1.16;0.29;0;11.17;0.87
27537;27;Saint-Etienne-du-Vauvray;611;530;524;156;113;101;86;24;0;30;4;7;3;0;0;81;2;29.77;21.56;19.27;16.41;4.58;0;5.73;0.76;1.34;0.57;0;0;13.26;0.38
27538;27;Saint-Etienne-l'Allier;403;333;322;83;58;77;48;22;2;19;3;4;5;1;0;70;0;25.78;18.01;23.91;14.91;6.83;0.62;5.9;0.93;1.24;1.55;0.31;0;17.37;0
27539;27;Saint-Etienne-sous-Bailleul;320;263;259;68;36;69;48;16;2;10;9;1;0;0;0;57;2;26.25;13.9;26.64;18.53;6.18;0.77;3.86;3.47;0.39;0;0;0;17.81;0.77
27540;27;Sainte-Geneviève-lès-Gasny;513;413;406;136;64;88;66;32;4;12;1;1;2;0;0;100;7;33.5;15.76;21.67;16.26;7.88;0.99;2.96;0.25;0.25;0.49;0;0;19.49;1.72
27541;27;Saint-Georges-du-Mesnil;86;78;78;25;16;10;12;10;2;0;0;3;0;0;0;8;0;32.05;20.51;12.82;15.38;12.82;2.56;0;0;3.85;0;0;0;9.3;0
27542;27;Saint-Georges-du-Vièvre;628;529;517;168;120;83;83;30;1;20;3;7;2;0;0;99;2;32.5;23.21;16.05;16.05;5.8;0.19;3.87;0.58;1.35;0.39;0;0;15.76;0.39
27543;27;Saint-Georges-Motel;597;492;481;150;81;86;109;30;1;16;0;4;3;1;0;105;11;31.19;16.84;17.88;22.66;6.24;0.21;3.33;0;0.83;0.62;0.21;0;17.59;2.29
27544;27;Saint-Germain-de-Fresney;156;135;129;32;12;33;27;14;3;4;1;1;2;0;0;21;1;24.81;9.3;25.58;20.93;10.85;2.33;3.1;0.78;0.78;1.55;0;0;13.46;0.78
27545;27;Saint-Germain-de-Pasquier;106;91;87;26;12;10;30;3;1;4;0;1;0;0;0;15;1;29.89;13.79;11.49;34.48;3.45;1.15;4.6;0;1.15;0;0;0;14.15;1.15
27546;27;Saint-Germain-des-Angles;157;128;125;35;22;32;28;6;0;1;0;1;0;0;0;29;0;28;17.6;25.6;22.4;4.8;0;0.8;0;0.8;0;0;0;18.47;0
27547;27;Saint-Germain-la-Campagne;627;528;517;179;66;60;130;41;8;19;3;6;4;1;0;99;1;34.62;12.77;11.61;25.15;7.93;1.55;3.68;0.58;1.16;0.77;0.19;0;15.79;0.19
27548;27;Saint-Germain-sur-Avre;966;756;740;261;103;150;123;56;5;22;7;8;3;2;0;210;6;35.27;13.92;20.27;16.62;7.57;0.68;2.97;0.95;1.08;0.41;0.27;0;21.74;0.81
27549;27;Saint-Germain-Village;1191;975;952;261;204;201;147;58;9;39;7;12;13;1;0;216;13;27.42;21.43;21.11;15.44;6.09;0.95;4.1;0.74;1.26;1.37;0.11;0;18.14;1.37
27550;27;Saint-Grégoire-du-Vièvre;262;226;217;72;32;40;51;10;1;7;0;2;1;1;0;36;3;33.18;14.75;18.43;23.5;4.61;0.46;3.23;0;0.92;0.46;0.46;0;13.74;1.38
27551;27;Saint-Jean-de-la-Léqueraye;51;50;50;7;4;20;17;2;0;0;0;0;0;0;0;1;0;14;8;40;34;4;0;0;0;0;0;0;0;1.96;0
27552;27;Saint-Jean-du-Thenney;178;142;138;39;17;20;41;11;3;5;1;0;1;0;0;36;1;28.26;12.32;14.49;29.71;7.97;2.17;3.62;0.72;0;0.72;0;0;20.22;0.72
27553;27;Saint-Julien-de-la-Liègue;322;277;275;85;31;58;51;24;2;15;3;3;2;1;0;45;0;30.91;11.27;21.09;18.55;8.73;0.73;5.45;1.09;1.09;0.73;0.36;0;13.98;0
27554;27;La Chapelle-Longueville;2799;2279;2225;578;351;485;457;146;22;112;31;21;17;5;0;520;17;25.98;15.78;21.8;20.54;6.56;0.99;5.03;1.39;0.94;0.76;0.22;0;18.58;0.76
27555;27;Saint-Laurent-des-Bois;176;143;142;49;16;16;31;12;1;12;2;3;0;0;0;33;0;34.51;11.27;11.27;21.83;8.45;0.7;8.45;1.41;2.11;0;0;0;18.75;0
27556;27;Saint-Laurent-du-Tencement;63;45;45;13;7;6;6;4;2;4;0;2;1;0;0;18;0;28.89;15.56;13.33;13.33;8.89;4.44;8.89;0;4.44;2.22;0;0;28.57;0
27557;27;Saint-Léger-de-Rôtes;350;303;299;70;46;76;68;18;3;9;0;7;1;1;0;47;0;23.41;15.38;25.42;22.74;6.02;1;3.01;0;2.34;0.33;0.33;0;13.43;0
27558;27;Saint-Léger-du-Gennetey;128;113;108;36;17;23;21;3;0;4;1;2;1;0;0;15;3;33.33;15.74;21.3;19.44;2.78;0;3.7;0.93;1.85;0.93;0;0;11.72;2.78
27560;27;Saint-Luc;213;187;184;51;12;40;61;7;1;8;0;1;2;1;0;26;1;27.72;6.52;21.74;33.15;3.8;0.54;4.35;0;0.54;1.09;0.54;0;12.21;0.54
27561;27;Saint-Maclou;488;418;412;114;66;73;103;27;3;11;2;8;4;1;0;70;1;27.67;16.02;17.72;25;6.55;0.73;2.67;0.49;1.94;0.97;0.24;0;14.34;0.24
27562;27;Saint-Marcel;3287;2717;2660;546;419;686;572;164;23;167;27;22;28;6;0;570;12;20.53;15.75;25.79;21.5;6.17;0.86;6.28;1.02;0.83;1.05;0.23;0;17.34;0.45
27563;27;Saint-Mards-de-Blacarville;680;566;551;144;125;102;94;37;2;38;2;3;3;1;0;114;5;26.13;22.69;18.51;17.06;6.72;0.36;6.9;0.36;0.54;0.54;0.18;0;16.76;0.91
27564;27;Saint-Mards-de-Fresne;293;244;241;91;29;37;51;15;5;8;0;3;1;1;0;49;1;37.76;12.03;15.35;21.16;6.22;2.07;3.32;0;1.24;0.41;0.41;0;16.72;0.41
27565;27;Le Lesme;450;376;374;150;56;63;63;27;0;10;1;1;3;0;0;74;0;40.11;14.97;16.84;16.84;7.22;0;2.67;0.27;0.27;0.8;0;0;16.44;0
27567;27;Sainte-Marie-de-Vatimesnil;183;159;154;58;16;20;36;8;0;9;4;1;0;2;0;24;0;37.66;10.39;12.99;23.38;5.19;0;5.84;2.6;0.65;0;1.3;0;13.11;0
27568;27;Sainte-Marthe;366;313;304;107;59;38;56;19;3;11;2;4;5;0;0;53;0;35.2;19.41;12.5;18.42;6.25;0.99;3.62;0.66;1.32;1.64;0;0;14.48;0
27569;27;Saint-Martin-du-Tilleul;219;180;178;53;23;38;42;7;1;8;1;3;1;1;0;39;1;29.78;12.92;21.35;23.6;3.93;0.56;4.49;0.56;1.69;0.56;0.56;0;17.81;0.56
27570;27;Saint-Martin-la-Campagne;89;81;77;30;10;9;11;11;2;2;1;0;1;0;0;8;1;38.96;12.99;11.69;14.29;14.29;2.6;2.6;1.3;0;1.3;0;0;8.99;1.3
27571;27;Saint-Martin-Saint-Firmin;237;218;213;68;26;43;38;11;1;19;0;4;3;0;0;19;1;31.92;12.21;20.19;17.84;5.16;0.47;8.92;0;1.88;1.41;0;0;8.02;0.47
27572;27;Saint-Meslin-du-Bosc;203;179;170;69;18;39;12;18;0;9;1;3;1;0;0;24;1;40.59;10.59;22.94;7.06;10.59;0;5.29;0.59;1.76;0.59;0;0;11.82;0.59
27576;27;Sainte-Opportune-du-Bosc;463;385;375;141;61;77;43;22;0;14;6;6;5;0;0;78;0;37.6;16.27;20.53;11.47;5.87;0;3.73;1.6;1.6;1.33;0;0;16.85;0
27577;27;Sainte-Opportune-la-Mare;334;293;289;105;43;57;46;14;1;13;5;3;1;1;0;41;0;36.33;14.88;19.72;15.92;4.84;0.35;4.5;1.73;1.04;0.35;0.35;0;12.28;0
27578;27;Sainte-Marie-d'Attez;420;367;363;114;32;55;98;33;7;12;5;1;5;1;0;53;1;31.4;8.82;15.15;27;9.09;1.93;3.31;1.38;0.28;1.38;0.28;0;12.62;0.28
27579;27;Saint-Ouen-de-Pontcheuil;79;73;70;22;16;10;16;3;1;2;0;0;0;0;0;6;0;31.43;22.86;14.29;22.86;4.29;1.43;2.86;0;0;0;0;0;7.59;0
27580;27;Saint-Ouen-de-Thouberville;1762;1516;1481;459;276;313;237;93;8;55;11;16;11;2;0;246;10;30.99;18.64;21.13;16;6.28;0.54;3.71;0.74;1.08;0.74;0.14;0;13.96;0.68
27581;27;Saint-Ouen-des-Champs;262;225;219;69;44;39;45;6;3;6;0;5;2;0;0;37;1;31.51;20.09;17.81;20.55;2.74;1.37;2.74;0;2.28;0.91;0;0;14.12;0.46
27582;27;Saint-Ouen-du-Tilleul;1281;1076;1046;270;188;245;191;68;5;55;4;5;13;2;0;205;9;25.81;17.97;23.42;18.26;6.5;0.48;5.26;0.38;0.48;1.24;0.19;0;16;0.86
27584;27;Saint-Paul-de-Fourques;203;187;183;73;39;29;20;9;1;8;1;0;2;1;0;16;0;39.89;21.31;15.85;10.93;4.92;0.55;4.37;0.55;0;1.09;0.55;0;7.88;0
27586;27;Saint-Philbert-sur-Boissey;140;118;113;47;15;17;21;5;0;4;0;1;3;0;0;22;2;41.59;13.27;15.04;18.58;4.42;0;3.54;0;0.88;2.65;0;0;15.71;1.77
27587;27;Saint-Philbert-sur-Risle;661;550;537;182;136;82;66;25;3;22;3;11;6;1;0;111;3;33.89;25.33;15.27;12.29;4.66;0.56;4.1;0.56;2.05;1.12;0.19;0;16.79;0.56
27589;27;Saint-Pierre-de-Bailleul;813;673;664;173;111;154;129;34;8;42;7;5;1;0;0;140;2;26.05;16.72;23.19;19.43;5.12;1.2;6.33;1.05;0.75;0.15;0;0;17.22;0.3
27590;27;Saint-Pierre-de-Cernières;177;142;138;33;19;31;38;8;1;1;3;3;1;0;0;35;3;23.91;13.77;22.46;27.54;5.8;0.72;0.72;2.17;2.17;0.72;0;0;19.77;2.17
27591;27;Saint-Pierre-de-Cormeilles;477;403;399;111;37;85;106;32;3;13;3;4;5;0;0;74;4;27.82;9.27;21.3;26.57;8.02;0.75;3.26;0.75;1;1.25;0;0;15.51;1
27592;27;Saint-Pierre-de-Salerne;196;151;146;55;26;9;33;7;2;8;1;2;1;2;0;45;3;37.67;17.81;6.16;22.6;4.79;1.37;5.48;0.68;1.37;0.68;1.37;0;22.96;2.05
27593;27;Saint-Pierre-des-Fleurs;1093;940;911;291;160;197;157;44;5;36;5;8;8;0;0;153;5;31.94;17.56;21.62;17.23;4.83;0.55;3.95;0.55;0.88;0.88;0;0;14;0.55
27594;27;Saint-Pierre-des-Ifs;220;180;179;59;42;19;32;11;5;7;1;1;2;0;0;40;0;32.96;23.46;10.61;17.88;6.15;2.79;3.91;0.56;0.56;1.12;0;0;18.18;0
27595;27;Saint-Pierre-du-Bosguérard;713;606;592;181;115;93;103;52;4;26;1;12;5;0;0;107;2;30.57;19.43;15.71;17.4;8.78;0.68;4.39;0.17;2.03;0.84;0;0;15.01;0.34
27597;27;Saint-Pierre-du-Val;431;368;364;104;65;74;54;23;7;28;3;2;3;1;0;63;0;28.57;17.86;20.33;14.84;6.32;1.92;7.69;0.82;0.55;0.82;0.27;0;14.62;0
27598;27;Saint-Pierre-du-Vauvray;948;768;745;242;143;141;102;39;7;50;5;10;5;1;0;180;4;32.48;19.19;18.93;13.69;5.23;0.94;6.71;0.67;1.34;0.67;0.13;0;18.99;0.54
27599;27;Saint-Pierre-la-Garenne;731;611;602;218;74;109;110;36;4;26;15;5;5;0;0;120;2;36.21;12.29;18.11;18.27;5.98;0.66;4.32;2.49;0.83;0.83;0;0;16.42;0.33
27600;27;Saint-Quentin-des-Isles;186;151;147;38;17;29;37;13;1;7;0;5;0;0;0;35;3;25.85;11.56;19.73;25.17;8.84;0.68;4.76;0;3.4;0;0;0;18.82;2.04
27601;27;Saint-Samson-de-la-Roque;284;247;240;90;35;34;45;14;0;10;4;3;1;4;0;37;0;37.5;14.58;14.17;18.75;5.83;0;4.17;1.67;1.25;0.42;1.67;0;13.03;0
27602;27;Saint-Sébastien-de-Morsent;3754;3076;2993;635;608;782;548;129;15;202;24;25;20;5;0;678;18;21.22;20.31;26.13;18.31;4.31;0.5;6.75;0.8;0.84;0.67;0.17;0;18.06;0.6
27603;27;Saint-Siméon;234;209;205;71;30;45;35;9;2;6;1;2;2;2;0;25;2;34.63;14.63;21.95;17.07;4.39;0.98;2.93;0.49;0.98;0.98;0.98;0;10.68;0.98
27604;27;Saint-Sulpice-de-Grimbouville;125;99;96;23;24;18;21;4;0;1;3;2;0;0;0;26;0;23.96;25;18.75;21.88;4.17;0;1.04;3.13;2.08;0;0;0;20.8;0
27605;27;Saint-Sylvestre-de-Cormeilles;191;162;155;37;21;30;52;8;1;3;0;2;1;0;0;29;0;23.87;13.55;19.35;33.55;5.16;0.65;1.94;0;1.29;0.65;0;0;15.18;0
27606;27;Saint-Symphorien;321;290;283;95;60;40;48;18;3;10;3;4;2;0;0;31;1;33.57;21.2;14.13;16.96;6.36;1.06;3.53;1.06;1.41;0.71;0;0;9.66;0.35
27607;27;Saint-Thurien;188;173;166;60;26;29;29;7;3;7;3;1;1;0;0;15;1;36.14;15.66;17.47;17.47;4.22;1.81;4.22;1.81;0.6;0.6;0;0;7.98;0.6
27608;27;Saint-Victor-de-Chrétienville;359;302;295;114;35;49;51;28;0;10;3;4;1;0;0;57;1;38.64;11.86;16.61;17.29;9.49;0;3.39;1.02;1.36;0.34;0;0;15.88;0.34
27609;27;Saint-Victor-d'Epine;252;203;196;81;21;23;44;12;0;11;1;2;1;0;0;49;2;41.33;10.71;11.73;22.45;6.12;0;5.61;0.51;1.02;0.51;0;0;19.44;1.02
27610;27;Saint-Victor-sur-Avre;58;43;38;8;5;7;13;0;0;3;2;0;0;0;0;15;2;21.05;13.16;18.42;34.21;0;0;7.89;5.26;0;0;0;0;25.86;5.26
27611;27;Saint-Vigor;227;197;192;42;22;47;45;23;2;8;1;1;1;0;0;30;1;21.88;11.46;24.48;23.44;11.98;1.04;4.17;0.52;0.52;0.52;0;0;13.22;0.52
27612;27;Saint-Vincent-des-Bois;265;227;222;60;25;45;62;17;1;4;3;3;2;0;0;38;1;27.03;11.26;20.27;27.93;7.66;0.45;1.8;1.35;1.35;0.9;0;0;14.34;0.45
27613;27;Saint-Vincent-du-Boulay;246;207;202;75;25;32;44;10;0;6;1;8;1;0;0;39;1;37.13;12.38;15.84;21.78;4.95;0;2.97;0.5;3.96;0.5;0;0;15.85;0.5
27614;27;Sancourt;123;102;98;32;19;13;19;6;2;6;0;1;0;0;0;21;0;32.65;19.39;13.27;19.39;6.12;2.04;6.12;0;1.02;0;0;0;17.07;0
27615;27;Sassey;148;131;125;22;22;36;29;6;1;7;0;2;0;0;0;17;6;17.6;17.6;28.8;23.2;4.8;0.8;5.6;0;1.6;0;0;0;11.49;4.8
27616;27;La Saussaye;1548;1268;1239;278;229;301;266;73;7;55;8;7;11;4;0;280;28;22.44;18.48;24.29;21.47;5.89;0.56;4.44;0.65;0.56;0.89;0.32;0;18.09;2.26
27617;27;Saussay-la-Campagne;360;311;303;149;42;29;54;7;3;14;3;1;1;0;0;49;0;49.17;13.86;9.57;17.82;2.31;0.99;4.62;0.99;0.33;0.33;0;0;13.61;0
27618;27;Sébécourt;332;268;257;113;23;41;36;24;3;9;2;5;1;0;0;64;2;43.97;8.95;15.95;14.01;9.34;1.17;3.5;0.78;1.95;0.39;0;0;19.28;0.78
27620;27;Selles;358;288;282;86;53;53;53;14;4;11;0;2;3;3;0;70;0;30.5;18.79;18.79;18.79;4.96;1.42;3.9;0;0.71;1.06;1.06;0;19.55;0
27621;27;Serez;125;99;99;31;10;18;27;3;3;3;0;3;0;1;0;26;0;31.31;10.1;18.18;27.27;3.03;3.03;3.03;0;3.03;0;1.01;0;20.8;0
27622;27;Serquigny;1476;1182;1145;379;223;212;152;63;8;63;10;18;13;4;0;294;7;33.1;19.48;18.52;13.28;5.5;0.7;5.5;0.87;1.57;1.14;0.35;0;19.92;0.61
27623;27;Surtauville;339;311;306;103;63;39;40;36;0;17;3;3;1;1;0;28;2;33.66;20.59;12.75;13.07;11.76;0;5.56;0.98;0.98;0.33;0.33;0;8.26;0.65
27624;27;Surville;710;612;599;209;98;111;97;43;2;26;4;3;4;2;0;98;12;34.89;16.36;18.53;16.19;7.18;0.33;4.34;0.67;0.5;0.67;0.33;0;13.8;2
27625;27;Suzay;186;169;164;65;28;27;29;9;0;2;2;0;2;0;0;17;0;39.63;17.07;16.46;17.68;5.49;0;1.22;1.22;0;1.22;0;0;9.14;0
27627;27;Le Theil-Nolent;193;163;160;54;12;35;37;8;1;2;2;7;2;0;0;30;0;33.75;7.5;21.88;23.13;5;0.63;1.25;1.25;4.38;1.25;0;0;15.54;0
27629;27;Thiberville;1362;1092;1061;329;151;175;257;64;10;34;8;14;18;1;0;270;5;31.01;14.23;16.49;24.22;6.03;0.94;3.2;0.75;1.32;1.7;0.09;0;19.82;0.47
27630;27;Thibouville;220;191;186;60;28;29;39;15;4;7;4;0;0;0;0;29;3;32.26;15.05;15.59;20.97;8.06;2.15;3.76;2.15;0;0;0;0;13.18;1.61
27631;27;Thierville;242;215;209;51;32;46;47;14;6;9;1;3;0;0;0;27;0;24.4;15.31;22.01;22.49;6.7;2.87;4.31;0.48;1.44;0;0;0;11.16;0
27632;27;Le Thil;309;262;258;104;44;34;46;14;2;8;4;0;2;0;0;47;1;40.31;17.05;13.18;17.83;5.43;0.78;3.1;1.55;0;0.78;0;0;15.21;0.39
27633;27;Les Thilliers-en-Vexin;373;281;272;135;32;48;27;12;1;15;0;2;0;0;0;92;3;49.63;11.76;17.65;9.93;4.41;0.37;5.51;0;0.74;0;0;0;24.66;1.1
27635;27;Le Thuit;121;106;103;30;17;13;30;5;2;3;1;1;0;1;0;15;0;29.13;16.5;12.62;29.13;4.85;1.94;2.91;0.97;0.97;0;0.97;0;12.4;0
27638;27;Le Thuit de l'Oison;2757;2451;2373;645;471;566;365;136;13;117;27;20;12;1;0;306;14;27.18;19.85;23.85;15.38;5.73;0.55;4.93;1.14;0.84;0.51;0.04;0;11.1;0.59
27640;27;Tilleul-Dame-Agnès;160;126;123;58;12;22;19;1;2;2;3;3;1;0;0;34;0;47.15;9.76;17.89;15.45;0.81;1.63;1.63;2.44;2.44;0.81;0;0;21.25;0
27641;27;Le Tilleul-Lambert;181;159;152;56;21;22;34;8;1;4;0;4;2;0;0;22;5;36.84;13.82;14.47;22.37;5.26;0.66;2.63;0;2.63;1.32;0;0;12.15;3.29
27642;27;Le Tilleul-Othon;270;219;216;65;36;38;46;11;2;11;1;3;2;1;0;51;0;30.09;16.67;17.59;21.3;5.09;0.93;5.09;0.46;1.39;0.93;0.46;0;18.89;0
27643;27;Tillières-sur-Avre;861;642;619;172;103;116;146;27;5;21;13;9;7;0;0;219;10;27.79;16.64;18.74;23.59;4.36;0.81;3.39;2.1;1.45;1.13;0;0;25.44;1.62
27644;27;Tilly;402;336;326;110;35;72;70;17;4;14;3;1;0;0;0;66;3;33.74;10.74;22.09;21.47;5.21;1.23;4.29;0.92;0.31;0;0;0;16.42;0.92
27645;27;Tocqueville;110;98;95;31;23;12;16;2;3;6;0;1;1;0;0;12;0;32.63;24.21;12.63;16.84;2.11;3.16;6.32;0;1.05;1.05;0;0;10.91;0
27646;27;Le Torpt;347;299;292;110;42;43;63;16;0;8;4;3;2;1;0;48;1;37.67;14.38;14.73;21.58;5.48;0;2.74;1.37;1.03;0.68;0.34;0;13.83;0.34
27649;27;Touffreville;255;211;202;96;29;34;24;4;3;5;2;1;4;0;0;44;7;47.52;14.36;16.83;11.88;1.98;1.49;2.48;0.99;0.5;1.98;0;0;17.25;3.47
27650;27;Tournedos-Bois-Hubert;318;277;271;97;53;35;47;19;1;9;3;2;4;1;0;41;2;35.79;19.56;12.92;17.34;7.01;0.37;3.32;1.11;0.74;1.48;0.37;0;12.89;0.74
27651;27;Tournedos-sur-Seine;112;89;83;20;10;14;30;4;1;3;0;1;0;0;0;23;1;24.1;12.05;16.87;36.14;4.82;1.2;3.61;0;1.2;0;0;0;20.54;1.2
27652;27;Tourneville;262;233;229;47;36;65;42;16;0;18;2;3;0;0;0;29;0;20.52;15.72;28.38;18.34;6.99;0;7.86;0.87;1.31;0;0;0;11.07;0
27654;27;Tourville-la-Campagne;800;698;688;231;140;119;100;50;4;31;3;7;2;1;0;102;2;33.58;20.35;17.3;14.53;7.27;0.58;4.51;0.44;1.02;0.29;0.15;0;12.75;0.29
27655;27;Tourville-sur-Pont-Audemer;550;484;466;94;96;114;98;34;2;21;0;4;3;0;0;66;3;20.17;20.6;24.46;21.03;7.3;0.43;4.51;0;0.86;0.64;0;0;12;0.64
27656;27;Toutainville;994;827;804;296;146;127;121;54;4;34;5;10;6;1;0;167;7;36.82;18.16;15.8;15.05;6.72;0.5;4.23;0.62;1.24;0.75;0.12;0;16.8;0.87
27657;27;Touville;136;122;122;32;21;21;27;13;0;6;0;1;1;0;0;14;0;26.23;17.21;17.21;22.13;10.66;0;4.92;0;0.82;0.82;0;0;10.29;0
27658;27;Le Tremblay-Omonville;269;232;229;83;29;35;64;6;2;8;1;0;1;0;0;37;1;36.24;12.66;15.28;27.95;2.62;0.87;3.49;0.44;0;0.44;0;0;13.75;0.44
27659;27;La Trinité;88;77;75;9;4;15;25;11;0;5;6;0;0;0;0;11;0;12;5.33;20;33.33;14.67;0;6.67;8;0;0;0;0;12.5;0
27660;27;La Trinité-de-Réville;212;189;187;53;23;42;42;11;3;11;0;1;1;0;0;23;0;28.34;12.3;22.46;22.46;5.88;1.6;5.88;0;0.53;0.53;0;0;10.85;0
27661;27;La Trinité-de-Thouberville;370;319;306;71;62;70;64;24;0;9;3;2;1;0;0;51;3;23.2;20.26;22.88;20.92;7.84;0;2.94;0.98;0.65;0.33;0;0;13.78;0.98
27662;27;Triqueville;276;231;225;65;23;44;60;10;1;13;5;3;1;0;0;45;2;28.89;10.22;19.56;26.67;4.44;0.44;5.78;2.22;1.33;0.44;0;0;16.3;0.89
27663;27;Le Troncq;120;110;106;18;17;15;41;7;0;5;0;1;2;0;0;10;3;16.98;16.04;14.15;38.68;6.6;0;4.72;0;0.94;1.89;0;0;8.33;2.83
27664;27;Le Tronquay;374;321;314;109;34;62;71;7;3;21;0;5;1;1;0;53;2;34.71;10.83;19.75;22.61;2.23;0.96;6.69;0;1.59;0.32;0.32;0;14.17;0.64
27665;27;Trouville-la-Haule;571;475;466;149;90;83;82;24;3;23;3;4;4;1;0;96;1;31.97;19.31;17.81;17.6;5.15;0.64;4.94;0.64;0.86;0.86;0.21;0;16.81;0.21
27666;27;La Vacherie;479;398;388;137;61;73;55;32;5;15;2;6;2;0;0;81;1;35.31;15.72;18.81;14.18;8.25;1.29;3.87;0.52;1.55;0.52;0;0;16.91;0.26
27667;27;Valailles;305;262;257;80;30;45;65;17;1;11;1;3;4;0;0;43;4;31.13;11.67;17.51;25.29;6.61;0.39;4.28;0.39;1.17;1.56;0;0;14.1;1.56
27668;27;Le Val-David;625;505;496;127;82;103;99;30;4;32;7;9;2;1;0;120;0;25.6;16.53;20.77;19.96;6.05;0.81;6.45;1.41;1.81;0.4;0.2;0;19.2;0
27669;27;Valletot;284;242;231;79;31;50;37;22;1;8;1;0;2;0;0;42;2;34.2;13.42;21.65;16.02;9.52;0.43;3.46;0.43;0;0.87;0;0;14.79;0.87
27670;27;Vandrimare;782;677;666;218;131;124;88;38;3;48;1;12;2;1;0;105;0;32.73;19.67;18.62;13.21;5.71;0.45;7.21;0.15;1.8;0.3;0.15;0;13.43;0
27671;27;Vannecrocq;116;91;88;30;19;13;23;2;0;1;0;0;0;0;0;25;3;34.09;21.59;14.77;26.14;2.27;0;1.14;0;0;0;0;0;21.55;3.41
27672;27;Vascoeuil;259;231;226;60;34;52;49;12;2;6;6;0;5;0;0;28;1;26.55;15.04;23.01;21.68;5.31;0.88;2.65;2.65;0;2.21;0;0;10.81;0.44
27673;27;Vatteville;156;136;135;38;16;25;38;14;1;2;0;1;0;0;0;20;0;28.15;11.85;18.52;28.15;10.37;0.74;1.48;0;0.74;0;0;0;12.82;0
27674;27;Vaux-sur-Eure;211;185;181;39;18;39;69;10;0;5;0;1;0;0;0;26;0;21.55;9.94;21.55;38.12;5.52;0;2.76;0;0.55;0;0;0;12.32;0
27676;27;Les Trois Lacs;1410;1131;1102;363;161;223;201;80;10;39;3;13;8;1;0;279;9;32.94;14.61;20.24;18.24;7.26;0.91;3.54;0.27;1.18;0.73;0.09;0;19.79;0.82
27677;27;Venon;270;227;220;81;33;39;32;20;0;9;1;2;3;0;0;43;1;36.82;15;17.73;14.55;9.09;0;4.09;0.45;0.91;1.36;0;0;15.93;0.45
27678;27;Les Ventes;821;696;670;190;92;166;133;44;1;27;8;5;2;2;0;125;6;28.36;13.73;24.78;19.85;6.57;0.15;4.03;1.19;0.75;0.3;0.3;0;15.23;0.9
27679;27;Verneuil d'Avre et d'Iton;5365;4042;3935;1064;573;803;902;204;34;216;40;55;39;5;0;1323;49;27.04;14.56;20.41;22.92;5.18;0.86;5.49;1.02;1.4;0.99;0.13;0;24.66;1.25
27680;27;Verneusses;174;135;133;39;11;27;39;6;3;4;2;1;1;0;0;39;0;29.32;8.27;20.3;29.32;4.51;2.26;3.01;1.5;0.75;0.75;0;0;22.41;0
27681;27;Vernon;15047;11535;11298;2000;2260;2981;2323;501;72;818;155;98;64;26;0;3512;66;17.7;20;26.39;20.56;4.43;0.64;7.24;1.37;0.87;0.57;0.23;0;23.34;0.58
27682;27;Vesly;550;470;464;144;84;76;90;27;2;31;2;3;4;1;0;80;1;31.03;18.1;16.38;19.4;5.82;0.43;6.68;0.43;0.65;0.86;0.22;0;14.55;0.22
27683;27;Vézillon;171;139;130;39;28;24;24;6;2;4;0;1;2;0;0;32;7;30;21.54;18.46;18.46;4.62;1.54;3.08;0;0.77;1.54;0;0;18.71;5.38
27684;27;Le Vieil-Evreux;536;481;467;119;101;87;84;36;3;20;4;4;9;0;0;55;4;25.48;21.63;18.63;17.99;7.71;0.64;4.28;0.86;0.86;1.93;0;0;10.26;0.86
27685;27;La Vieille-Lyre;493;400;385;137;32;64;102;15;2;16;6;7;4;0;0;93;4;35.58;8.31;16.62;26.49;3.9;0.52;4.16;1.56;1.82;1.04;0;0;18.86;1.04
27686;27;Vieux-Port;55;45;45;5;8;14;17;0;0;1;0;0;0;0;0;10;0;11.11;17.78;31.11;37.78;0;0;2.22;0;0;0;0;0;18.18;0
27689;27;Villegats;247;232;228;60;33;41;55;18;5;9;2;4;0;1;0;15;2;26.32;14.47;17.98;24.12;7.89;2.19;3.95;0.88;1.75;0;0.44;0;6.07;0.88
27690;27;Villers-en-Vexin;224;175;172;65;26;30;26;11;3;4;1;5;1;0;0;49;1;37.79;15.12;17.44;15.12;6.4;1.74;2.33;0.58;2.91;0.58;0;0;21.88;0.58
27691;27;Villers-sur-le-Roule;625;526;517;176;69;103;80;39;9;29;1;8;3;0;0;99;1;34.04;13.35;19.92;15.47;7.54;1.74;5.61;0.19;1.55;0.58;0;0;15.84;0.19
27692;27;Villettes;143;122;120;35;20;19;30;10;0;3;0;0;1;2;0;21;0;29.17;16.67;15.83;25;8.33;0;2.5;0;0;0.83;1.67;0;14.69;0
27693;27;Sylvains-lès-Moulins;989;839;818;222;128;155;196;47;9;30;15;12;3;1;0;150;3;27.14;15.65;18.95;23.96;5.75;1.1;3.67;1.83;1.47;0.37;0.12;0;15.17;0.37
27694;27;Villez-sous-Bailleul;284;230;227;59;40;45;43;13;4;13;3;2;5;0;0;54;1;25.99;17.62;19.82;18.94;5.73;1.76;5.73;1.32;0.88;2.2;0;0;19.01;0.44
27695;27;Villez-sur-le-Neubourg;199;163;161;43;18;36;43;7;0;6;1;5;2;0;0;36;0;26.71;11.18;22.36;26.71;4.35;0;3.73;0.62;3.11;1.24;0;0;18.09;0
27696;27;Villiers-en-Désoeuvre;639;542;528;153;85;99;89;50;5;35;2;6;4;0;0;97;0;28.98;16.1;18.75;16.86;9.47;0.95;6.63;0.38;1.14;0.76;0;0;15.18;0
27697;27;Vironvay;280;244;231;79;19;43;59;20;1;7;2;1;0;0;0;36;4;34.2;8.23;18.61;25.54;8.66;0.43;3.03;0.87;0.43;0;0;0;12.86;1.73
27698;27;Vitot;416;351;334;100;52;71;62;24;2;17;1;4;1;0;0;65;5;29.94;15.57;21.26;18.56;7.19;0.6;5.09;0.3;1.2;0.3;0;0;15.63;1.5
27699;27;Voiscreville;93;84;82;29;14;6;17;7;0;4;1;0;2;2;0;9;0;35.37;17.07;7.32;20.73;8.54;0;4.88;1.22;0;2.44;2.44;0;9.68;0
27700;27;Vraiville;470;390;384;140;71;74;43;26;4;10;6;9;1;0;0;80;6;36.46;18.49;19.27;11.2;6.77;1.04;2.6;1.56;2.34;0.26;0;0;17.02;1.56
27701;27;Val-de-Reuil;7585;4915;4786;1180;1520;880;313;176;22;504;82;70;33;6;0;2670;38;24.66;31.76;18.39;6.54;3.68;0.46;10.53;1.71;1.46;0.69;0.13;0;35.2;0.79