insee;dep;nom;nb_inscrits;nb_votants;nb_exprimes;nb_voix1;nb_voix2;nb_voix3;nb_voix4;nb_voix5;nb_voix6;nb_voix7;nb_voix8;nb_voix9;nb_voix10;nb_voix11;nb_voix12;nb_voix13;nb_voix14;voix_1;voix_2;voix_3;voix_4;voix_5;voix_6;voix_7;voix_8;voix_9;voix_10;voix_11;voix_12;voix_13;voix_14
28001;28;Abondant;1551;1338;1304;334;207;298;290;80;6;61;4;12;8;4;0;213;7;25.61;15.87;22.85;22.24;6.13;0.46;4.68;0.31;0.92;0.61;0.31;0;13.73;0.54
28002;28;Allaines-Mervilliers;238;194;190;65;20;22;51;18;2;9;1;0;2;0;0;44;1;34.21;10.53;11.58;26.84;9.47;1.05;4.74;0.53;0;1.05;0;0;18.49;0.53
28003;28;Allainville;114;102;100;32;11;15;30;5;1;5;0;0;1;0;0;12;0;32;11;15;30;5;1;5;0;0;1;0;0;10.53;0
28004;28;Allonnes;208;178;174;63;22;41;28;13;2;2;0;2;1;0;0;30;0;36.21;12.64;23.56;16.09;7.47;1.15;1.15;0;1.15;0.57;0;0;14.42;0
28005;28;Alluyes;553;465;461;136;83;117;65;20;5;18;5;7;5;0;0;88;0;29.5;18;25.38;14.1;4.34;1.08;3.9;1.08;1.52;1.08;0;0;15.91;0
28006;28;Amilly;1390;1228;1194;315;159;277;234;81;6;80;11;17;8;6;0;162;10;26.38;13.32;23.2;19.6;6.78;0.5;6.7;0.92;1.42;0.67;0.5;0;11.65;0.84
28007;28;Anet;2170;1643;1587;431;219;285;443;98;15;57;16;12;9;2;0;527;43;27.16;13.8;17.96;27.91;6.18;0.95;3.59;1.01;0.76;0.57;0.13;0;24.29;2.71
28008;28;Ardelles;142;109;106;32;6;22;27;9;0;5;3;0;1;1;0;33;0;30.19;5.66;20.75;25.47;8.49;0;4.72;2.83;0;0.94;0.94;0;23.24;0
28009;28;Ardelu;59;47;47;12;8;8;17;2;0;0;0;0;0;0;0;12;0;25.53;17.02;17.02;36.17;4.26;0;0;0;0;0;0;0;20.34;0
28010;28;Argenvilliers;278;233;224;65;30;32;63;17;0;7;3;1;3;3;0;45;1;29.02;13.39;14.29;28.13;7.59;0;3.13;1.34;0.45;1.34;1.34;0;16.19;0.45
28012;28;Commune-nouvelle-d'Arrou;2887;2362;2294;722;262;398;567;162;28;69;16;38;31;1;0;525;11;31.47;11.42;17.35;24.72;7.06;1.22;3.01;0.7;1.66;1.35;0.04;0;18.18;0.48
28013;28;Aunay-sous-Auneau;1062;881;854;234;153;186;133;65;4;50;4;10;11;4;0;181;8;27.4;17.92;21.78;15.57;7.61;0.47;5.85;0.47;1.17;1.29;0.47;0;17.04;0.94
28014;28;Aunay-sous-Crécy;456;381;369;108;62;86;54;27;0;22;4;2;3;1;0;75;1;29.27;16.8;23.31;14.63;7.32;0;5.96;1.08;0.54;0.81;0.27;0;16.45;0.27
28015;28;Auneau-Bleury-Saint-Symphorien;3490;2851;2782;740;515;636;481;170;16;120;24;44;31;5;0;639;19;26.6;18.51;22.86;17.29;6.11;0.58;4.31;0.86;1.58;1.11;0.18;0;18.31;0.68
28016;28;Les Autels-Villevillon;117;106;105;33;8;19;30;1;4;7;0;1;2;0;0;11;1;31.43;7.62;18.1;28.57;0.95;3.81;6.67;0;0.95;1.9;0;0;9.4;0.95
28018;28;Authon-du-Perche;865;708;690;197;64;128;219;38;7;21;1;7;7;1;0;157;6;28.55;9.28;18.55;31.74;5.51;1.01;3.04;0.14;1.01;1.01;0.14;0;18.15;0.87
28019;28;Baigneaux;135;116;111;40;7;12;41;6;0;3;2;0;0;0;0;19;5;36.04;6.31;10.81;36.94;5.41;0;2.7;1.8;0;0;0;0;14.07;4.5
28021;28;Bailleau-le-Pin;1209;967;933;274;147;184;182;73;3;43;7;10;8;2;0;242;7;29.37;15.76;19.72;19.51;7.82;0.32;4.61;0.75;1.07;0.86;0.21;0;20.02;0.75
28022;28;Bailleau-l'Evêque;893;754;741;174;103;178;184;52;6;28;4;7;5;0;0;139;1;23.48;13.9;24.02;24.83;7.02;0.81;3.78;0.54;0.94;0.67;0;0;15.57;0.13
28023;28;Bailleau-Armenonville;1030;865;841;194;132;183;187;61;5;44;17;13;3;2;0;165;2;23.07;15.7;21.76;22.24;7.25;0.59;5.23;2.02;1.55;0.36;0.24;0;16.02;0.24
28024;28;Barjouville;1274;1101;1084;193;155;337;247;68;11;49;6;9;5;4;0;173;2;17.8;14.3;31.09;22.79;6.27;1.01;4.52;0.55;0.83;0.46;0.37;0;13.58;0.18
28025;28;Barmainville;85;69;68;21;13;8;15;6;0;3;1;0;1;0;0;16;0;30.88;19.12;11.76;22.06;8.82;0;4.41;1.47;0;1.47;0;0;18.82;0
28026;28;Baudreville;167;145;140;59;14;21;28;11;1;1;0;2;3;0;0;22;1;42.14;10;15;20;7.86;0.71;0.71;0;1.43;2.14;0;0;13.17;0.71
28027;28;La Bazoche-Gouet;960;797;776;265;45;93;301;43;4;13;6;3;2;1;0;163;3;34.15;5.8;11.98;38.79;5.54;0.52;1.68;0.77;0.39;0.26;0.13;0;16.98;0.39
28028;28;Bazoches-en-Dunois;186;153;150;36;9;31;57;4;3;6;0;4;0;0;0;33;0;24;6;20.67;38;2.67;2;4;0;2.67;0;0;0;17.74;0
28029;28;Bazoches-les-Hautes;260;225;222;79;18;24;66;13;3;7;4;5;3;0;0;35;1;35.59;8.11;10.81;29.73;5.86;1.35;3.15;1.8;2.25;1.35;0;0;13.46;0.45
28030;28;Beauche;228;199;195;62;15;40;58;9;0;5;0;4;2;0;0;29;0;31.79;7.69;20.51;29.74;4.62;0;2.56;0;2.05;1.03;0;0;12.72;0
28031;28;Beaumont-les-Autels;337;270;265;72;28;47;92;5;0;14;2;3;2;0;0;67;0;27.17;10.57;17.74;34.72;1.89;0;5.28;0.75;1.13;0.75;0;0;19.88;0
28032;28;Beauvilliers;223;205;205;44;37;36;56;12;5;8;3;4;0;0;0;18;0;21.46;18.05;17.56;27.32;5.85;2.44;3.9;1.46;1.95;0;0;0;8.07;0
28033;28;Belhomert-Guéhouville;576;482;472;153;65;72;100;41;3;26;2;7;3;0;0;94;3;32.42;13.77;15.25;21.19;8.69;0.64;5.51;0.42;1.48;0.64;0;0;16.32;0.64
28034;28;Berchères-Saint-Germain;613;526;518;134;70;118;111;36;6;26;7;10;0;0;0;87;1;25.87;13.51;22.78;21.43;6.95;1.16;5.02;1.35;1.93;0;0;0;14.19;0.19
28035;28;Berchères-les-Pierres;722;638;620;161;94;133;144;35;4;29;4;9;7;0;0;84;5;25.97;15.16;21.45;23.23;5.65;0.65;4.68;0.65;1.45;1.13;0;0;11.63;0.81
28036;28;Berchères-sur-Vesgre;632;545;530;125;74;117;157;19;3;25;3;1;6;0;0;87;4;23.58;13.96;22.08;29.62;3.58;0.57;4.72;0.57;0.19;1.13;0;0;13.77;0.75
28037;28;Bérou-la-Mulotière;254;208;199;75;24;38;29;19;2;6;0;3;2;1;0;46;1;37.69;12.06;19.1;14.57;9.55;1.01;3.02;0;1.51;1.01;0.5;0;18.11;0.5
28038;28;Béthonvilliers;105;89;89;26;7;15;25;3;2;7;0;2;2;0;0;16;0;29.21;7.87;16.85;28.09;3.37;2.25;7.87;0;2.25;2.25;0;0;15.24;0
28039;28;Béville-le-Comte;1133;953;923;328;148;170;140;50;6;50;6;15;7;3;0;180;6;35.54;16.03;18.42;15.17;5.42;0.65;5.42;0.65;1.63;0.76;0.33;0;15.89;0.65
28040;28;Billancelles;222;186;182;61;32;28;36;9;2;5;0;5;1;3;0;36;0;33.52;17.58;15.38;19.78;4.95;1.1;2.75;0;2.75;0.55;1.65;0;16.22;0
28041;28;Blandainville;149;134;134;29;13;28;33;10;0;9;5;2;3;2;0;15;0;21.64;9.7;20.9;24.63;7.46;0;6.72;3.73;1.49;2.24;1.49;0;10.07;0
28045;28;Boissy-en-Drouais;183;161;161;52;19;29;37;10;0;6;1;5;2;0;0;22;0;32.3;11.8;18.01;22.98;6.21;0;3.73;0.62;3.11;1.24;0;0;12.02;0
28046;28;Boissy-lès-Perche;398;333;324;79;30;66;104;21;2;8;4;6;3;1;0;65;2;24.38;9.26;20.37;32.1;6.48;0.62;2.47;1.23;1.85;0.93;0.31;0;16.33;0.62
28047;28;Boisville-la-Saint-Père;526;442;429;157;59;76;62;34;5;22;1;7;6;0;0;84;6;36.6;13.75;17.72;14.45;7.93;1.17;5.13;0.23;1.63;1.4;0;0;15.97;1.4
28048;28;La Bourdinière-Saint-Loup;504;425;409;117;53;84;92;36;2;12;4;4;5;0;0;79;2;28.61;12.96;20.54;22.49;8.8;0.49;2.93;0.98;0.98;1.22;0;0;15.67;0.49
28049;28;Boncé;173;147;144;47;16;25;29;17;1;7;1;1;0;0;0;26;1;32.64;11.11;17.36;20.14;11.81;0.69;4.86;0.69;0.69;0;0;0;15.03;0.69
28050;28;Boncourt;211;185;184;42;27;35;48;10;4;9;3;3;3;0;0;26;0;22.83;14.67;19.02;26.09;5.43;2.17;4.89;1.63;1.63;1.63;0;0;12.32;0
28051;28;Bonneval;3253;2683;2600;655;350;587;552;202;27;135;21;43;27;1;0;570;17;25.19;13.46;22.58;21.23;7.77;1.04;5.19;0.81;1.65;1.04;0.04;0;17.52;0.65
28052;28;Bouglainval;587;529;517;149;88;102;110;34;2;22;3;4;1;2;0;58;1;28.82;17.02;19.73;21.28;6.58;0.39;4.26;0.58;0.77;0.19;0.39;0;9.88;0.19
28053;28;Le Boullay-les-Deux-Eglises;188;163;160;59;12;20;41;14;3;4;4;2;0;1;0;25;0;36.88;7.5;12.5;25.63;8.75;1.88;2.5;2.5;1.25;0;0.63;0;13.3;0
28054;28;Le Boullay-Mivoye;337;296;288;80;42;57;62;21;0;19;3;4;0;0;0;41;2;27.78;14.58;19.79;21.53;7.29;0;6.6;1.04;1.39;0;0;0;12.17;0.69
28055;28;Le Boullay-Thierry;357;319;306;95;45;55;73;23;2;7;3;1;2;0;0;38;2;31.05;14.71;17.97;23.86;7.52;0.65;2.29;0.98;0.33;0.65;0;0;10.64;0.65
28056;28;Boutigny-Prouais;1332;1130;1100;220;153;253;328;61;9;51;6;13;4;2;0;202;5;20;13.91;23;29.82;5.55;0.82;4.64;0.55;1.18;0.36;0.18;0;15.17;0.45
28057;28;Bouville;401;323;310;109;36;51;63;22;2;10;9;6;1;1;0;78;2;35.16;11.61;16.45;20.32;7.1;0.65;3.23;2.9;1.94;0.32;0.32;0;19.45;0.65
28058;28;Bréchamps;267;221;218;45;31;43;56;14;2;17;3;5;2;0;0;46;1;20.64;14.22;19.72;25.69;6.42;0.92;7.8;1.38;2.29;0.92;0;0;17.23;0.46
28059;28;Brezolles;1041;823;796;291;108;127;160;36;8;36;7;13;7;3;0;218;9;36.56;13.57;15.95;20.1;4.52;1.01;4.52;0.88;1.63;0.88;0.38;0;20.94;1.13
28060;28;Briconville;142;130;128;31;36;31;13;8;0;2;4;2;1;0;0;12;1;24.22;28.13;24.22;10.16;6.25;0;1.56;3.13;1.56;0.78;0;0;8.45;0.78
28061;28;Brou;2458;1976;1918;533;242;364;518;112;22;69;13;25;19;1;0;482;11;27.79;12.62;18.98;27.01;5.84;1.15;3.6;0.68;1.3;0.99;0.05;0;19.61;0.57
28062;28;Broué;717;554;542;133;97;90;129;39;7;30;4;7;4;2;0;163;2;24.54;17.9;16.61;23.8;7.2;1.29;5.54;0.74;1.29;0.74;0.37;0;22.73;0.37
28063;28;Brunelles;403;341;333;71;61;63;75;18;7;15;5;10;7;1;0;62;0;21.32;18.32;18.92;22.52;5.41;2.1;4.5;1.5;3;2.1;0.3;0;15.38;0
28064;28;Bû;1569;1269;1242;323;196;219;306;99;7;62;11;8;9;2;0;300;5;26.01;15.78;17.63;24.64;7.97;0.56;4.99;0.89;0.64;0.72;0.16;0;19.12;0.4
28065;28;Bullainville;110;91;88;20;5;21;27;6;6;0;1;2;0;0;0;19;1;22.73;5.68;23.86;30.68;6.82;6.82;0;1.14;2.27;0;0;0;17.27;1.14
28066;28;Bullou;169;140;140;55;16;23;16;13;3;11;0;2;1;0;0;29;0;39.29;11.43;16.43;11.43;9.29;2.14;7.86;0;1.43;0.71;0;0;17.16;0
28067;28;Cernay;64;58;56;13;11;9;12;7;0;3;0;0;1;0;0;6;0;23.21;19.64;16.07;21.43;12.5;0;5.36;0;0;1.79;0;0;9.38;0
28068;28;Challet;319;267;258;80;45;55;36;15;2;16;4;4;1;0;0;52;1;31.01;17.44;21.32;13.95;5.81;0.78;6.2;1.55;1.55;0.39;0;0;16.3;0.39
28070;28;Champhol;2863;2421;2348;409;425;678;433;147;14;165;29;27;19;2;0;442;18;17.42;18.1;28.88;18.44;6.26;0.6;7.03;1.24;1.15;0.81;0.09;0;15.44;0.77
28071;28;Champrond-en-Gâtine;422;363;354;147;48;57;60;15;4;5;8;7;3;0;0;59;4;41.53;13.56;16.1;16.95;4.24;1.13;1.41;2.26;1.98;0.85;0;0;13.98;1.13
28072;28;Champrond-en-Perchet;338;284;276;76;24;51;83;19;2;6;1;11;2;1;0;54;2;27.54;8.7;18.48;30.07;6.88;0.72;2.17;0.36;3.99;0.72;0.36;0;15.98;0.72
28073;28;Champseru;253;222;218;79;28;37;46;17;1;1;5;2;2;0;0;31;3;36.24;12.84;16.97;21.1;7.8;0.46;0.46;2.29;0.92;0.92;0;0;12.25;1.38
28074;28;La Chapelle-d'Aunainville;186;158;155;37;28;34;34;10;1;5;2;1;2;1;0;28;1;23.87;18.06;21.94;21.94;6.45;0.65;3.23;1.29;0.65;1.29;0.65;0;15.05;0.65
28075;28;La Chapelle-du-Noyer;774;664;650;151;104;163;142;38;2;26;3;14;6;1;0;110;3;23.23;16;25.08;21.85;5.85;0.31;4;0.46;2.15;0.92;0.15;0;14.21;0.46
28076;28;La Chapelle-Forainvilliers;132;120;118;32;19;15;33;10;0;7;0;1;1;0;0;12;2;27.12;16.1;12.71;27.97;8.47;0;5.93;0;0.85;0.85;0;0;9.09;1.69
28077;28;La Chapelle-Fortin;149;134;131;42;15;12;49;5;0;2;2;3;1;0;0;15;1;32.06;11.45;9.16;37.4;3.82;0;1.53;1.53;2.29;0.76;0;0;10.07;0.76
28078;28;Chapelle-Guillaume;163;136;133;49;8;9;51;9;2;2;2;1;0;0;0;27;2;36.84;6.02;6.77;38.35;6.77;1.5;1.5;1.5;0.75;0;0;0;16.56;1.5
28079;28;Chapelle-Royale;264;212;211;78;21;31;58;8;1;9;0;2;3;0;0;52;0;36.97;9.95;14.69;27.49;3.79;0.47;4.27;0;0.95;1.42;0;0;19.7;0
28080;28;Charbonnières;198;171;169;54;25;15;54;8;2;7;1;3;0;0;0;27;0;31.95;14.79;8.88;31.95;4.73;1.18;4.14;0.59;1.78;0;0;0;13.64;0
28081;28;Charonville;219;186;180;64;34;28;31;9;3;6;0;3;2;0;0;33;0;35.56;18.89;15.56;17.22;5;1.67;3.33;0;1.67;1.11;0;0;15.07;0
28082;28;Charpont;438;378;368;102;59;90;77;27;4;5;2;1;0;1;0;60;0;27.72;16.03;24.46;20.92;7.34;1.09;1.36;0.54;0.27;0;0.27;0;13.7;0
28084;28;Chartainvilliers;543;480;466;120;74;107;85;39;4;21;8;3;3;2;0;63;2;25.75;15.88;22.96;18.24;8.37;0.86;4.51;1.72;0.64;0.64;0.43;0;11.6;0.43
28085;28;Chartres;25013;18895;18505;2737;3500;4961;4549;745;133;1359;200;162;125;34;0;6118;100;14.79;18.91;26.81;24.58;4.03;0.72;7.34;1.08;0.88;0.68;0.18;0;24.46;0.54
28086;28;Chassant;260;209;206;58;32;41;56;11;2;3;2;1;0;0;0;51;0;28.16;15.53;19.9;27.18;5.34;0.97;1.46;0.97;0.49;0;0;0;19.62;0
28087;28;Châtaincourt;177;155;153;53;14;26;50;6;0;2;1;1;0;0;0;22;0;34.64;9.15;16.99;32.68;3.92;0;1.31;0.65;0.65;0;0;0;12.43;0
28088;28;Châteaudun;7903;5915;5739;1334;924;1356;1247;287;47;324;72;69;65;14;0;1988;69;23.24;16.1;23.63;21.73;5;0.82;5.65;1.25;1.2;1.13;0.24;0;25.16;1.2
28089;28;Châteauneuf-en-Thymerais;1629;1318;1276;396;187;216;279;93;11;60;10;10;13;1;0;311;5;31.03;14.66;16.93;21.87;7.29;0.86;4.7;0.78;0.78;1.02;0.08;0;19.09;0.39
28090;28;Les Châtelets;96;83;78;26;7;15;20;7;1;1;1;0;0;0;0;13;4;33.33;8.97;19.23;25.64;8.97;1.28;1.28;1.28;0;0;0;0;13.54;5.13
28091;28;Les Châtelliers-Notre-Dame;117;103;102;35;13;21;20;7;1;1;1;1;2;0;0;14;0;34.31;12.75;20.59;19.61;6.86;0.98;0.98;0.98;0.98;1.96;0;0;11.97;0
28092;28;Châtenay;168;130;127;47;20;15;32;6;0;4;0;3;0;0;0;38;3;37.01;15.75;11.81;25.2;4.72;0;3.15;0;2.36;0;0;0;22.62;2.36
28094;28;Chaudon;1127;943;926;279;160;179;180;55;13;40;7;6;5;2;0;184;1;30.13;17.28;19.33;19.44;5.94;1.4;4.32;0.76;0.65;0.54;0.22;0;16.33;0.11
28095;28;Chauffours;209;184;178;51;24;35;39;13;3;8;2;1;2;0;0;25;1;28.65;13.48;19.66;21.91;7.3;1.69;4.49;1.12;0.56;1.12;0;0;11.96;0.56
28096;28;La Chaussée-d'Ivry;835;637;617;239;76;119;110;34;1;22;7;7;1;1;0;198;5;38.74;12.32;19.29;17.83;5.51;0.16;3.57;1.13;1.13;0.16;0.16;0;23.71;0.81
28098;28;Cherisy;1305;1073;1053;248;154;244;225;80;9;62;12;9;6;4;0;232;7;23.55;14.62;23.17;21.37;7.6;0.85;5.89;1.14;0.85;0.57;0.38;0;17.78;0.66
28099;28;Chuisnes;708;592;575;169;96;113;99;45;8;20;7;10;6;2;0;116;2;29.39;16.7;19.65;17.22;7.83;1.39;3.48;1.22;1.74;1.04;0.35;0;16.38;0.35
28100;28;Cintray;307;281;273;80;29;64;55;24;2;5;6;4;4;0;0;26;8;29.3;10.62;23.44;20.15;8.79;0.73;1.83;2.2;1.47;1.47;0;0;8.47;2.93
28102;28;Clévilliers;504;430;421;148;75;91;59;27;2;13;3;0;1;2;0;74;1;35.15;17.81;21.62;14.01;6.41;0.48;3.09;0.71;0;0.24;0.48;0;14.68;0.24
28103;28;Cloyes-les-trois-rivières;4457;3703;3600;998;404;728;898;283;43;144;28;39;26;9;0;754;30;27.72;11.22;20.22;24.94;7.86;1.19;4;0.78;1.08;0.72;0.25;0;16.92;0.83
28104;28;Coltainville;658;566;543;128;74;138;122;35;9;24;8;3;2;0;0;92;5;23.57;13.63;25.41;22.47;6.45;1.66;4.42;1.47;0.55;0.37;0;0;13.98;0.92
28105;28;Combres;375;324;318;108;49;55;66;13;3;14;2;5;1;2;0;51;1;33.96;15.41;17.3;20.75;4.09;0.94;4.4;0.63;1.57;0.31;0.63;0;13.6;0.31
28106;28;Conie-Molitard;333;298;294;64;44;63;71;35;2;10;0;4;1;0;0;35;1;21.77;14.97;21.43;24.15;11.9;0.68;3.4;0;1.36;0.34;0;0;10.51;0.34
28107;28;Corancez;346;285;277;61;27;62;71;25;4;20;2;4;1;0;0;61;1;22.02;9.75;22.38;25.63;9.03;1.44;7.22;0.72;1.44;0.36;0;0;17.63;0.36
28108;28;Cormainville;167;143;140;28;20;29;30;15;2;11;1;1;2;1;0;24;1;20;14.29;20.71;21.43;10.71;1.43;7.86;0.71;0.71;1.43;0.71;0;14.37;0.71
28109;28;Les Corvées-les-Yys;229;205;201;64;34;27;44;14;0;9;3;3;2;1;0;24;2;31.84;16.92;13.43;21.89;6.97;0;4.48;1.49;1.49;1;0.5;0;10.48;1
28110;28;Le Coudray;3077;2561;2503;422;421;702;563;162;16;142;35;20;17;3;0;516;16;16.86;16.82;28.05;22.49;6.47;0.64;5.67;1.4;0.8;0.68;0.12;0;16.77;0.64
28111;28;Coudray-au-Perche;261;226;221;53;20;47;77;12;2;4;3;1;2;0;0;35;2;23.98;9.05;21.27;34.84;5.43;0.9;1.81;1.36;0.45;0.9;0;0;13.41;0.9
28112;28;Coudreceau;312;261;252;80;27;36;71;11;0;19;2;2;3;1;0;51;2;31.75;10.71;14.29;28.17;4.37;0;7.54;0.79;0.79;1.19;0.4;0;16.35;0.79
28113;28;Coulombs;1126;883;844;203;155;182;175;53;11;51;5;5;3;1;0;243;33;24.05;18.36;21.56;20.73;6.28;1.3;6.04;0.59;0.59;0.36;0.12;0;21.58;3.91
28114;28;Courbehaye;104;96;90;25;13;6;38;2;1;5;0;0;0;0;0;8;2;27.78;14.44;6.67;42.22;2.22;1.11;5.56;0;0;0;0;0;7.69;2.22
28116;28;Courville-sur-Eure;1853;1483;1435;367;222;285;312;100;12;82;13;33;8;1;0;370;16;25.57;15.47;19.86;21.74;6.97;0.84;5.71;0.91;2.3;0.56;0.07;0;19.97;1.11
28117;28;Crécy-Couvé;196;177;175;35;32;26;55;16;1;5;0;0;4;1;0;19;0;20;18.29;14.86;31.43;9.14;0.57;2.86;0;0;2.29;0.57;0;9.69;0
28118;28;Croisilles;352;308;295;90;46;51;76;13;3;10;3;2;1;0;0;44;4;30.51;15.59;17.29;25.76;4.41;1.02;3.39;1.02;0.68;0.34;0;0;12.5;1.36
28119;28;La Croix-du-Perche;137;121;116;33;13;20;34;7;2;3;2;2;0;0;0;16;1;28.45;11.21;17.24;29.31;6.03;1.72;2.59;1.72;1.72;0;0;0;11.68;0.86
28120;28;Crucey-Villages;436;369;364;120;39;53;105;29;3;10;2;2;1;0;0;67;0;32.97;10.71;14.56;28.85;7.97;0.82;2.75;0.55;0.55;0.27;0;0;15.37;0
28121;28;Dambron;76;64;62;21;7;6;22;4;1;0;0;0;1;0;0;12;1;33.87;11.29;9.68;35.48;6.45;1.61;0;0;0;1.61;0;0;15.79;1.61
28122;28;Dammarie;1204;987;965;256;128;214;193;73;19;49;3;12;14;4;0;217;5;26.53;13.26;22.18;20;7.56;1.97;5.08;0.31;1.24;1.45;0.41;0;18.02;0.52
28123;28;Dampierre-sous-Brou;389;327;321;105;33;49;100;25;2;4;0;0;3;0;0;62;3;32.71;10.28;15.26;31.15;7.79;0.62;1.25;0;0;0.93;0;0;15.94;0.93
28124;28;Dampierre-sur-Avre;542;467;458;139;61;89;111;25;0;16;2;8;4;3;0;75;0;30.35;13.32;19.43;24.24;5.46;0;3.49;0.44;1.75;0.87;0.66;0;13.84;0
28126;28;Dancy;165;140;136;46;13;22;41;5;0;3;1;1;4;0;0;25;1;33.82;9.56;16.18;30.15;3.68;0;2.21;0.74;0.74;2.94;0;0;15.15;0.74
28127;28;Dangeau;690;522;502;184;45;70;142;29;6;10;3;9;2;2;0;168;8;36.65;8.96;13.94;28.29;5.78;1.2;1.99;0.6;1.79;0.4;0.4;0;24.35;1.59
28128;28;Dangers;312;275;266;61;41;77;49;13;4;10;1;6;4;0;0;37;0;22.93;15.41;28.95;18.42;4.89;1.5;3.76;0.38;2.26;1.5;0;0;11.86;0
28129;28;Denonville;547;444;428;146;81;82;59;27;3;13;4;10;3;0;0;103;4;34.11;18.93;19.16;13.79;6.31;0.7;3.04;0.93;2.34;0.7;0;0;18.83;0.93
28130;28;Digny;732;614;604;207;59;101;151;43;5;24;1;8;4;1;0;118;1;34.27;9.77;16.72;25;7.12;0.83;3.97;0.17;1.32;0.66;0.17;0;16.12;0.17
28132;28;Donnemain-Saint-Mamès;476;407;397;133;57;84;59;35;5;14;3;6;1;0;0;69;2;33.5;14.36;21.16;14.86;8.82;1.26;3.53;0.76;1.51;0.25;0;0;14.5;0.5
28134;28;Dreux;17330;11491;11217;1914;3328;2407;1726;393;66;955;193;130;86;19;0;5839;81;17.06;29.67;21.46;15.39;3.5;0.59;8.51;1.72;1.16;0.77;0.17;0;33.69;0.72
28135;28;Droue-sur-Drouette;938;815;795;114;118;217;212;41;10;54;14;12;1;2;0;123;7;14.34;14.84;27.3;26.67;5.16;1.26;6.79;1.76;1.51;0.13;0.25;0;13.11;0.88
28136;28;Ecluzelles;140;117;116;23;14;32;35;2;3;7;0;0;0;0;0;23;0;19.83;12.07;27.59;30.17;1.72;2.59;6.03;0;0;0;0;0;16.43;0
28137;28;Ecrosnes;604;506;490;106;85;104;123;28;3;27;7;5;2;0;0;98;4;21.63;17.35;21.22;25.1;5.71;0.61;5.51;1.43;1.02;0.41;0;0;16.23;0.82
28139;28;Epeautrolles;132;109;106;22;16;25;18;10;3;5;3;2;2;0;0;23;1;20.75;15.09;23.58;16.98;9.43;2.83;4.72;2.83;1.89;1.89;0;0;17.42;0.94
28140;28;Epernon;3817;2927;2861;595;609;720;487;158;17;182;42;30;15;6;0;890;13;20.8;21.29;25.17;17.02;5.52;0.59;6.36;1.47;1.05;0.52;0.21;0;23.32;0.45
28141;28;Ermenonville-la-Grande;233;203;195;50;26;46;43;19;2;4;1;2;0;2;0;30;0;25.64;13.33;23.59;22.05;9.74;1.03;2.05;0.51;1.03;0;1.03;0;12.88;0
28142;28;Ermenonville-la-Petite;145;127;120;42;20;25;12;10;2;7;0;1;1;0;0;18;0;35;16.67;20.83;10;8.33;1.67;5.83;0;0.83;0.83;0;0;12.41;0
28143;28;Escorpain;191;152;149;50;25;18;39;4;2;5;2;4;0;0;0;39;0;33.56;16.78;12.08;26.17;2.68;1.34;3.36;1.34;2.68;0;0;0;20.42;0
28144;28;Les Etilleux;156;131;130;38;18;13;44;3;6;4;1;0;2;1;0;25;1;29.23;13.85;10;33.85;2.31;4.62;3.08;0.77;0;1.54;0.77;0;16.03;0.77
28146;28;Faverolles;669;555;543;91;67;130;169;36;4;26;10;3;7;0;0;114;0;16.76;12.34;23.94;31.12;6.63;0.74;4.79;1.84;0.55;1.29;0;0;17.04;0
28147;28;Favières;424;343;338;101;56;68;74;19;5;7;1;6;1;0;0;81;1;29.88;16.57;20.12;21.89;5.62;1.48;2.07;0.3;1.78;0.3;0;0;19.1;0.3
28148;28;Le Favril;285;229;226;53;29;34;68;20;0;16;1;5;0;0;0;56;2;23.45;12.83;15.04;30.09;8.85;0;7.08;0.44;2.21;0;0;0;19.65;0.88
28149;28;La Ferté-Vidame;524;391;378;120;44;76;84;20;3;14;7;4;6;0;0;133;3;31.75;11.64;20.11;22.22;5.29;0.79;3.7;1.85;1.06;1.59;0;0;25.38;0.79
28151;28;Fessanvilliers-Mattanvilliers;118;88;86;27;6;12;32;2;0;6;1;0;0;0;0;30;2;31.4;6.98;13.95;37.21;2.33;0;6.98;1.16;0;0;0;0;25.42;2.33
28153;28;Flacey;180;147;137;47;18;25;19;17;3;6;0;1;1;0;0;33;8;34.31;13.14;18.25;13.87;12.41;2.19;4.38;0;0.73;0.73;0;0;18.33;5.84
28154;28;Fontaine-la-Guyon;1086;958;929;233;113;248;190;62;9;48;6;10;10;0;0;128;6;25.08;12.16;26.7;20.45;6.67;0.97;5.17;0.65;1.08;1.08;0;0;11.79;0.65
28155;28;Fontaine-les-Ribouts;181;142;138;44;12;21;42;11;1;4;2;0;0;1;0;39;0;31.88;8.7;15.22;30.43;7.97;0.72;2.9;1.45;0;0;0.72;0;21.55;0
28156;28;Fontaine-Simon;700;595;574;185;98;99;115;42;1;19;2;10;2;1;0;105;3;32.23;17.07;17.25;20.03;7.32;0.17;3.31;0.35;1.74;0.35;0.17;0;15;0.52
28157;28;Fontenay-sur-Conie;127;112;109;23;14;22;30;4;1;5;0;8;1;1;0;15;2;21.1;12.84;20.18;27.52;3.67;0.92;4.59;0;7.34;0.92;0.92;0;11.81;1.83
28158;28;Fontenay-sur-Eure;776;661;647;139;61;165;203;28;5;22;8;7;4;5;0;115;2;21.48;9.43;25.5;31.38;4.33;0.77;3.4;1.24;1.08;0.62;0.77;0;14.82;0.31
28159;28;La Framboisière;277;231;227;91;22;37;41;16;2;13;2;1;2;0;0;46;0;40.09;9.69;16.3;18.06;7.05;0.88;5.73;0.88;0.44;0.88;0;0;16.61;0
28160;28;Francourville;556;489;481;158;58;97;89;42;8;16;5;6;2;0;0;67;1;32.85;12.06;20.17;18.5;8.73;1.66;3.33;1.04;1.25;0.42;0;0;12.05;0.21
28161;28;Frazé;395;323;317;97;42;57;88;16;1;11;2;1;1;1;0;72;0;30.6;13.25;17.98;27.76;5.05;0.32;3.47;0.63;0.32;0.32;0.32;0;18.23;0
28162;28;Fresnay-le-Comte;253;203;197;73;21;36;40;13;1;5;2;3;3;0;0;50;0;37.06;10.66;18.27;20.3;6.6;0.51;2.54;1.02;1.52;1.52;0;0;19.76;0
28163;28;Fresnay-le-Gilmert;179;150;146;44;16;29;37;8;2;6;1;1;2;0;0;29;2;30.14;10.96;19.86;25.34;5.48;1.37;4.11;0.68;0.68;1.37;0;0;16.2;1.37
28164;28;Fresnay-l'Evêque;478;398;389;128;68;67;82;17;1;14;3;2;5;2;0;80;4;32.9;17.48;17.22;21.08;4.37;0.26;3.6;0.77;0.51;1.29;0.51;0;16.74;1.03
28165;28;Frétigny;421;321;316;88;44;67;80;15;0;16;1;5;0;0;0;100;4;27.85;13.92;21.2;25.32;4.75;0;5.06;0.32;1.58;0;0;0;23.75;1.27
28166;28;Friaize;190;158;155;59;21;17;30;14;2;6;1;3;2;0;0;32;1;38.06;13.55;10.97;19.35;9.03;1.29;3.87;0.65;1.94;1.29;0;0;16.84;0.65
28167;28;Fruncé;283;230;227;74;23;42;53;18;1;5;0;9;1;1;0;53;0;32.6;10.13;18.5;23.35;7.93;0.44;2.2;0;3.96;0.44;0.44;0;18.73;0
28168;28;Gallardon;2496;1905;1850;457;341;416;337;130;12;106;18;20;10;3;0;591;5;24.7;18.43;22.49;18.22;7.03;0.65;5.73;0.97;1.08;0.54;0.16;0;23.68;0.27
28169;28;Garancières-en-Beauce;178;153;149;32;18;47;30;5;1;11;1;2;1;1;0;25;2;21.48;12.08;31.54;20.13;3.36;0.67;7.38;0.67;1.34;0.67;0.67;0;14.04;1.34
28170;28;Garancières-en-Drouais;214;183;176;42;25;54;28;6;5;14;0;1;1;0;0;31;1;23.86;14.2;30.68;15.91;3.41;2.84;7.95;0;0.57;0.57;0;0;14.49;0.57
28171;28;Garnay;686;587;572;133;93;124;136;48;3;20;4;3;4;4;0;99;4;23.25;16.26;21.68;23.78;8.39;0.52;3.5;0.7;0.52;0.7;0.7;0;14.43;0.7
28172;28;Gas;593;501;486;131;68;119;81;43;4;30;7;1;2;0;0;92;3;26.95;13.99;24.49;16.67;8.85;0.82;6.17;1.44;0.21;0.41;0;0;15.51;0.62
28173;28;Gasville-Oisème;965;843;825;154;125;263;179;49;10;31;4;6;4;0;0;122;4;18.67;15.15;31.88;21.7;5.94;1.21;3.76;0.48;0.73;0.48;0;0;12.64;0.48
28175;28;La Gaudaine;141;119;114;12;22;30;31;15;0;3;0;1;0;0;0;22;0;10.53;19.3;26.32;27.19;13.16;0;2.63;0;0.88;0;0;0;15.6;0
28176;28;Le Gault-Saint-Denis;475;402;388;121;62;69;79;22;2;19;9;2;3;0;0;73;1;31.19;15.98;17.78;20.36;5.67;0.52;4.9;2.32;0.52;0.77;0;0;15.37;0.26
28177;28;Gellainville;442;370;357;97;57;64;87;27;0;20;1;2;1;1;0;72;2;27.17;15.97;17.93;24.37;7.56;0;5.6;0.28;0.56;0.28;0.28;0;16.29;0.56
28178;28;Germainville;230;186;182;44;16;37;58;13;0;8;3;0;0;3;0;44;1;24.18;8.79;20.33;31.87;7.14;0;4.4;1.65;0;0;1.65;0;19.13;0.55
28180;28;Gilles;390;330;320;90;39;82;62;15;4;15;6;4;3;0;0;60;4;28.13;12.19;25.63;19.38;4.69;1.25;4.69;1.88;1.25;0.94;0;0;15.38;1.25
28182;28;Gohory;241;198;193;61;26;26;40;13;5;12;5;4;1;0;0;43;2;31.61;13.47;13.47;20.73;6.74;2.59;6.22;2.59;2.07;0.52;0;0;17.84;1.04
28183;28;Gommerville;453;391;385;139;47;51;89;29;1;18;3;5;2;1;0;62;0;36.1;12.21;13.25;23.12;7.53;0.26;4.68;0.78;1.3;0.52;0.26;0;13.69;0
28184;28;Gouillons;212;185;182;54;35;30;36;13;1;6;4;1;2;0;0;27;3;29.67;19.23;16.48;19.78;7.14;0.55;3.3;2.2;0.55;1.1;0;0;12.74;1.65
28185;28;Goussainville;912;758;735;205;103;162;148;48;9;37;9;4;7;3;0;154;4;27.89;14.01;22.04;20.14;6.53;1.22;5.03;1.22;0.54;0.95;0.41;0;16.89;0.54
28187;28;Guainville;477;417;408;120;47;111;69;26;0;25;3;5;2;0;0;60;2;29.41;11.52;27.21;16.91;6.37;0;6.13;0.74;1.23;0.49;0;0;12.58;0.49
28188;28;Le Gué-de-Longroi;587;513;506;119;114;89;95;43;4;28;5;6;3;0;0;74;1;23.52;22.53;17.59;18.77;8.5;0.79;5.53;0.99;1.19;0.59;0;0;12.61;0.2
28189;28;Guilleville;146;118;117;35;17;17;31;9;1;0;1;4;1;1;0;28;0;29.91;14.53;14.53;26.5;7.69;0.85;0;0.85;3.42;0.85;0.85;0;19.18;0
28190;28;Guillonville;344;292;277;99;32;50;63;17;0;10;3;2;0;1;0;52;2;35.74;11.55;18.05;22.74;6.14;0;3.61;1.08;0.72;0;0.36;0;15.12;0.72
28191;28;Hanches;1975;1681;1644;357;278;421;294;133;10;107;16;11;12;5;0;294;8;21.72;16.91;25.61;17.88;8.09;0.61;6.51;0.97;0.67;0.73;0.3;0;14.89;0.49
28192;28;Happonvilliers;211;180;173;69;23;22;39;12;4;4;0;0;0;0;0;31;3;39.88;13.29;12.72;22.54;6.94;2.31;2.31;0;0;0;0;0;14.69;1.73
28193;28;Havelu;115;99;97;27;14;19;28;5;0;3;1;0;0;0;0;16;0;27.84;14.43;19.59;28.87;5.15;0;3.09;1.03;0;0;0;0;13.91;0
28194;28;Houville-la-Branche;401;328;318;80;42;63;82;16;3;20;1;8;2;1;0;73;10;25.16;13.21;19.81;25.79;5.03;0.94;6.29;0.31;2.52;0.63;0.31;0;18.2;3.14
28195;28;Houx;607;503;491;118;85;135;73;36;4;30;4;3;3;0;0;104;0;24.03;17.31;27.49;14.87;7.33;0.81;6.11;0.81;0.61;0.61;0;0;17.13;0
28196;28;Illiers-Combray;2325;1788;1744;463;292;337;403;99;16;80;10;28;13;3;0;537;11;26.55;16.74;19.32;23.11;5.68;0.92;4.59;0.57;1.61;0.75;0.17;0;23.1;0.63
28197;28;Intréville;100;89;89;27;8;20;18;10;1;2;3;0;0;0;0;11;0;30.34;8.99;22.47;20.22;11.24;1.12;2.25;3.37;0;0;0;0;11;0
28198;28;Jallans;632;552;533;155;75;134;88;33;2;23;5;9;9;0;0;80;6;29.08;14.07;25.14;16.51;6.19;0.38;4.32;0.94;1.69;1.69;0;0;12.66;1.13
28199;28;Janville;1122;901;869;244;99;163;245;52;9;21;8;17;10;1;0;221;7;28.08;11.39;18.76;28.19;5.98;1.04;2.42;0.92;1.96;1.15;0.12;0;19.7;0.81
28200;28;Jaudrais;261;222;220;81;24;36;44;22;2;6;1;1;2;1;0;39;0;36.82;10.91;16.36;20;10;0.91;2.73;0.45;0.45;0.91;0.45;0;14.94;0
28201;28;Jouy;1492;1235;1206;253;192;322;239;79;19;71;7;17;6;1;0;257;9;20.98;15.92;26.7;19.82;6.55;1.58;5.89;0.58;1.41;0.5;0.08;0;17.23;0.75
28202;28;Lamblore;295;224;222;83;30;33;51;10;1;5;4;1;4;0;0;71;1;37.39;13.51;14.86;22.97;4.5;0.45;2.25;1.8;0.45;1.8;0;0;24.07;0.45
28203;28;Landelles;495;418;409;108;60;83;84;31;5;20;7;4;7;0;0;77;3;26.41;14.67;20.29;20.54;7.58;1.22;4.89;1.71;0.98;1.71;0;0;15.56;0.73
28205;28;Lanneray;446;361;348;120;31;45;100;22;3;13;2;7;2;3;0;85;4;34.48;8.91;12.93;28.74;6.32;0.86;3.74;0.57;2.01;0.57;0.86;0;19.06;1.15
28206;28;Laons;506;424;411;139;61;83;70;24;3;15;5;7;4;0;0;82;1;33.82;14.84;20.19;17.03;5.84;0.73;3.65;1.22;1.7;0.97;0;0;16.21;0.24
28207;28;Léthuin;157;130;120;46;14;21;23;7;1;5;0;1;1;1;0;27;2;38.33;11.67;17.5;19.17;5.83;0.83;4.17;0;0.83;0.83;0.83;0;17.2;1.67
28208;28;Levainville;322;263;256;65;34;63;70;11;0;8;1;2;1;1;0;59;2;25.39;13.28;24.61;27.34;4.3;0;3.13;0.39;0.78;0.39;0.39;0;18.32;0.78
28209;28;Lèves;3942;3157;3069;621;490;813;635;184;14;237;30;21;17;7;0;785;25;20.23;15.97;26.49;20.69;6;0.46;7.72;0.98;0.68;0.55;0.23;0;19.91;0.81
28210;28;Levesville-la-Chenard;154;126;120;41;14;22;27;12;1;1;0;0;1;1;0;28;0;34.17;11.67;18.33;22.5;10;0.83;0.83;0;0;0.83;0.83;0;18.18;0
28211;28;Logron;457;381;375;97;60;65;87;24;4;18;3;9;7;1;0;76;3;25.87;16;17.33;23.2;6.4;1.07;4.8;0.8;2.4;1.87;0.27;0;16.63;0.8
28212;28;Loigny-la-Bataille;173;154;149;36;21;29;41;8;3;5;1;4;1;0;0;19;2;24.16;14.09;19.46;27.52;5.37;2.01;3.36;0.67;2.68;0.67;0;0;10.98;1.34
28213;28;Lormaye;400;337;323;74;37;73;83;25;0;12;8;5;4;2;0;63;5;22.91;11.46;22.6;25.7;7.74;0;3.72;2.48;1.55;1.24;0.62;0;15.75;1.55
28214;28;La Loupe;2026;1575;1531;450;193;293;346;106;14;81;12;22;10;4;0;451;14;29.39;12.61;19.14;22.6;6.92;0.91;5.29;0.78;1.44;0.65;0.26;0;22.26;0.91
28215;28;Louville-la-Chenard;216;170;170;47;29;37;34;10;0;8;0;0;5;0;0;46;0;27.65;17.06;21.76;20;5.88;0;4.71;0;0;2.94;0;0;21.3;0
28216;28;Louvilliers-en-Drouais;144;133;128;40;16;27;28;4;1;10;0;2;0;0;0;11;3;31.25;12.5;21.09;21.88;3.13;0.78;7.81;0;1.56;0;0;0;7.64;2.34
28217;28;Louvilliers-lès-Perche;137;118;116;43;16;12;33;6;0;1;2;1;2;0;0;19;0;37.07;13.79;10.34;28.45;5.17;0;0.86;1.72;0.86;1.72;0;0;13.87;0
28218;28;Lucé;9854;7184;7002;1682;1317;1762;1136;421;51;410;58;81;71;13;0;2670;68;24.02;18.81;25.16;16.22;6.01;0.73;5.86;0.83;1.16;1.01;0.19;0;27.1;0.97
28219;28;Luigny;291;244;241;87;18;24;86;12;4;3;4;0;2;1;0;47;2;36.1;7.47;9.96;35.68;4.98;1.66;1.24;1.66;0;0.83;0.41;0;16.15;0.83
28220;28;Luisant;5071;4162;4051;685;597;1146;1078;227;40;184;31;29;29;5;0;909;24;16.91;14.74;28.29;26.61;5.6;0.99;4.54;0.77;0.72;0.72;0.12;0;17.93;0.59
28221;28;Lumeau;146;116;116;39;12;15;37;9;0;0;1;3;0;0;0;30;0;33.62;10.34;12.93;31.9;7.76;0;0;0.86;2.59;0;0;0;20.55;0
28222;28;Luplanté;301;262;251;83;33;60;37;15;3;10;2;6;2;0;0;39;1;33.07;13.15;23.9;14.74;5.98;1.2;3.98;0.8;2.39;0.8;0;0;12.96;0.4
28223;28;Luray;1082;882;851;187;197;207;141;50;7;35;14;9;1;3;0;200;9;21.97;23.15;24.32;16.57;5.88;0.82;4.11;1.65;1.06;0.12;0.35;0;18.48;1.06
28225;28;Magny;492;393;380;113;63;86;66;25;1;17;3;3;2;1;0;99;0;29.74;16.58;22.63;17.37;6.58;0.26;4.47;0.79;0.79;0.53;0.26;0;20.12;0
28226;28;Maillebois;740;610;594;179;83;110;140;37;5;25;5;4;6;0;0;130;8;30.13;13.97;18.52;23.57;6.23;0.84;4.21;0.84;0.67;1.01;0;0;17.57;1.35
28227;28;Maintenon;3248;2565;2504;517;436;631;474;147;36;174;39;28;14;8;0;683;17;20.65;17.41;25.2;18.93;5.87;1.44;6.95;1.56;1.12;0.56;0.32;0;21.03;0.68
28229;28;Mainvilliers;6934;4975;4842;941;1025;1358;735;233;28;383;45;43;43;8;0;1959;40;19.43;21.17;28.05;15.18;4.81;0.58;7.91;0.93;0.89;0.89;0.17;0;28.25;0.83
28230;28;Maisons;249;213;207;76;25;44;32;13;0;11;2;3;0;1;0;36;3;36.71;12.08;21.26;15.46;6.28;0;5.31;0.97;1.45;0;0.48;0;14.46;1.45
28231;28;La Mancelière;131;114;113;48;8;24;20;2;0;7;1;1;2;0;0;17;0;42.48;7.08;21.24;17.7;1.77;0;6.19;0.88;0.88;1.77;0;0;12.98;0
28232;28;Manou;433;348;345;123;32;53;82;32;3;11;4;2;2;1;0;85;1;35.65;9.28;15.36;23.77;9.28;0.87;3.19;1.16;0.58;0.58;0.29;0;19.63;0.29
28233;28;Marboué;825;698;676;208;86;153;125;51;5;25;6;8;9;0;0;127;4;30.77;12.72;22.63;18.49;7.54;0.74;3.7;0.89;1.18;1.33;0;0;15.39;0.59
28234;28;Marchéville;341;285;278;88;45;38;61;26;2;6;2;5;4;1;0;56;1;31.65;16.19;13.67;21.94;9.35;0.72;2.16;0.72;1.8;1.44;0.36;0;16.42;0.36
28235;28;Marchezais;250;215;209;56;42;43;37;11;4;8;5;1;1;1;0;35;3;26.79;20.1;20.57;17.7;5.26;1.91;3.83;2.39;0.48;0.48;0.48;0;14;1.44
28236;28;Margon;974;853;833;147;99;180;273;65;11;40;4;9;3;2;0;121;7;17.65;11.88;21.61;32.77;7.8;1.32;4.8;0.48;1.08;0.36;0.24;0;12.42;0.84
28237;28;Marolles-les-Buis;206;171;169;31;16;38;61;3;2;10;0;4;4;0;0;35;1;18.34;9.47;22.49;36.09;1.78;1.18;5.92;0;2.37;2.37;0;0;16.99;0.59
28239;28;Marville-Moutiers-Brûlé;721;594;580;155;76;117;131;49;5;26;10;10;1;0;0;127;4;26.72;13.1;20.17;22.59;8.45;0.86;4.48;1.72;1.72;0.17;0;0;17.61;0.69
28240;28;Meaucé;397;338;324;116;27;40;82;32;6;13;2;4;2;0;0;59;5;35.8;8.33;12.35;25.31;9.88;1.85;4.01;0.62;1.23;0.62;0;0;14.86;1.54
28242;28;Méréglise;71;59;59;19;8;8;23;0;0;0;0;0;1;0;0;12;0;32.2;13.56;13.56;38.98;0;0;0;0;0;1.69;0;0;16.9;0
28243;28;Mérouville;154;128;126;35;10;40;22;8;5;5;0;0;1;0;0;26;0;27.78;7.94;31.75;17.46;6.35;3.97;3.97;0;0;0.79;0;0;16.88;0
28245;28;Meslay-le-Grenet;269;232;224;42;33;63;55;17;1;9;2;1;1;0;0;37;2;18.75;14.73;28.13;24.55;7.59;0.45;4.02;0.89;0.45;0.45;0;0;13.75;0.89
28246;28;Meslay-le-Vidame;366;302;284;94;35;54;63;20;2;6;1;7;2;0;0;64;18;33.1;12.32;19.01;22.18;7.04;0.7;2.11;0.35;2.46;0.7;0;0;17.49;6.34
28247;28;Le Mesnil-Simon;437;397;390;141;49;72;79;22;4;12;1;5;4;1;0;40;3;36.15;12.56;18.46;20.26;5.64;1.03;3.08;0.26;1.28;1.03;0.26;0;9.15;0.77
28248;28;Le Mesnil-Thomas;275;232;225;71;34;33;51;15;3;13;1;2;2;0;0;43;0;31.56;15.11;14.67;22.67;6.67;1.33;5.78;0.44;0.89;0.89;0;0;15.64;0
28249;28;Mévoisins;497;424;418;107;80;91;67;33;5;26;1;4;4;0;0;73;2;25.6;19.14;21.77;16.03;7.89;1.2;6.22;0.24;0.96;0.96;0;0;14.69;0.48
28250;28;Mézières-au-Perche;110;90;88;18;14;26;18;5;1;1;1;2;2;0;0;20;0;20.45;15.91;29.55;20.45;5.68;1.14;1.14;1.14;2.27;2.27;0;0;18.18;0
28251;28;Mézières-en-Drouais;817;654;638;151;102;131;146;37;6;52;4;7;2;0;0;163;4;23.67;15.99;20.53;22.88;5.8;0.94;8.15;0.63;1.1;0.31;0;0;19.95;0.63
28252;28;Miermaigne;176;137;132;40;18;25;32;7;3;1;2;3;0;1;0;39;1;30.3;13.64;18.94;24.24;5.3;2.27;0.76;1.52;2.27;0;0.76;0;22.16;0.76
28253;28;Mignières;747;635;622;147;73;165;145;53;9;18;2;5;3;2;0;112;3;23.63;11.74;26.53;23.31;8.52;1.45;2.89;0.32;0.8;0.48;0.32;0;14.99;0.48
28254;28;Mittainvilliers-Vérigny;571;483;467;123;70;92;101;29;4;33;4;6;4;1;0;88;1;26.34;14.99;19.7;21.63;6.21;0.86;7.07;0.86;1.28;0.86;0.21;0;15.41;0.21
28255;28;Moinville-la-Jeulin;92;83;79;29;11;22;10;5;0;1;1;0;0;0;0;9;1;36.71;13.92;27.85;12.66;6.33;0;1.27;1.27;0;0;0;0;9.78;1.27
28256;28;Moléans;385;319;312;85;45;65;67;22;1;22;0;4;0;1;0;66;1;27.24;14.42;20.83;21.47;7.05;0.32;7.05;0;1.28;0;0.32;0;17.14;0.32
28257;28;Mondonville-Saint-Jean;56;48;48;12;4;12;14;2;0;4;0;0;0;0;0;8;0;25;8.33;25;29.17;4.17;0;8.33;0;0;0;0;0;14.29;0
28259;28;Montboissier;247;215;212;61;23;31;70;14;1;8;0;1;3;0;0;32;0;28.77;10.85;14.62;33.02;6.6;0.47;3.77;0;0.47;1.42;0;0;12.96;0
28260;28;Montharville;82;73;72;25;12;12;15;1;1;6;0;0;0;0;0;9;0;34.72;16.67;16.67;20.83;1.39;1.39;8.33;0;0;0;0;0;10.98;0
28261;28;Montigny-le-Chartif;423;340;334;126;43;57;70;18;1;11;3;2;2;1;0;83;0;37.72;12.87;17.07;20.96;5.39;0.3;3.29;0.9;0.6;0.6;0.3;0;19.62;0
28263;28;Montigny-sur-Avre;216;189;187;64;20;35;48;8;1;8;1;1;1;0;0;27;2;34.22;10.7;18.72;25.67;4.28;0.53;4.28;0.53;0.53;0.53;0;0;12.5;1.07
28264;28;Montireau;134;109;106;31;16;20;25;9;2;2;0;1;0;0;0;25;0;29.25;15.09;18.87;23.58;8.49;1.89;1.89;0;0.94;0;0;0;18.66;0
28265;28;Montlandon;201;158;152;54;19;27;32;9;1;6;1;1;2;0;0;43;3;35.53;12.5;17.76;21.05;5.92;0.66;3.95;0.66;0.66;1.32;0;0;21.39;1.97
28267;28;Montreuil;381;319;311;83;42;66;83;15;4;11;0;3;3;1;0;62;1;26.69;13.5;21.22;26.69;4.82;1.29;3.54;0;0.96;0.96;0.32;0;16.27;0.32
28268;28;Morainville;24;17;17;2;4;3;8;0;0;0;0;0;0;0;0;7;0;11.76;23.53;17.65;47.06;0;0;0;0;0;0;0;0;29.17;0
28269;28;Morancez;1455;1252;1216;297;146;291;294;86;11;61;7;16;4;3;0;203;4;24.42;12.01;23.93;24.18;7.07;0.9;5.02;0.58;1.32;0.33;0.25;0;13.95;0.33
28270;28;Moriers;161;146;139;34;28;37;30;2;1;6;0;0;0;1;0;15;2;24.46;20.14;26.62;21.58;1.44;0.72;4.32;0;0;0;0.72;0;9.32;1.44
28271;28;Morvilliers;121;106;105;33;10;11;37;12;0;0;0;1;1;0;0;15;0;31.43;9.52;10.48;35.24;11.43;0;0;0;0.95;0.95;0;0;12.4;0
28272;28;Mottereau;125;105;105;25;11;32;27;3;1;6;0;0;0;0;0;20;0;23.81;10.48;30.48;25.71;2.86;0.95;5.71;0;0;0;0;0;16;0
28273;28;Moulhard;127;114;114;36;5;9;53;8;0;2;0;1;0;0;0;13;0;31.58;4.39;7.89;46.49;7.02;0;1.75;0;0.88;0;0;0;10.24;0
28274;28;Moutiers;195;171;166;52;19;20;50;14;2;1;1;4;0;3;0;24;3;31.33;11.45;12.05;30.12;8.43;1.2;0.6;0.6;2.41;0;1.81;0;12.31;1.81
28275;28;Néron;523;433;427;89;75;111;83;31;3;24;3;6;2;0;0;90;0;20.84;17.56;26;19.44;7.26;0.7;5.62;0.7;1.41;0.47;0;0;17.21;0
28276;28;Neuvy-en-Beauce;151;135;132;31;26;12;37;16;3;6;1;0;0;0;0;16;1;23.48;19.7;9.09;28.03;12.12;2.27;4.55;0.76;0;0;0;0;10.6;0.76
28277;28;Neuvy-en-Dunois;269;228;224;56;16;31;87;9;10;8;1;5;1;0;0;41;1;25;7.14;13.84;38.84;4.02;4.46;3.57;0.45;2.23;0.45;0;0;15.24;0.45
28278;28;Nogent-le-Phaye;1045;929;902;184;118;227;220;55;4;64;9;10;10;1;0;116;8;20.4;13.08;25.17;24.39;6.1;0.44;7.1;1;1.11;1.11;0.11;0;11.1;0.89
28279;28;Nogent-le-Roi;2621;2089;2036;514;340;418;424;134;7;126;34;28;9;2;0;532;14;25.25;16.7;20.53;20.83;6.58;0.34;6.19;1.67;1.38;0.44;0.1;0;20.3;0.69
28280;28;Nogent-le-Rotrou;7012;5445;5274;1225;778;1233;1308;247;54;269;35;53;58;14;0;1567;45;23.23;14.75;23.38;24.8;4.68;1.02;5.1;0.66;1;1.1;0.27;0;22.35;0.85
28281;28;Nogent-sur-Eure;371;300;290;63;41;70;80;13;2;13;2;3;2;1;0;71;2;21.72;14.14;24.14;27.59;4.48;0.69;4.48;0.69;1.03;0.69;0.34;0;19.14;0.69
28282;28;Nonvilliers-Grandhoux;307;257;253;76;41;50;52;14;1;13;4;1;1;0;0;50;4;30.04;16.21;19.76;20.55;5.53;0.4;5.14;1.58;0.4;0.4;0;0;16.29;1.58
28283;28;Nottonville;232;191;185;55;25;28;49;15;2;3;3;3;2;0;0;41;2;29.73;13.51;15.14;26.49;8.11;1.08;1.62;1.62;1.62;1.08;0;0;17.67;1.08
28284;28;Oinville-Saint-Liphard;229;195;191;48;30;26;57;24;0;3;0;1;2;0;0;34;0;25.13;15.71;13.61;29.84;12.57;0;1.57;0;0.52;1.05;0;0;14.85;0
28285;28;Oinville-sous-Auneau;220;200;195;64;22;35;58;8;1;5;1;0;1;0;0;20;1;32.82;11.28;17.95;29.74;4.1;0.51;2.56;0.51;0;0.51;0;0;9.09;0.51
28286;28;Ollé;413;369;359;106;61;80;57;32;3;8;4;4;4;0;0;44;5;29.53;16.99;22.28;15.88;8.91;0.84;2.23;1.11;1.11;1.11;0;0;10.65;1.39
28287;28;Orgères-en-Beauce;704;550;527;165;65;88;138;36;1;19;2;6;5;2;0;154;7;31.31;12.33;16.7;26.19;6.83;0.19;3.61;0.38;1.14;0.95;0.38;0;21.88;1.33
28289;28;Ormoy;186;162;156;49;28;30;25;15;1;4;1;1;2;0;0;24;1;31.41;17.95;19.23;16.03;9.62;0.64;2.56;0.64;0.64;1.28;0;0;12.9;0.64
28290;28;Orrouer;203;166;163;61;25;22;25;10;2;16;0;1;1;0;0;37;1;37.42;15.34;13.5;15.34;6.13;1.23;9.82;0;0.61;0.61;0;0;18.23;0.61
28291;28;Ouarville;391;328;321;81;57;55;73;16;7;22;3;3;4;0;0;63;1;25.23;17.76;17.13;22.74;4.98;2.18;6.85;0.93;0.93;1.25;0;0;16.11;0.31
28292;28;Ouerre;581;490;475;121;79;107;111;19;2;23;6;5;1;1;0;91;1;25.47;16.63;22.53;23.37;4;0.42;4.84;1.26;1.05;0.21;0.21;0;15.66;0.21
28293;28;Oulins;841;711;693;235;102;141;111;52;3;27;10;7;3;2;0;130;2;33.91;14.72;20.35;16.02;7.5;0.43;3.9;1.44;1.01;0.43;0.29;0;15.46;0.29
28294;28;Oysonville;368;307;299;109;36;48;64;24;6;3;5;1;1;2;0;61;1;36.45;12.04;16.05;21.4;8.03;2.01;1;1.67;0.33;0.33;0.67;0;16.58;0.33
28296;28;Péronville;198;170;160;45;26;27;42;3;2;9;2;2;1;1;0;28;7;28.13;16.25;16.88;26.25;1.88;1.25;5.63;1.25;1.25;0.63;0.63;0;14.14;4.38
28298;28;Pierres;2116;1704;1660;369;284;410;307;117;11;117;20;18;6;1;0;412;11;22.23;17.11;24.7;18.49;7.05;0.66;7.05;1.2;1.08;0.36;0.06;0;19.47;0.66
28299;28;Les Pinthières;117;108;106;28;16;20;27;7;0;5;1;1;1;0;0;9;1;26.42;15.09;18.87;25.47;6.6;0;4.72;0.94;0.94;0.94;0;0;7.69;0.94
28300;28;Poinville;101;83;82;26;8;16;22;5;0;2;0;2;1;0;0;18;0;31.71;9.76;19.51;26.83;6.1;0;2.44;0;2.44;1.22;0;0;17.82;0
28301;28;Poisvilliers;310;263;258;62;46;48;57;21;1;20;0;2;1;0;0;47;5;24.03;17.83;18.6;22.09;8.14;0.39;7.75;0;0.78;0.39;0;0;15.16;1.94
28302;28;Pontgouin;683;572;557;156;105;84;124;35;7;23;10;6;5;2;0;111;5;28.01;18.85;15.08;22.26;6.28;1.26;4.13;1.8;1.08;0.9;0.36;0;16.25;0.9
28303;28;Poupry;88;78;71;21;5;14;23;4;0;1;0;2;1;0;0;10;2;29.58;7.04;19.72;32.39;5.63;0;1.41;0;2.82;1.41;0;0;11.36;2.82
28304;28;Prasville;323;282;273;101;34;46;59;12;1;6;4;6;4;0;0;41;2;37;12.45;16.85;21.61;4.4;0.37;2.2;1.47;2.2;1.47;0;0;12.69;0.73
28305;28;Pré-Saint-Evroult;235;207;195;55;26;31;36;23;2;11;1;6;4;0;0;28;3;28.21;13.33;15.9;18.46;11.79;1.03;5.64;0.51;3.08;2.05;0;0;11.91;1.54
28306;28;Pré-Saint-Martin;148;137;133;47;11;9;37;10;1;10;3;2;2;1;0;11;0;35.34;8.27;6.77;27.82;7.52;0.75;7.52;2.26;1.5;1.5;0.75;0;7.43;0
28308;28;Prudemanche;189;161;157;53;22;23;41;7;0;9;0;1;1;0;0;28;2;33.76;14.01;14.65;26.11;4.46;0;5.73;0;0.64;0.64;0;0;14.81;1.27
28309;28;Prunay-le-Gillon;793;663;641;167;96;135;148;43;4;29;6;9;2;2;0;130;1;26.05;14.98;21.06;23.09;6.71;0.62;4.52;0.94;1.4;0.31;0.31;0;16.39;0.16
28310;28;La Puisaye;230;193;188;43;18;42;55;7;4;14;1;1;2;1;0;37;3;22.87;9.57;22.34;29.26;3.72;2.13;7.45;0.53;0.53;1.06;0.53;0;16.09;1.6
28311;28;Le Puiset;296;228;226;59;43;30;61;12;0;13;1;3;4;0;0;68;0;26.11;19.03;13.27;26.99;5.31;0;5.75;0.44;1.33;1.77;0;0;22.97;0
28312;28;Puiseux;106;98;98;38;12;9;36;3;0;0;0;0;0;0;0;8;0;38.78;12.24;9.18;36.73;3.06;0;0;0;0;0;0;0;7.55;0
28313;28;Réclainville;131;117;111;27;18;26;26;7;0;2;2;0;2;1;0;14;5;24.32;16.22;23.42;23.42;6.31;0;1.8;1.8;0;1.8;0.9;0;10.69;4.5
28314;28;Les Ressuintes;136;112;110;38;12;11;31;10;1;2;1;2;1;1;0;24;1;34.55;10.91;10;28.18;9.09;0.91;1.82;0.91;1.82;0.91;0.91;0;17.65;0.91
28315;28;Revercourt;31;26;24;5;1;5;12;0;0;1;0;0;0;0;0;5;0;20.83;4.17;20.83;50;0;0;4.17;0;0;0;0;0;16.13;0
28316;28;Rohaire;128;111;109;34;8;11;41;10;0;2;2;1;0;0;0;17;1;31.19;7.34;10.09;37.61;9.17;0;1.83;1.83;0.92;0;0;0;13.28;0.92
28317;28;Roinville;360;312;302;111;40;61;42;20;2;17;2;3;0;4;0;48;2;36.75;13.25;20.2;13.91;6.62;0.66;5.63;0.66;0.99;0;1.32;0;13.33;0.66
28319;28;Rouvray-Saint-Denis;331;270;261;93;24;48;57;12;4;13;2;5;1;2;0;61;2;35.63;9.2;18.39;21.84;4.6;1.53;4.98;0.77;1.92;0.38;0.77;0;18.43;0.77
28321;28;Rouvres;621;522;506;119;68;120;107;44;7;29;5;4;3;0;0;99;5;23.52;13.44;23.72;21.15;8.7;1.38;5.73;0.99;0.79;0.59;0;0;15.94;0.99
28322;28;Rueil-la-Gadelière;386;305;301;85;47;56;68;25;4;11;0;3;2;0;0;81;1;28.24;15.61;18.6;22.59;8.31;1.33;3.65;0;1;0.66;0;0;20.98;0.33
28323;28;Saint-Ange-et-Torçay;230;183;178;51;27;22;52;17;1;5;1;2;0;0;0;47;5;28.65;15.17;12.36;29.21;9.55;0.56;2.81;0.56;1.12;0;0;0;20.43;2.81
28324;28;Saint-Arnoult-des-Bois;682;542;526;129;92;102;118;35;4;38;0;5;2;1;0;140;5;24.52;17.49;19.39;22.43;6.65;0.76;7.22;0;0.95;0.38;0.19;0;20.53;0.95
28325;28;Saint-Aubin-des-Bois;752;647;634;167;113;145;121;52;5;25;2;3;1;0;0;105;2;26.34;17.82;22.87;19.09;8.2;0.79;3.94;0.32;0.47;0.16;0;0;13.96;0.32
28326;28;Saint-Avit-les-Guespières;268;224;215;69;21;43;52;14;1;8;2;3;2;0;0;44;1;32.09;9.77;20;24.19;6.51;0.47;3.72;0.93;1.4;0.93;0;0;16.42;0.47
28327;28;Saint-Bomer;153;122;122;34;24;15;32;5;5;3;0;2;2;0;0;31;0;27.87;19.67;12.3;26.23;4.1;4.1;2.46;0;1.64;1.64;0;0;20.26;0
28329;28;Saint-Christophe;136;127;126;39;11;23;35;13;1;2;1;0;1;0;0;9;1;30.95;8.73;18.25;27.78;10.32;0.79;1.59;0.79;0;0.79;0;0;6.62;0.79
28330;28;Villemaury;1031;864;831;294;103;142;175;53;11;31;7;6;9;0;0;167;10;35.38;12.39;17.09;21.06;6.38;1.32;3.73;0.84;0.72;1.08;0;0;16.2;1.2
28331;28;Saint-Denis-d'Authou;469;387;381;101;37;82;109;19;6;17;0;3;6;1;0;82;0;26.51;9.71;21.52;28.61;4.99;1.57;4.46;0;0.79;1.57;0.26;0;17.48;0
28332;28;Sainte-Gemme-Moronval;745;629;618;130;102;160;144;29;4;33;5;8;3;0;0;116;1;21.04;16.5;25.89;23.3;4.69;0.65;5.34;0.81;1.29;0.49;0;0;15.57;0.16
28333;28;Saint-Denis-des-Puits;111;99;98;25;11;11;26;9;5;4;6;0;1;0;0;12;0;25.51;11.22;11.22;26.53;9.18;5.1;4.08;6.12;0;1.02;0;0;10.81;0
28334;28;Saint-Denis-les-Ponts;1348;1155;1119;269;133;269;255;83;10;57;10;18;13;2;0;193;6;24.04;11.89;24.04;22.79;7.42;0.89;5.09;0.89;1.61;1.16;0.18;0;14.32;0.54
28335;28;Saint-Eliph;742;621;596;168;92;92;117;60;8;36;2;9;9;3;0;121;7;28.19;15.44;15.44;19.63;10.07;1.34;6.04;0.34;1.51;1.51;0.5;0;16.31;1.17
28336;28;Saint-Eman;83;73;71;31;8;16;9;1;0;2;2;1;0;1;0;10;0;43.66;11.27;22.54;12.68;1.41;0;2.82;2.82;1.41;0;1.41;0;12.05;0
28337;28;Saint-Georges-sur-Eure;2060;1764;1717;439;312;420;311;111;7;61;9;28;13;6;0;296;12;25.57;18.17;24.46;18.11;6.46;0.41;3.55;0.52;1.63;0.76;0.35;0;14.37;0.7
28339;28;Saint-Germain-le-Gaillard;252;221;214;63;34;44;37;14;6;10;2;3;1;0;0;31;1;29.44;15.89;20.56;17.29;6.54;2.8;4.67;0.93;1.4;0.47;0;0;12.3;0.47
28341;28;Saint-Jean-de-Rebervilliers;198;157;152;52;24;20;35;10;2;5;3;1;0;0;0;41;2;34.21;15.79;13.16;23.03;6.58;1.32;3.29;1.97;0.66;0;0;0;20.71;1.32
28342;28;Saint-Jean-Pierre-Fixte;216;191;190;55;23;28;63;11;2;3;2;3;0;0;0;25;0;28.95;12.11;14.74;33.16;5.79;1.05;1.58;1.05;1.58;0;0;0;11.57;0
28343;28;Saint-Laurent-la-Gâtine;373;313;307;66;43;69;65;32;0;22;6;2;1;1;0;60;0;21.5;14.01;22.48;21.17;10.42;0;7.17;1.95;0.65;0.33;0.33;0;16.09;0
28344;28;Saint-Léger-des-Aubées;200;155;152;29;23;43;36;4;1;9;1;3;3;0;0;45;0;19.08;15.13;28.29;23.68;2.63;0.66;5.92;0.66;1.97;1.97;0;0;22.5;0
28346;28;Saint-Lubin-de-Cravant;60;55;55;11;8;11;16;4;2;3;0;0;0;0;0;5;0;20;14.55;20;29.09;7.27;3.64;5.45;0;0;0;0;0;8.33;0
28347;28;Saint-Lubin-de-la-Haye;668;584;572;110;92;124;150;43;5;40;4;2;1;1;0;84;3;19.23;16.08;21.68;26.22;7.52;0.87;6.99;0.7;0.35;0.17;0.17;0;12.57;0.52
28348;28;Saint-Lubin-des-Joncherets;2741;2082;2026;646;368;405;301;116;18;107;10;32;20;3;0;659;24;31.89;18.16;19.99;14.86;5.73;0.89;5.28;0.49;1.58;0.99;0.15;0;24.04;1.18
28349;28;Saint-Lucien;223;197;193;36;26;50;52;9;1;15;1;2;1;0;0;26;4;18.65;13.47;25.91;26.94;4.66;0.52;7.77;0.52;1.04;0.52;0;0;11.66;2.07
28350;28;Saint-Luperce;720;592;579;159;87;120;137;35;5;25;0;6;5;0;0;128;3;27.46;15.03;20.73;23.66;6.04;0.86;4.32;0;1.04;0.86;0;0;17.78;0.52
28351;28;Saint-Maixme-Hauterive;323;271;264;72;24;45;84;20;2;14;2;1;0;0;0;52;2;27.27;9.09;17.05;31.82;7.58;0.76;5.3;0.76;0.38;0;0;0;16.1;0.76
28352;28;Saint-Martin-de-Nigelles;1133;968;946;197;166;241;192;55;8;50;10;16;6;5;0;165;3;20.82;17.55;25.48;20.3;5.81;0.85;5.29;1.06;1.69;0.63;0.53;0;14.56;0.32
28353;28;Saint-Maur-sur-le-Loir;346;295;290;61;41;70;62;23;2;21;2;4;4;0;0;51;2;21.03;14.14;24.14;21.38;7.93;0.69;7.24;0.69;1.38;1.38;0;0;14.74;0.69
28354;28;Saint-Maurice-Saint-Germain;270;229;228;68;29;35;48;19;6;15;3;3;2;0;0;41;0;29.82;12.72;15.35;21.05;8.33;2.63;6.58;1.32;1.32;0.88;0;0;15.19;0
28355;28;Saint-Ouen-Marchefroy;254;217;213;37;19;56;77;6;3;10;4;0;1;0;0;37;4;17.37;8.92;26.29;36.15;2.82;1.41;4.69;1.88;0;0.47;0;0;14.57;1.88
28357;28;Saint-Piat;870;743;727;133;116;153;174;59;15;49;10;8;8;2;0;127;2;18.29;15.96;21.05;23.93;8.12;2.06;6.74;1.38;1.1;1.1;0.28;0;14.6;0.28
28358;28;Saint-Prest;1732;1393;1350;228;242;369;330;63;9;73;12;14;8;2;0;339;12;16.89;17.93;27.33;24.44;4.67;0.67;5.41;0.89;1.04;0.59;0.15;0;19.57;0.89
28359;28;Saint-Rémy-sur-Avre;2509;1881;1832;641;331;326;250;112;9;105;10;28;17;3;0;628;9;34.99;18.07;17.79;13.65;6.11;0.49;5.73;0.55;1.53;0.93;0.16;0;25.03;0.49
28360;28;Saint-Sauveur-Marville;740;597;583;180;87;101;124;35;9;35;5;5;2;0;0;143;3;30.87;14.92;17.32;21.27;6;1.54;6;0.86;0.86;0.34;0;0;19.32;0.51
28362;28;Saint-Victor-de-Buthon;435;358;347;112;41;52;98;22;3;14;1;3;1;0;0;77;4;32.28;11.82;14.99;28.24;6.34;0.86;4.03;0.29;0.86;0.29;0;0;17.7;1.15
28363;28;Sainville;755;614;598;150;102;104;139;50;3;26;11;7;5;1;0;141;4;25.08;17.06;17.39;23.24;8.36;0.5;4.35;1.84;1.17;0.84;0.17;0;18.68;0.67
28364;28;Sancheville;561;453;436;144;50;65;98;38;6;17;8;3;7;0;0;108;5;33.03;11.47;14.91;22.48;8.72;1.38;3.9;1.83;0.69;1.61;0;0;19.25;1.15
28365;28;Sandarville;282;261;251;76;22;60;46;31;3;6;3;3;1;0;0;21;1;30.28;8.76;23.9;18.33;12.35;1.2;2.39;1.2;1.2;0.4;0;0;7.45;0.4
28366;28;Santeuil;224;171;167;53;32;22;23;10;2;12;1;7;3;2;0;53;0;31.74;19.16;13.17;13.77;5.99;1.2;7.19;0.6;4.19;1.8;1.2;0;23.66;0
28367;28;Santilly;256;190;187;80;19;16;50;11;0;4;1;1;4;1;0;66;1;42.78;10.16;8.56;26.74;5.88;0;2.14;0.53;0.53;2.14;0.53;0;25.78;0.53
28368;28;La Saucelle;156;132;130;38;15;25;43;2;1;3;1;0;2;0;0;24;0;29.23;11.54;19.23;33.08;1.54;0.77;2.31;0.77;0;1.54;0;0;15.38;0
28369;28;Saulnières;469;391;380;120;57;77;64;27;6;23;2;2;2;0;0;78;10;31.58;15;20.26;16.84;7.11;1.58;6.05;0.53;0.53;0.53;0;0;16.63;2.63
28370;28;Saumeray;339;292;282;90;37;40;82;13;0;10;1;5;3;1;0;47;1;31.91;13.12;14.18;29.08;4.61;0;3.55;0.35;1.77;1.06;0.35;0;13.86;0.35
28371;28;Saussay;757;644;628;214;98;84;124;40;5;37;10;4;10;2;0;113;3;34.08;15.61;13.38;19.75;6.37;0.8;5.89;1.59;0.64;1.59;0.32;0;14.93;0.48
28372;28;Senantes;476;387;383;89;42;96;87;26;4;27;6;5;1;0;0;89;0;23.24;10.97;25.07;22.72;6.79;1.04;7.05;1.57;1.31;0.26;0;0;18.7;0
28373;28;Senonches;2323;1786;1737;553;248;276;410;127;17;62;14;14;11;5;0;537;15;31.84;14.28;15.89;23.6;7.31;0.98;3.57;0.81;0.81;0.63;0.29;0;23.12;0.86
28374;28;Serazereux;370;307;298;122;43;44;48;19;2;12;2;2;3;1;0;63;3;40.94;14.43;14.77;16.11;6.38;0.67;4.03;0.67;0.67;1.01;0.34;0;17.03;1.01
28375;28;Serville;253;232;226;79;34;47;33;9;2;9;6;3;2;2;0;21;0;34.96;15.04;20.8;14.6;3.98;0.88;3.98;2.65;1.33;0.88;0.88;0;8.3;0
28376;28;Soizé;260;224;220;73;16;37;65;8;3;5;2;7;2;2;0;36;3;33.18;7.27;16.82;29.55;3.64;1.36;2.27;0.91;3.18;0.91;0.91;0;13.85;1.36
28377;28;Sorel-Moussel;1356;1118;1093;363;181;191;239;46;5;39;12;10;5;2;0;238;8;33.21;16.56;17.47;21.87;4.21;0.46;3.57;1.1;0.91;0.46;0.18;0;17.55;0.73
28378;28;Souancé-au-Perche;428;372;364;94;31;73;121;24;3;6;3;7;2;0;0;56;4;25.82;8.52;20.05;33.24;6.59;0.82;1.65;0.82;1.92;0.55;0;0;13.08;1.1
28379;28;Soulaires;361;313;305;79;55;59;53;26;4;22;1;2;4;0;0;48;0;25.9;18.03;19.34;17.38;8.52;1.31;7.21;0.33;0.66;1.31;0;0;13.3;0
28380;28;Sours;1419;1175;1147;309;156;282;229;87;11;48;8;12;5;0;0;244;7;26.94;13.6;24.59;19.97;7.59;0.96;4.18;0.7;1.05;0.44;0;0;17.2;0.61
28382;28;Terminiers;627;530;515;165;57;73;144;42;1;14;3;12;4;0;0;97;3;32.04;11.07;14.17;27.96;8.16;0.19;2.72;0.58;2.33;0.78;0;0;15.47;0.58
28383;28;Theuville;569;464;455;124;88;77;96;29;2;26;3;6;3;1;0;105;4;27.25;19.34;16.92;21.1;6.37;0.44;5.71;0.66;1.32;0.66;0.22;0;18.45;0.88
28385;28;Le Thieulin;294;243;236;80;40;29;37;24;0;15;3;4;4;0;0;51;7;33.9;16.95;12.29;15.68;10.17;0;6.36;1.27;1.69;1.69;0;0;17.35;2.97
28386;28;Thimert-Gâtelles;820;686;672;227;77;135;141;34;9;25;9;7;6;2;0;134;5;33.78;11.46;20.09;20.98;5.06;1.34;3.72;1.34;1.04;0.89;0.3;0;16.34;0.74
28387;28;Thiron-Gardais;737;593;576;205;56;119;123;26;3;19;5;6;11;3;0;144;5;35.59;9.72;20.66;21.35;4.51;0.52;3.3;0.87;1.04;1.91;0.52;0;19.54;0.87
28388;28;Thivars;788;697;671;137;73;188;176;41;7;30;6;3;8;2;0;91;6;20.42;10.88;28.02;26.23;6.11;1.04;4.47;0.89;0.45;1.19;0.3;0;11.55;0.89
28389;28;Thiville;309;255;248;74;26;42;75;18;2;7;1;2;1;0;0;54;1;29.84;10.48;16.94;30.24;7.26;0.81;2.82;0.4;0.81;0.4;0;0;17.48;0.4
28390;28;Tillay-le-Péneux;276;217;213;49;25;33;82;11;5;2;4;1;0;1;0;59;3;23;11.74;15.49;38.5;5.16;2.35;0.94;1.88;0.47;0;0.47;0;21.38;1.41
28391;28;Toury;1926;1458;1419;476;196;221;314;89;9;53;10;28;16;7;0;468;14;33.54;13.81;15.57;22.13;6.27;0.63;3.74;0.7;1.97;1.13;0.49;0;24.3;0.99
28392;28;Trancrainville;130;104;103;21;17;16;34;5;0;5;0;2;1;2;0;26;0;20.39;16.5;15.53;33.01;4.85;0;4.85;0;1.94;0.97;1.94;0;20;0
28393;28;Tremblay-les-Villages;1637;1288;1254;408;170;196;257;108;8;59;18;19;9;2;0;349;7;32.54;13.56;15.63;20.49;8.61;0.64;4.7;1.44;1.52;0.72;0.16;0;21.32;0.56
28394;28;Tréon;1023;848;831;253;127;158;181;53;1;42;6;3;7;0;0;175;1;30.45;15.28;19.01;21.78;6.38;0.12;5.05;0.72;0.36;0.84;0;0;17.11;0.12
28395;28;Trizay-Coutretot-Saint-Serge;387;355;351;94;54;53;91;28;4;20;1;4;2;0;0;32;1;26.78;15.38;15.1;25.93;7.98;1.14;5.7;0.28;1.14;0.57;0;0;8.27;0.28
28396;28;Trizay-lès-Bonneval;228;197;192;57;20;33;43;18;3;14;2;1;1;0;0;31;1;29.69;10.42;17.19;22.4;9.38;1.56;7.29;1.04;0.52;0.52;0;0;13.6;0.52
28397;28;Umpeau;296;234;229;71;32;38;67;11;0;5;2;1;2;0;0;62;0;31;13.97;16.59;29.26;4.8;0;2.18;0.87;0.44;0.87;0;0;20.95;0
28398;28;Unverre;878;756;739;239;75;105;219;60;4;16;3;8;8;2;0;122;5;32.34;10.15;14.21;29.63;8.12;0.54;2.17;0.41;1.08;1.08;0.27;0;13.9;0.68
28400;28;Varize;153;141;138;42;14;26;40;8;0;7;0;0;0;1;0;12;2;30.43;10.14;18.84;28.99;5.8;0;5.07;0;0;0;0.72;0;7.84;1.45
28401;28;Vaupillon;365;289;281;95;37;45;68;25;3;6;0;0;2;0;0;76;6;33.81;13.17;16.01;24.2;8.9;1.07;2.14;0;0;0.71;0;0;20.82;2.14
28403;28;Ver-lès-Chartres;660;570;554;95;62;133;183;33;5;30;5;3;3;2;0;90;0;17.15;11.19;24.01;33.03;5.96;0.9;5.42;0.9;0.54;0.54;0.36;0;13.64;0
28404;28;Vernouillet;7285;5110;4967;1023;1377;1115;672;197;27;378;82;49;36;11;0;2175;39;20.6;27.72;22.45;13.53;3.97;0.54;7.61;1.65;0.99;0.72;0.22;0;29.86;0.79
28405;28;Vert-en-Drouais;871;698;677;225;96;112;145;45;7;26;10;3;7;1;0;173;3;33.23;14.18;16.54;21.42;6.65;1.03;3.84;1.48;0.44;1.03;0.15;0;19.86;0.44
28406;28;Eole-en-Beauce;842;671;658;199;74;94;225;35;6;13;1;9;1;1;0;171;4;30.24;11.25;14.29;34.19;5.32;0.91;1.98;0.15;1.37;0.15;0.15;0;20.31;0.61
28407;28;Vichères;252;215;210;64;30;38;56;9;4;7;1;1;0;0;0;37;1;30.48;14.29;18.1;26.67;4.29;1.9;3.33;0.48;0.48;0;0;0;14.68;0.48
28408;28;Vierville;71;62;60;23;15;4;13;2;0;2;0;1;0;0;0;9;1;38.33;25;6.67;21.67;3.33;0;3.33;0;1.67;0;0;0;12.68;1.67
28409;28;Vieuvicq;325;285;277;97;26;61;62;23;1;4;0;1;2;0;0;40;2;35.02;9.39;22.02;22.38;8.3;0.36;1.44;0;0.36;0.72;0;0;12.31;0.72
28410;28;Villampuy;204;181;180;48;22;29;54;14;3;5;1;4;0;0;0;23;1;26.67;12.22;16.11;30;7.78;1.67;2.78;0.56;2.22;0;0;0;11.27;0.56
28411;28;Villars;111;86;83;27;12;15;21;2;1;1;1;2;0;1;0;25;0;32.53;14.46;18.07;25.3;2.41;1.2;1.2;1.2;2.41;0;1.2;0;22.52;0
28412;28;Villeau;113;97;96;20;7;26;26;7;2;1;0;7;0;0;0;16;1;20.83;7.29;27.08;27.08;7.29;2.08;1.04;0;7.29;0;0;0;14.16;1.04
28414;28;Villebon;57;54;52;17;11;8;8;2;0;2;1;0;3;0;0;3;0;32.69;21.15;15.38;15.38;3.85;0;3.85;1.92;0;5.77;0;0;5.26;0
28415;28;Villemeux-sur-Eure;1144;971;948;280;164;172;203;62;7;42;5;6;7;0;0;173;5;29.54;17.3;18.14;21.41;6.54;0.74;4.43;0.53;0.63;0.74;0;0;15.12;0.53
28417;28;Villiers-le-Morhier;1047;857;837;173;140;213;193;44;11;42;6;7;5;3;0;190;5;20.67;16.73;25.45;23.06;5.26;1.31;5.02;0.72;0.84;0.6;0.36;0;18.15;0.6
28418;28;Villiers-Saint-Orien;157;129;128;31;24;21;32;12;0;3;1;3;1;0;0;28;1;24.22;18.75;16.41;25;9.38;0;2.34;0.78;2.34;0.78;0;0;17.83;0.78
28419;28;Vitray-en-Beauce;239;202;195;55;23;36;35;20;6;10;2;5;3;0;0;37;2;28.21;11.79;18.46;17.95;10.26;3.08;5.13;1.03;2.56;1.54;0;0;15.48;1.03
28421;28;Voise;197;166;160;58;20;33;33;9;0;4;1;2;0;0;0;31;1;36.25;12.5;20.63;20.63;5.63;0;2.5;0.63;1.25;0;0;0;15.74;0.63
28422;28;Les Villages-Vovéens;2656;2179;2123;672;327;389;438;114;16;98;11;33;20;5;0;477;11;31.65;15.4;18.32;20.63;5.37;0.75;4.62;0.52;1.55;0.94;0.24;0;17.96;0.52
28423;28;Yermenonville;443;386;373;100;59;82;76;16;6;25;3;5;0;1;0;57;2;26.81;15.82;21.98;20.38;4.29;1.61;6.7;0.8;1.34;0;0.27;0;12.87;0.54
28424;28;Yèvres;1431;1130;1101;357;105;200;292;64;10;36;4;15;16;2;0;301;12;32.43;9.54;18.17;26.52;5.81;0.91;3.27;0.36;1.36;1.45;0.18;0;21.03;1.09
28425;28;Ymeray;512;423;414;127;61;75;87;18;3;21;12;5;5;0;0;89;3;30.68;14.73;18.12;21.01;4.35;0.72;5.07;2.9;1.21;1.21;0;0;17.38;0.72
28426;28;Ymonville;348;307;299;83;30;57;95;9;1;12;3;5;4;0;0;41;2;27.76;10.03;19.06;31.77;3.01;0.33;4.01;1;1.67;1.34;0;0;11.78;0.67