insee;dep;nom;nb_inscrits;nb_votants;nb_exprimes;nb_voix1;nb_voix2;nb_voix3;nb_voix4;nb_voix5;nb_voix6;nb_voix7;nb_voix8;nb_voix9;nb_voix10;nb_voix11;nb_voix12;nb_voix13;nb_voix14;voix_1;voix_2;voix_3;voix_4;voix_5;voix_6;voix_7;voix_8;voix_9;voix_10;voix_11;voix_12;voix_13;voix_14
29001;29;Argol;733;610;598;135;125;118;105;27;9;47;10;15;4;3;0;123;2;22.58;20.9;19.73;17.56;4.52;1.51;7.86;1.67;2.51;0.67;0.5;0;16.78;0.33
29002;29;Arzano;1014;859;830;154;170;219;135;32;6;84;6;16;6;2;0;155;11;18.55;20.48;26.39;16.27;3.86;0.72;10.12;0.72;1.93;0.72;0.24;0;15.29;1.33
29003;29;Audierne;3315;2627;2574;378;432;756;594;90;32;234;13;32;10;3;0;688;11;14.69;16.78;29.37;23.08;3.5;1.24;9.09;0.51;1.24;0.39;0.12;0;20.75;0.43
29004;29;Bannalec;4332;3573;3463;597;811;882;467;135;45;373;24;86;38;5;0;759;39;17.24;23.42;25.47;13.49;3.9;1.3;10.77;0.69;2.48;1.1;0.14;0;17.52;1.13
29005;29;Baye;959;841;821;133;168;238;129;34;8;85;7;14;5;0;0;118;6;16.2;20.46;28.99;15.71;4.14;0.97;10.35;0.85;1.71;0.61;0;0;12.3;0.73
29006;29;Bénodet;3065;2654;2611;326;244;777;939;120;29;136;15;13;9;3;0;411;24;12.49;9.35;29.76;35.96;4.6;1.11;5.21;0.57;0.5;0.34;0.11;0;13.41;0.92
29007;29;Berrien;702;569;553;73;222;103;45;22;10;49;4;20;3;2;0;133;6;13.2;40.14;18.63;8.14;3.98;1.81;8.86;0.72;3.62;0.54;0.36;0;18.95;1.08
29008;29;Beuzec-Cap-Sizun;804;691;663;106;103;168;164;29;16;53;2;13;8;1;0;113;7;15.99;15.54;25.34;24.74;4.37;2.41;7.99;0.3;1.96;1.21;0.15;0;14.05;1.06
29010;29;Bodilis;1052;944;909;149;119;242;229;48;12;83;5;14;8;0;0;108;8;16.39;13.09;26.62;25.19;5.28;1.32;9.13;0.55;1.54;0.88;0;0;10.27;0.88
29011;29;Bohars;2695;2315;2275;224;391;806;453;94;19;243;14;22;5;4;0;380;4;9.85;17.19;35.43;19.91;4.13;0.84;10.68;0.62;0.97;0.22;0.18;0;14.1;0.18
29012;29;Bolazec;156;136;130;16;46;29;9;6;5;16;1;1;1;0;0;20;4;12.31;35.38;22.31;6.92;4.62;3.85;12.31;0.77;0.77;0.77;0;0;12.82;3.08
29013;29;Botmeur;179;134;127;7;42;38;8;3;0;19;2;7;1;0;0;45;3;5.51;33.07;29.92;6.3;2.36;0;14.96;1.57;5.51;0.79;0;0;25.14;2.36
29014;29;Botsorhel;356;295;290;49;80;79;21;5;2;40;0;10;2;2;0;61;3;16.9;27.59;27.24;7.24;1.72;0.69;13.79;0;3.45;0.69;0.69;0;17.13;1.03
29015;29;Bourg-Blanc;2540;2200;2133;305;415;671;372;118;21;177;5;26;19;4;0;340;9;14.3;19.46;31.46;17.44;5.53;0.98;8.3;0.23;1.22;0.89;0.19;0;13.39;0.42
29016;29;Brasparts;764;640;631;93;145;167;94;29;10;64;6;17;4;2;0;124;3;14.74;22.98;26.47;14.9;4.6;1.58;10.14;0.95;2.69;0.63;0.32;0;16.23;0.48
29017;29;Brélès;669;602;590;87;89;148;117;37;14;75;5;13;5;0;0;67;1;14.75;15.08;25.08;19.83;6.27;2.37;12.71;0.85;2.2;0.85;0;0;10.01;0.17
29018;29;Brennilis;366;277;270;43;71;37;38;9;7;45;7;11;1;1;0;89;4;15.93;26.3;13.7;14.07;3.33;2.59;16.67;2.59;4.07;0.37;0.37;0;24.32;1.48
29019;29;Brest;86619;65675;64202;8333;14636;17989;9966;2131;460;9017;492;770;309;99;0;20944;0;12.98;22.8;28.02;15.52;3.32;0.72;14.04;0.77;1.2;0.48;0.15;0;24.18;0
29020;29;Briec;3981;3245;3164;518;610;946;485;142;36;308;24;63;25;7;0;736;41;16.37;19.28;29.9;15.33;4.49;1.14;9.73;0.76;1.99;0.79;0.22;0;18.49;1.3
29021;29;Plounéour-Brignogan-Plages;1841;1552;1521;192;217;447;403;49;20;166;8;13;4;2;0;289;10;12.62;14.27;29.39;26.5;3.22;1.31;10.91;0.53;0.85;0.26;0.13;0;15.7;0.66
29022;29;Camaret-sur-Mer;2361;1835;1799;327;293;510;392;74;22;141;6;24;9;1;0;526;11;18.18;16.29;28.35;21.79;4.11;1.22;7.84;0.33;1.33;0.5;0.06;0;22.28;0.61
29023;29;Carantec;3026;2576;2532;199;331;780;898;59;21;211;5;19;4;5;0;450;7;7.86;13.07;30.81;35.47;2.33;0.83;8.33;0.2;0.75;0.16;0.2;0;14.87;0.28
29024;29;Carhaix-Plouguer;5706;4502;4377;573;949;1324;659;143;44;456;27;157;36;9;0;1204;46;13.09;21.68;30.25;15.06;3.27;1.01;10.42;0.62;3.59;0.82;0.21;0;21.1;1.05
29025;29;Cast;1207;1049;1027;194;194;242;183;49;15;108;5;25;10;2;0;158;4;18.89;18.89;23.56;17.82;4.77;1.46;10.52;0.49;2.43;0.97;0.19;0;13.09;0.39
29026;29;Châteaulin;3773;3019;2954;480;576;845;511;137;28;299;16;39;20;3;0;754;14;16.25;19.5;28.61;17.3;4.64;0.95;10.12;0.54;1.32;0.68;0.1;0;19.98;0.47
29027;29;Châteauneuf-du-Faou;2622;2146;2077;355;371;584;397;97;27;158;12;56;18;2;0;476;37;17.09;17.86;28.12;19.11;4.67;1.3;7.61;0.58;2.7;0.87;0.1;0;18.15;1.78
29028;29;Cléden-Cap-Sizun;847;696;684;111;111;175;159;17;12;70;5;16;7;1;0;151;2;16.23;16.23;25.58;23.25;2.49;1.75;10.23;0.73;2.34;1.02;0.15;0;17.83;0.29
29029;29;Cléden-Poher;868;721;705;144;132;188;117;21;10;58;4;15;15;1;0;147;5;20.43;18.72;26.67;16.6;2.98;1.42;8.23;0.57;2.13;2.13;0.14;0;16.94;0.71
29030;29;Cléder;3103;2539;2494;383;353;726;627;107;33;177;17;44;22;5;0;564;12;15.36;14.15;29.11;25.14;4.29;1.32;7.1;0.68;1.76;0.88;0.2;0;18.18;0.48
29031;29;Clohars-Carnoët;4062;3379;3307;514;590;934;711;126;33;314;17;48;17;3;0;683;23;15.54;17.84;28.24;21.5;3.81;1;9.5;0.51;1.45;0.51;0.09;0;16.81;0.7
29032;29;Clohars-Fouesnant;1719;1474;1446;193;204;466;380;67;12;90;9;17;4;4;0;245;4;13.35;14.11;32.23;26.28;4.63;0.83;6.22;0.62;1.18;0.28;0.28;0;14.25;0.28
29033;29;Le Cloître-Pleyben;429;334;323;63;56;72;58;21;8;29;3;11;2;0;0;95;4;19.5;17.34;22.29;17.96;6.5;2.48;8.98;0.93;3.41;0.62;0;0;22.14;1.24
29034;29;Le Cloître-Saint-Thégonnec;471;386;381;52;134;84;43;11;6;35;1;8;6;1;0;85;2;13.65;35.17;22.05;11.29;2.89;1.57;9.19;0.26;2.1;1.57;0.26;0;18.05;0.52
29035;29;Coat-Méal;702;623;608;118;102;161;95;36;10;60;7;13;6;0;0;79;1;19.41;16.78;26.48;15.63;5.92;1.64;9.87;1.15;2.14;0.99;0;0;11.25;0.16
29036;29;Collorec;465;350;339;63;69;96;43;11;7;25;4;13;8;0;0;115;5;18.58;20.35;28.32;12.68;3.24;2.06;7.37;1.18;3.83;2.36;0;0;24.73;1.47
29037;29;Combrit;3461;2963;2911;263;485;1068;646;84;17;278;19;32;17;2;0;498;6;9.03;16.66;36.69;22.19;2.89;0.58;9.55;0.65;1.1;0.58;0.07;0;14.39;0.21
29038;29;Commana;813;634;613;107;146;126;92;31;7;84;2;16;2;0;0;179;4;17.46;23.82;20.55;15.01;5.06;1.14;13.7;0.33;2.61;0.33;0;0;22.02;0.65
29039;29;Concarneau;17386;13531;13227;2014;2514;3983;2476;434;144;1263;87;208;83;21;0;3855;101;15.23;19.01;30.11;18.72;3.28;1.09;9.55;0.66;1.57;0.63;0.16;0;22.17;0.76
29040;29;Le Conquet;2310;1948;1918;272;239;561;556;84;19;162;8;12;4;1;0;362;5;14.18;12.46;29.25;28.99;4.38;0.99;8.45;0.42;0.63;0.21;0.05;0;15.67;0.26
29041;29;Coray;1353;1155;1129;217;189;341;165;69;15;90;10;17;11;5;0;198;6;19.22;16.74;30.2;14.61;6.11;1.33;7.97;0.89;1.51;0.97;0.44;0;14.63;0.53
29042;29;Crozon;6818;5472;5353;843;857;1349;1248;226;78;562;62;77;44;7;0;1346;41;15.75;16.01;25.2;23.31;4.22;1.46;10.5;1.16;1.44;0.82;0.13;0;19.74;0.77
29043;29;Daoulas;1412;1234;1209;119;283;374;183;50;15;154;5;22;4;0;0;178;2;9.84;23.41;30.93;15.14;4.14;1.24;12.74;0.41;1.82;0.33;0;0;12.61;0.17
29044;29;Dinéault;1070;920;890;179;180;210;179;24;15;67;7;20;9;0;0;150;10;20.11;20.22;23.6;20.11;2.7;1.69;7.53;0.79;2.25;1.01;0;0;14.02;1.12
29045;29;Dirinon;1761;1589;1557;188;283;457;264;107;27;188;9;16;13;5;0;172;2;12.07;18.18;29.35;16.96;6.87;1.73;12.07;0.58;1.03;0.83;0.32;0;9.77;0.13
29046;29;Douarnenez;12126;9485;9284;1110;2199;2559;1596;335;115;1032;61;200;62;15;0;2641;56;11.96;23.69;27.56;17.19;3.61;1.24;11.12;0.66;2.15;0.67;0.16;0;21.78;0.6
29047;29;Le Drennec;1342;1159;1129;185;174;338;199;58;22;121;9;16;7;0;0;183;6;16.39;15.41;29.94;17.63;5.14;1.95;10.72;0.8;1.42;0.62;0;0;13.64;0.53
29048;29;Edern;1646;1387;1348;244;255;377;174;78;20;150;14;21;13;2;0;259;16;18.1;18.92;27.97;12.91;5.79;1.48;11.13;1.04;1.56;0.96;0.15;0;15.74;1.19
29049;29;Elliant;2496;2101;2045;332;447;516;334;75;34;216;21;49;19;2;0;395;18;16.23;21.86;25.23;16.33;3.67;1.66;10.56;1.03;2.4;0.93;0.1;0;15.83;0.88
29051;29;Ergué-Gabéric;6560;5652;5537;721;1019;1916;809;236;57;605;32;90;44;8;0;908;48;13.02;18.4;34.6;14.61;4.26;1.03;10.93;0.58;1.63;0.79;0.14;0;13.84;0.87
29053;29;Le Faou;1345;1090;1070;149;214;307;176;33;14;141;6;23;6;1;0;255;3;13.93;20;28.69;16.45;3.08;1.31;13.18;0.56;2.15;0.56;0.09;0;18.96;0.28
29054;29;La Feuillée;462;376;366;38;122;91;35;8;7;47;1;12;5;0;0;86;6;10.38;33.33;24.86;9.56;2.19;1.91;12.84;0.27;3.28;1.37;0;0;18.61;1.64
29055;29;Le Folgoët;2493;2184;2124;325;361;641;438;102;18;187;14;28;8;2;0;309;15;15.3;17;30.18;20.62;4.8;0.85;8.8;0.66;1.32;0.38;0.09;0;12.39;0.71
29056;29;La Forest-Landerneau;1387;1227;1214;156;218;346;224;51;11;181;9;13;1;4;0;160;4;12.85;17.96;28.5;18.45;4.2;0.91;14.91;0.74;1.07;0.08;0.33;0;11.54;0.33
29057;29;La Forêt-Fouesnant;3006;2569;2510;309;311;769;730;92;33;219;18;25;4;0;0;437;12;12.31;12.39;30.64;29.08;3.67;1.31;8.73;0.72;1;0.16;0;0;14.54;0.48
29058;29;Fouesnant;8691;7429;7268;874;1060;2363;1885;307;60;539;61;70;38;11;0;1262;48;12.03;14.58;32.51;25.94;4.22;0.83;7.42;0.84;0.96;0.52;0.15;0;14.52;0.66
29059;29;Garlan;752;654;645;79;191;184;92;26;4;55;5;3;5;1;0;98;4;12.25;29.61;28.53;14.26;4.03;0.62;8.53;0.78;0.47;0.78;0.16;0;13.03;0.62
29060;29;Gouesnach;2282;2031;1984;262;343;713;339;84;24;182;4;19;8;6;0;251;13;13.21;17.29;35.94;17.09;4.23;1.21;9.17;0.2;0.96;0.4;0.3;0;11;0.66
29061;29;Gouesnou;5132;4356;4281;488;754;1494;781;175;22;462;29;44;28;4;0;776;12;11.4;17.61;34.9;18.24;4.09;0.51;10.79;0.68;1.03;0.65;0.09;0;15.12;0.28
29062;29;Gouézec;843;689;672;115;137;212;107;31;6;45;5;11;2;1;0;154;7;17.11;20.39;31.55;15.92;4.61;0.89;6.7;0.74;1.64;0.3;0.15;0;18.27;1.04
29063;29;Goulien;350;298;286;50;34;75;65;12;11;28;4;3;2;2;0;52;4;17.48;11.89;26.22;22.73;4.2;3.85;9.79;1.4;1.05;0.7;0.7;0;14.86;1.4
29064;29;Goulven;371;307;295;29;50;74;73;12;12;38;0;6;1;0;0;64;10;9.83;16.95;25.08;24.75;4.07;4.07;12.88;0;2.03;0.34;0;0;17.25;3.39
29065;29;Gourlizon;695;595;579;111;123;159;70;21;6;64;5;11;7;2;0;100;12;19.17;21.24;27.46;12.09;3.63;1.04;11.05;0.86;1.9;1.21;0.35;0;14.39;2.07
29066;29;Guengat;1339;1161;1139;174;243;328;171;62;22;109;9;14;6;1;0;178;6;15.28;21.33;28.8;15.01;5.44;1.93;9.57;0.79;1.23;0.53;0.09;0;13.29;0.53
29067;29;Guerlesquin;979;803;778;163;149;202;124;27;7;85;2;11;7;1;0;176;6;20.95;19.15;25.96;15.94;3.47;0.9;10.93;0.26;1.41;0.9;0.13;0;17.98;0.77
29068;29;Guiclan;1691;1481;1436;240;239;445;264;62;10;130;9;25;8;4;0;210;14;16.71;16.64;30.99;18.38;4.32;0.7;9.05;0.63;1.74;0.56;0.28;0;12.42;0.97
29069;29;Guilers;6125;5197;5081;768;869;1598;905;258;31;548;30;47;23;4;0;928;21;15.12;17.1;31.45;17.81;5.08;0.61;10.79;0.59;0.93;0.45;0.08;0;15.15;0.41
29070;29;Guiler-sur-Goyen;429;348;339;52;68;95;62;18;4;29;1;5;5;0;0;81;3;15.34;20.06;28.02;18.29;5.31;1.18;8.55;0.29;1.47;1.47;0;0;18.88;0.88
29071;29;Guilligomarc'h;576;479;458;110;106;88;74;25;8;30;4;4;7;2;0;97;4;24.02;23.14;19.21;16.16;5.46;1.75;6.55;0.87;0.87;1.53;0.44;0;16.84;0.87
29072;29;Guilvinec;2486;1963;1914;340;385;503;371;72;25;145;10;36;23;4;0;523;20;17.76;20.11;26.28;19.38;3.76;1.31;7.58;0.52;1.88;1.2;0.21;0;21.04;1.04
29073;29;Guimaëc;793;672;655;94;177;182;71;21;11;81;3;10;3;2;0;121;0;14.35;27.02;27.79;10.84;3.21;1.68;12.37;0.46;1.53;0.46;0.31;0;15.26;0
29074;29;Guimiliau;739;632;612;108;132;154;83;24;7;87;2;5;9;1;0;107;3;17.65;21.57;25.16;13.56;3.92;1.14;14.22;0.33;0.82;1.47;0.16;0;14.48;0.49
29075;29;Guipavas;10779;9235;9087;1091;1646;3067;1656;427;64;972;40;81;31;12;0;1544;41;12.01;18.11;33.75;18.22;4.7;0.7;10.7;0.44;0.89;0.34;0.13;0;14.32;0.45
29076;29;Milizac-Guipronvel;3100;2755;2701;428;463;867;447;113;41;267;14;42;15;4;0;345;5;15.85;17.14;32.1;16.55;4.18;1.52;9.89;0.52;1.55;0.56;0.15;0;11.13;0.19
29077;29;Guissény;1683;1424;1405;217;244;342;347;58;16;136;8;30;5;2;0;259;5;15.44;17.37;24.34;24.7;4.13;1.14;9.68;0.57;2.14;0.36;0.14;0;15.39;0.36
29078;29;Hanvec;1559;1358;1335;220;277;379;179;73;26;145;7;20;8;1;0;201;2;16.48;20.75;28.39;13.41;5.47;1.95;10.86;0.52;1.5;0.6;0.07;0;12.89;0.15
29079;29;Henvic;1052;872;848;106;161;267;174;28;8;83;6;7;7;1;0;180;5;12.5;18.99;31.49;20.52;3.3;0.94;9.79;0.71;0.83;0.83;0.12;0;17.11;0.59
29080;29;Hôpital-Camfrout;1786;1515;1482;166;360;458;200;65;11;191;7;17;4;3;0;271;3;11.2;24.29;30.9;13.5;4.39;0.74;12.89;0.47;1.15;0.27;0.2;0;15.17;0.2
29081;29;Huelgoat;1026;832;810;127;231;191;116;39;7;76;1;9;11;2;0;194;7;15.68;28.52;23.58;14.32;4.81;0.86;9.38;0.12;1.11;1.36;0.25;0;18.91;0.86
29082;29;Ile-de-Batz;460;351;342;58;54;93;76;10;8;36;1;4;2;0;0;109;3;16.96;15.79;27.19;22.22;2.92;2.34;10.53;0.29;1.17;0.58;0;0;23.7;0.88
29083;29;Ile-de-Sein;240;185;178;15;36;49;42;10;3;17;1;5;0;0;0;55;2;8.43;20.22;27.53;23.6;5.62;1.69;9.55;0.56;2.81;0;0;0;22.92;1.12
29084;29;Ile-Molène;291;202;198;30;41;45;32;10;5;24;3;4;3;1;0;89;0;15.15;20.71;22.73;16.16;5.05;2.53;12.12;1.52;2.02;1.52;0.51;0;30.58;0
29085;29;Ile-Tudy;694;603;594;50;106;216;140;17;3;52;4;2;1;3;0;91;3;8.42;17.85;36.36;23.57;2.86;0.51;8.75;0.67;0.34;0.17;0.51;0;13.11;0.51
29086;29;Irvillac;1036;908;888;104;197;228;147;51;24;110;7;11;7;2;0;128;3;11.71;22.18;25.68;16.55;5.74;2.7;12.39;0.79;1.24;0.79;0.23;0;12.36;0.34
29087;29;Le Juch;541;479;463;53;98;129;71;35;11;47;5;9;2;3;0;62;3;11.45;21.17;27.86;15.33;7.56;2.38;10.15;1.08;1.94;0.43;0.65;0;11.46;0.65
29089;29;Kergloff;693;580;558;90;104;179;84;24;8;40;5;18;6;0;0;113;7;16.13;18.64;32.08;15.05;4.3;1.43;7.17;0.9;3.23;1.08;0;0;16.31;1.25
29090;29;Kerlaz;692;568;554;79;107;167;106;29;12;46;0;5;3;0;0;124;2;14.26;19.31;30.14;19.13;5.23;2.17;8.3;0;0.9;0.54;0;0;17.92;0.36
29091;29;Kerlouan;1861;1556;1517;277;225;378;404;71;16;114;2;20;8;2;0;305;6;18.26;14.83;24.92;26.63;4.68;1.05;7.51;0.13;1.32;0.53;0.13;0;16.39;0.4
29093;29;Kernilis;941;836;807;180;128;183;169;49;5;68;8;11;6;0;0;105;8;22.3;15.86;22.68;20.94;6.07;0.62;8.43;0.99;1.36;0.74;0;0;11.16;0.99
29094;29;Kernouës;576;480;463;70;87;142;89;14;1;52;1;3;4;0;0;96;4;15.12;18.79;30.67;19.22;3.02;0.22;11.23;0.22;0.65;0.86;0;0;16.67;0.86
29095;29;Kersaint-Plabennec;996;875;856;121;150;296;125;47;8;87;2;11;9;0;0;121;3;14.14;17.52;34.58;14.6;5.49;0.93;10.16;0.23;1.29;1.05;0;0;12.15;0.35
29097;29;Lampaul-Guimiliau;1542;1300;1269;221;252;346;216;72;14;111;5;18;14;0;0;242;25;17.42;19.86;27.27;17.02;5.67;1.1;8.75;0.39;1.42;1.1;0;0;15.69;1.97
29098;29;Lampaul-Plouarzel;1827;1527;1503;166;328;464;245;67;8;188;4;22;10;1;0;300;7;11.04;21.82;30.87;16.3;4.46;0.53;12.51;0.27;1.46;0.67;0.07;0;16.42;0.47
29099;29;Lampaul-Ploudalmézeau;665;568;560;93;122;149;110;19;5;50;2;7;3;0;0;97;2;16.61;21.79;26.61;19.64;3.39;0.89;8.93;0.36;1.25;0.54;0;0;14.59;0.36
29100;29;Lanarvily;301;272;259;33;57;56;46;27;2;29;3;4;2;0;0;29;5;12.74;22.01;21.62;17.76;10.42;0.77;11.2;1.16;1.54;0.77;0;0;9.63;1.93
29101;29;Landéda;2994;2533;2474;312;468;749;455;96;23;297;14;36;19;5;0;461;9;12.61;18.92;30.27;18.39;3.88;0.93;12;0.57;1.46;0.77;0.2;0;15.4;0.36
29102;29;Landeleau;720;579;572;107;118;169;75;19;3;55;3;20;3;0;0;141;1;18.71;20.63;29.55;13.11;3.32;0.52;9.62;0.52;3.5;0.52;0;0;19.58;0.17
29103;29;Landerneau;11248;9228;9036;1064;1737;3004;1489;333;71;1130;33;118;38;19;0;2020;61;11.78;19.22;33.24;16.48;3.69;0.79;12.51;0.37;1.31;0.42;0.21;0;17.96;0.68
29104;29;Landévennec;317;277;273;43;44;68;55;17;4;39;1;1;0;1;0;40;1;15.75;16.12;24.91;20.15;6.23;1.47;14.29;0.37;0.37;0;0.37;0;12.62;0.37
29105;29;Landivisiau;6453;5361;5216;846;854;1535;1032;263;59;482;34;52;47;12;0;1092;39;16.22;16.37;29.43;19.79;5.04;1.13;9.24;0.65;1;0.9;0.23;0;16.92;0.75
29106;29;Landrévarzec;1270;1127;1102;170;200;345;140;59;18;118;7;26;16;3;0;143;7;15.43;18.15;31.31;12.7;5.35;1.63;10.71;0.64;2.36;1.45;0.27;0;11.26;0.64
29107;29;Landudal;723;634;619;81;120;201;79;34;19;64;3;14;3;1;0;89;7;13.09;19.39;32.47;12.76;5.49;3.07;10.34;0.48;2.26;0.48;0.16;0;12.31;1.13
29108;29;Landudec;1087;903;879;144;167;262;155;40;10;76;7;10;5;3;0;184;4;16.38;19;29.81;17.63;4.55;1.14;8.65;0.8;1.14;0.57;0.34;0;16.93;0.46
29109;29;Landunvez;1363;1178;1154;121;173;342;325;39;11;111;13;11;7;1;0;185;4;10.49;14.99;29.64;28.16;3.38;0.95;9.62;1.13;0.95;0.61;0.09;0;13.57;0.35
29110;29;Langolen;643;556;547;119;111;159;56;21;11;53;1;13;2;1;0;87;1;21.76;20.29;29.07;10.24;3.84;2.01;9.69;0.18;2.38;0.37;0.18;0;13.53;0.18
29111;29;Lanhouarneau;889;757;738;125;96;183;187;52;16;49;2;13;9;6;0;132;16;16.94;13.01;24.8;25.34;7.05;2.17;6.64;0.27;1.76;1.22;0.81;0;14.85;2.17
29112;29;Lanildut;838;725;715;93;111;207;163;32;11;76;7;10;4;1;0;113;4;13.01;15.52;28.95;22.8;4.48;1.54;10.63;0.98;1.4;0.56;0.14;0;13.48;0.56
29113;29;Lanmeur;1721;1417;1382;187;358;387;169;44;11;175;6;24;17;4;0;304;11;13.53;25.9;28;12.23;3.18;0.8;12.66;0.43;1.74;1.23;0.29;0;17.66;0.8
29114;29;Lannéanou;275;247;242;48;59;57;23;8;6;36;2;0;2;1;0;28;3;19.83;24.38;23.55;9.5;3.31;2.48;14.88;0.83;0;0.83;0.41;0;10.18;1.24
29115;29;Lannédern;247;201;197;28;37;56;33;5;4;30;1;2;1;0;0;46;0;14.21;18.78;28.43;16.75;2.54;2.03;15.23;0.51;1.02;0.51;0;0;18.62;0
29116;29;Lanneuffret;109;98;95;18;26;17;14;7;2;7;1;1;2;0;0;11;0;18.95;27.37;17.89;14.74;7.37;2.11;7.37;1.05;1.05;2.11;0;0;10.09;0
29117;29;Lannilis;4039;3455;3374;481;627;924;699;160;26;373;19;38;20;7;0;584;19;14.26;18.58;27.39;20.72;4.74;0.77;11.06;0.56;1.13;0.59;0.21;0;14.46;0.56
29119;29;Lanrivoaré;1126;979;954;156;174;259;159;60;12;104;10;13;6;1;0;147;23;16.35;18.24;27.15;16.67;6.29;1.26;10.9;1.05;1.36;0.63;0.1;0;13.06;2.41
29120;29;Lanvéoc;1453;1180;1160;232;163;295;248;63;23;94;17;17;6;2;0;273;7;20;14.05;25.43;21.38;5.43;1.98;8.1;1.47;1.47;0.52;0.17;0;18.79;0.6
29122;29;Laz;529;445;434;73;90;140;51;23;7;37;4;6;3;0;0;84;2;16.82;20.74;32.26;11.75;5.3;1.61;8.53;0.92;1.38;0.69;0;0;15.88;0.46
29123;29;Lennon;585;481;473;85;98;128;75;28;4;39;2;13;0;1;0;104;2;17.97;20.72;27.06;15.86;5.92;0.85;8.25;0.42;2.75;0;0.21;0;17.78;0.42
29124;29;Lesneven;5557;4390;4309;552;790;1314;835;198;31;473;34;51;28;3;0;1167;15;12.81;18.33;30.49;19.38;4.6;0.72;10.98;0.79;1.18;0.65;0.07;0;21;0.35
29125;29;Leuhan;613;500;489;103;95;100;81;19;15;58;3;6;9;0;0;113;2;21.06;19.43;20.45;16.56;3.89;3.07;11.86;0.61;1.23;1.84;0;0;18.43;0.41
29126;29;Loc-Brévalaire;154;136;136;21;23;36;25;5;1;20;2;2;0;1;0;18;0;15.44;16.91;26.47;18.38;3.68;0.74;14.71;1.47;1.47;0;0.74;0;11.69;0
29128;29;Loc-Eguiner;260;227;223;45;31;51;66;11;3;10;0;6;0;0;0;33;0;20.18;13.9;22.87;29.6;4.93;1.35;4.48;0;2.69;0;0;0;12.69;0
29129;29;Locmaria-Berrien;197;166;160;21;64;35;19;3;0;10;0;6;1;1;0;31;2;13.13;40;21.88;11.88;1.88;0;6.25;0;3.75;0.63;0.63;0;15.74;1.25
29130;29;Locmaria-Plouzané;4004;3492;3435;433;607;1116;578;158;32;406;33;41;19;12;0;512;14;12.61;17.67;32.49;16.83;4.6;0.93;11.82;0.96;1.19;0.55;0.35;0;12.79;0.41
29131;29;Locmélar;344;296;291;31;55;100;39;21;3;26;2;9;5;0;0;48;1;10.65;18.9;34.36;13.4;7.22;1.03;8.93;0.69;3.09;1.72;0;0;13.95;0.34
29132;29;Locquénolé;620;539;535;27;103;172;124;17;2;81;3;5;1;0;0;81;0;5.05;19.25;32.15;23.18;3.18;0.37;15.14;0.56;0.93;0.19;0;0;13.06;0
29133;29;Locquirec;1418;1191;1172;136;236;325;296;29;11;110;6;18;3;2;0;227;2;11.6;20.14;27.73;25.26;2.47;0.94;9.39;0.51;1.54;0.26;0.17;0;16.01;0.17
29134;29;Locronan;705;603;592;57;150;152;106;26;11;73;3;8;4;2;0;102;2;9.63;25.34;25.68;17.91;4.39;1.86;12.33;0.51;1.35;0.68;0.34;0;14.47;0.34
29135;29;Loctudy;3817;3154;3094;319;527;989;767;115;34;270;12;37;22;2;0;663;16;10.31;17.03;31.97;24.79;3.72;1.1;8.73;0.39;1.2;0.71;0.06;0;17.37;0.52
29136;29;Locunolé;853;739;714;142;169;161;114;25;3;64;1;26;7;2;0;114;2;19.89;23.67;22.55;15.97;3.5;0.42;8.96;0.14;3.64;0.98;0.28;0;13.36;0.28
29137;29;Logonna-Daoulas;1696;1527;1503;144;373;455;184;53;20;214;17;29;11;3;0;169;4;9.58;24.82;30.27;12.24;3.53;1.33;14.24;1.13;1.93;0.73;0.2;0;9.96;0.27
29139;29;Lopérec;606;518;507;72;125;133;63;25;9;51;5;14;8;2;0;88;1;14.2;24.65;26.23;12.43;4.93;1.78;10.06;0.99;2.76;1.58;0.39;0;14.52;0.2
29140;29;Loperhet;2833;2517;2482;271;545;748;413;106;26;316;16;30;7;4;0;316;7;10.92;21.96;30.14;16.64;4.27;1.05;12.73;0.64;1.21;0.28;0.16;0;11.15;0.28
29141;29;Loqueffret;289;219;215;27;47;62;36;1;2;28;2;8;2;0;0;70;1;12.56;21.86;28.84;16.74;0.47;0.93;13.02;0.93;3.72;0.93;0;0;24.22;0.47
29142;29;Lothey;344;304;299;37;55;69;89;10;4;22;2;10;1;0;0;40;1;12.37;18.39;23.08;29.77;3.34;1.34;7.36;0.67;3.34;0.33;0;0;11.63;0.33
29143;29;Mahalon;734;606;595;124;123;163;74;29;13;42;5;12;9;1;0;128;3;20.84;20.67;27.39;12.44;4.87;2.18;7.06;0.84;2.02;1.51;0.17;0;17.44;0.5
29144;29;La Martyre;542;458;449;79;79;106;74;26;13;63;1;6;1;1;0;84;1;17.59;17.59;23.61;16.48;5.79;2.9;14.03;0.22;1.34;0.22;0.22;0;15.5;0.22
29145;29;Confort-Meilars;741;618;595;93;132;146;77;32;18;78;3;8;7;1;0;123;23;15.63;22.18;24.54;12.94;5.38;3.03;13.11;0.5;1.34;1.18;0.17;0;16.6;3.87
29146;29;Melgven;2696;2231;2164;431;383;640;308;85;38;201;17;39;18;4;0;465;20;19.92;17.7;29.57;14.23;3.93;1.76;9.29;0.79;1.8;0.83;0.18;0;17.25;0.92
29147;29;Mellac;2490;2088;2017;305;416;622;219;73;63;210;39;43;19;8;0;402;26;15.12;20.62;30.84;10.86;3.62;3.12;10.41;1.93;2.13;0.94;0.4;0;16.14;1.29
29148;29;Mespaul;672;572;560;83;88;188;106;29;11;37;6;9;1;2;0;100;2;14.82;15.71;33.57;18.93;5.18;1.96;6.61;1.07;1.61;0.18;0.36;0;14.88;0.36
29150;29;Moëlan-sur-Mer;6170;4961;4838;786;972;1282;905;212;65;471;48;56;33;8;0;1209;39;16.25;20.09;26.5;18.71;4.38;1.34;9.74;0.99;1.16;0.68;0.17;0;19.59;0.81
29151;29;Morlaix;10398;8210;8070;724;2087;2285;1297;213;66;1158;63;96;63;18;0;2188;50;8.97;25.86;28.31;16.07;2.64;0.82;14.35;0.78;1.19;0.78;0.22;0;21.04;0.62
29152;29;Motreff;541;459;449;94;123;103;48;15;7;33;3;14;9;0;0;82;2;20.94;27.39;22.94;10.69;3.34;1.56;7.35;0.67;3.12;2;0;0;15.16;0.45
29153;29;Névez;2534;2098;2055;356;269;578;477;104;27;176;17;37;11;3;0;436;10;17.32;13.09;28.13;23.21;5.06;1.31;8.56;0.83;1.8;0.54;0.15;0;17.21;0.49
29155;29;Ouessant;864;668;661;100;132;173;116;20;13;76;9;13;6;3;0;196;3;15.13;19.97;26.17;17.55;3.03;1.97;11.5;1.36;1.97;0.91;0.45;0;22.69;0.45
29156;29;Pencran;1406;1224;1203;166;193;430;158;81;14;129;13;8;8;3;0;182;6;13.8;16.04;35.74;13.13;6.73;1.16;10.72;1.08;0.67;0.67;0.25;0;12.94;0.5
29158;29;Penmarch;4734;3756;3662;573;774;988;631;175;48;346;30;55;33;9;0;978;42;15.65;21.14;26.98;17.23;4.78;1.31;9.45;0.82;1.5;0.9;0.25;0;20.66;1.15
29159;29;Peumérit;662;569;555;71;146;159;54;27;18;57;3;16;4;0;0;93;4;12.79;26.31;28.65;9.73;4.86;3.24;10.27;0.54;2.88;0.72;0;0;14.05;0.72
29160;29;Plabennec;5965;5241;5122;681;868;1582;964;268;61;546;36;58;46;12;0;724;29;13.3;16.95;30.89;18.82;5.23;1.19;10.66;0.7;1.13;0.9;0.23;0;12.14;0.57
29161;29;Pleuven;2373;2073;2023;284;369;642;333;87;22;212;22;30;20;2;0;300;20;14.04;18.24;31.74;16.46;4.3;1.09;10.48;1.09;1.48;0.99;0.1;0;12.64;0.99
29162;29;Pleyben;2626;2157;2096;328;360;572;440;105;34;179;14;40;20;4;0;469;28;15.65;17.18;27.29;20.99;5.01;1.62;8.54;0.67;1.91;0.95;0.19;0;17.86;1.34
29163;29;Pleyber-Christ;2371;1995;1947;251;482;579;263;68;20;220;7;37;18;2;0;376;14;12.89;24.76;29.74;13.51;3.49;1.03;11.3;0.36;1.9;0.92;0.1;0;15.86;0.72
29165;29;Plobannalec-Lesconil;3058;2622;2544;339;601;738;411;107;32;223;13;56;19;5;0;436;20;13.33;23.62;29.01;16.16;4.21;1.26;8.77;0.51;2.2;0.75;0.2;0;14.26;0.79
29166;29;Ploéven;448;375;365;50;68;113;56;7;9;50;3;7;2;0;0;73;4;13.7;18.63;30.96;15.34;1.92;2.47;13.7;0.82;1.92;0.55;0;0;16.29;1.1
29167;29;Plogastel-Saint-Germain;1483;1273;1249;167;237;371;221;64;17;134;4;24;7;3;0;210;8;13.37;18.98;29.7;17.69;5.12;1.36;10.73;0.32;1.92;0.56;0.24;0;14.16;0.64
29168;29;Plogoff;1142;938;911;155;144;288;139;30;22;111;6;12;3;1;0;204;7;17.01;15.81;31.61;15.26;3.29;2.41;12.18;0.66;1.32;0.33;0.11;0;17.86;0.77
29169;29;Plogonnec;2318;2016;1960;250;343;627;345;84;38;201;17;40;11;4;0;302;16;12.76;17.5;31.99;17.6;4.29;1.94;10.26;0.87;2.04;0.56;0.2;0;13.03;0.82
29170;29;Plomelin;3400;2933;2856;322;471;986;521;144;20;321;20;34;13;4;0;467;21;11.27;16.49;34.52;18.24;5.04;0.7;11.24;0.7;1.19;0.46;0.14;0;13.74;0.74
29171;29;Plomeur;3270;2698;2615;432;556;728;417;127;29;236;21;51;14;4;0;572;32;16.52;21.26;27.84;15.95;4.86;1.11;9.02;0.8;1.95;0.54;0.15;0;17.49;1.22
29172;29;Plomodiern;1918;1614;1572;247;293;437;323;76;31;121;12;19;10;3;0;304;12;15.71;18.64;27.8;20.55;4.83;1.97;7.7;0.76;1.21;0.64;0.19;0;15.85;0.76
29173;29;Plonéis;1638;1438;1400;217;266;468;207;66;17;116;5;20;18;0;0;200;18;15.5;19;33.43;14.79;4.71;1.21;8.29;0.36;1.43;1.29;0;0;12.21;1.29
29174;29;Plonéour-Lanvern;4557;3925;3825;513;780;1227;580;153;48;416;21;52;31;4;0;632;42;13.41;20.39;32.08;15.16;4;1.25;10.88;0.55;1.36;0.81;0.1;0;13.87;1.1
29175;29;Plonévez-du-Faou;1609;1288;1253;199;239;356;243;52;19;112;3;20;8;2;0;321;13;15.88;19.07;28.41;19.39;4.15;1.52;8.94;0.24;1.6;0.64;0.16;0;19.95;1.04
29176;29;Plonévez-Porzay;1462;1242;1223;191;204;315;273;50;29;111;10;21;16;3;0;220;2;15.62;16.68;25.76;22.32;4.09;2.37;9.08;0.82;1.72;1.31;0.25;0;15.05;0.16
29177;29;Plouarzel;2981;2567;2505;339;476;715;497;136;39;238;15;30;13;7;0;414;18;13.53;19;28.54;19.84;5.43;1.56;9.5;0.6;1.2;0.52;0.28;0;13.89;0.72
29178;29;Ploudalmézeau;5101;4367;4258;725;691;1150;917;209;43;398;35;57;31;2;0;734;28;17.03;16.23;27.01;21.54;4.91;1.01;9.35;0.82;1.34;0.73;0.05;0;14.39;0.66
29179;29;Ploudaniel;2749;2388;2338;332;365;685;516;109;22;246;10;39;11;3;0;361;5;14.2;15.61;29.3;22.07;4.66;0.94;10.52;0.43;1.67;0.47;0.13;0;13.13;0.21
29180;29;Ploudiry;671;573;559;105;110;152;95;17;13;48;1;11;6;1;0;98;5;18.78;19.68;27.19;16.99;3.04;2.33;8.59;0.18;1.97;1.07;0.18;0;14.61;0.89
29181;29;Plouédern;2118;1858;1825;236;334;575;320;97;17;197;12;27;7;3;0;260;9;12.93;18.3;31.51;17.53;5.32;0.93;10.79;0.66;1.48;0.38;0.16;0;12.28;0.49
29182;29;Plouégat-Guerrand;826;686;671;83;201;178;69;26;13;83;2;12;4;0;0;140;3;12.37;29.96;26.53;10.28;3.87;1.94;12.37;0.3;1.79;0.6;0;0;16.95;0.45
29183;29;Plouégat-Moysan;540;460;442;91;100;117;51;21;4;45;3;6;3;1;0;80;2;20.59;22.62;26.47;11.54;4.75;0.9;10.18;0.68;1.36;0.68;0.23;0;14.81;0.45
29184;29;Plouénan;2021;1641;1604;215;286;461;373;45;23;153;16;20;10;2;0;380;10;13.4;17.83;28.74;23.25;2.81;1.43;9.54;1;1.25;0.62;0.12;0;18.8;0.62
29185;29;Plouescat;2934;2339;2295;350;338;685;553;83;24;190;18;32;17;5;0;595;13;15.25;14.73;29.85;24.1;3.62;1.05;8.28;0.78;1.39;0.74;0.22;0;20.28;0.57
29186;29;Plouézoc'h;1389;1205;1183;94;265;409;201;45;6;129;9;16;9;0;0;184;5;7.95;22.4;34.57;16.99;3.8;0.51;10.9;0.76;1.35;0.76;0;0;13.25;0.42
29187;29;Plougar;616;521;503;73;81;139;141;26;2;31;3;3;4;0;0;95;5;14.51;16.1;27.63;28.03;5.17;0.4;6.16;0.6;0.6;0.8;0;0;15.42;0.99
29188;29;Plougasnou;2835;2379;2326;217;472;750;431;85;29;275;16;34;11;6;0;456;16;9.33;20.29;32.24;18.53;3.65;1.25;11.82;0.69;1.46;0.47;0.26;0;16.08;0.69
29189;29;Plougastel-Daoulas;10699;9113;8958;884;1652;2818;1788;367;85;1177;43;104;34;6;0;1586;46;9.87;18.44;31.46;19.96;4.1;0.95;13.14;0.48;1.16;0.38;0.07;0;14.82;0.51
29190;29;Plougonvelin;3275;2885;2830;324;434;874;711;120;32;294;17;14;5;5;0;390;9;11.45;15.34;30.88;25.12;4.24;1.13;10.39;0.6;0.49;0.18;0.18;0;11.91;0.32
29191;29;Plougonven;2622;2237;2187;246;599;609;276;73;27;278;18;29;26;6;0;385;10;11.25;27.39;27.85;12.62;3.34;1.23;12.71;0.82;1.33;1.19;0.27;0;14.68;0.46
29192;29;Plougoulm;1350;1126;1094;158;195;332;230;43;6;98;2;23;7;0;0;224;10;14.44;17.82;30.35;21.02;3.93;0.55;8.96;0.18;2.1;0.64;0;0;16.59;0.91
29193;29;Plougourvest;941;840;805;136;134;245;153;44;7;62;1;15;5;3;0;101;5;16.89;16.65;30.43;19.01;5.47;0.87;7.7;0.12;1.86;0.62;0.37;0;10.73;0.62
29195;29;Plouguerneau;5581;4658;4569;720;771;1213;957;188;53;535;23;67;37;5;0;923;28;15.76;16.87;26.55;20.95;4.11;1.16;11.71;0.5;1.47;0.81;0.11;0;16.54;0.61
29196;29;Plouguin;1630;1404;1353;259;242;312;268;70;16;120;25;27;13;1;0;226;8;19.14;17.89;23.06;19.81;5.17;1.18;8.87;1.85;2;0.96;0.07;0;13.87;0.59
29197;29;Plouhinec;3514;2821;2764;480;469;828;518;127;37;233;16;32;19;5;0;693;21;17.37;16.97;29.96;18.74;4.59;1.34;8.43;0.58;1.16;0.69;0.18;0;19.72;0.76
29198;29;Plouider;1526;1292;1249;192;219;338;263;41;22;147;4;16;5;2;0;234;12;15.37;17.53;27.06;21.06;3.28;1.76;11.77;0.32;1.28;0.4;0.16;0;15.33;0.96
29199;29;Plouigneau;3741;3195;3118;430;719;894;473;119;35;336;13;72;22;5;0;546;28;13.79;23.06;28.67;15.17;3.82;1.12;10.78;0.42;2.31;0.71;0.16;0;14.6;0.9
29201;29;Ploumoguer;1505;1295;1265;203;231;332;249;77;26;111;9;15;9;3;0;210;9;16.05;18.26;26.25;19.68;6.09;2.06;8.77;0.71;1.19;0.71;0.24;0;13.95;0.71
29202;29;Plounéour-Ménez;936;756;739;121;220;154;76;23;9;109;4;15;6;2;0;180;1;16.37;29.77;20.84;10.28;3.11;1.22;14.75;0.54;2.03;0.81;0.27;0;19.23;0.14
29204;29;Plounéventer;1480;1274;1244;208;202;311;239;81;21;136;9;29;7;1;0;206;7;16.72;16.24;25;19.21;6.51;1.69;10.93;0.72;2.33;0.56;0.08;0;13.92;0.56
29205;29;Plounévézel;909;805;786;100;144;259;140;33;2;71;5;24;8;0;0;104;8;12.72;18.32;32.95;17.81;4.2;0.25;9.03;0.64;3.05;1.02;0;0;11.44;1.02
29206;29;Plounévez-Lochrist;1819;1517;1484;227;195;398;394;79;28;126;2;20;15;0;0;302;12;15.3;13.14;26.82;26.55;5.32;1.89;8.49;0.13;1.35;1.01;0;0;16.6;0.81
29207;29;Plourin-lès-Morlaix;3384;2899;2832;275;672;877;419;71;27;408;12;46;23;2;0;485;19;9.71;23.73;30.97;14.8;2.51;0.95;14.41;0.42;1.62;0.81;0.07;0;14.33;0.67
29208;29;Plourin;881;761;739;161;95;159;170;63;7;68;5;6;4;1;0;120;7;21.79;12.86;21.52;23;8.53;0.95;9.2;0.68;0.81;0.54;0.14;0;13.62;0.95
29209;29;Plouvien;2796;2478;2429;408;428;673;447;141;17;230;12;46;26;1;0;318;17;16.8;17.62;27.71;18.4;5.8;0.7;9.47;0.49;1.89;1.07;0.04;0;11.37;0.7
29210;29;Plouvorn;2210;1829;1780;260;263;514;441;109;32;115;11;23;11;1;0;381;5;14.61;14.78;28.88;24.78;6.12;1.8;6.46;0.62;1.29;0.62;0.06;0;17.24;0.28
29211;29;Plouyé;517;417;414;55;86;134;54;12;11;42;5;12;2;1;0;100;1;13.29;20.77;32.37;13.04;2.9;2.66;10.14;1.21;2.9;0.48;0.24;0;19.34;0.24
29212;29;Plouzané;10075;8355;8200;1148;1627;2567;1170;402;68;1030;45;90;46;7;0;1720;28;14;19.84;31.3;14.27;4.9;0.83;12.56;0.55;1.1;0.56;0.09;0;17.07;0.34
29213;29;Plouzévédé;1256;1066;1043;165;165;282;275;43;13;71;9;12;6;2;0;190;8;15.82;15.82;27.04;26.37;4.12;1.25;6.81;0.86;1.15;0.58;0.19;0;15.13;0.77
29214;29;Plovan;633;535;528;56;107;158;99;20;6;72;0;8;1;1;0;98;0;10.61;20.27;29.92;18.75;3.79;1.14;13.64;0;1.52;0.19;0.19;0;15.48;0
29215;29;Plozévet;2595;2179;2124;324;472;647;290;64;29;230;12;34;18;4;0;416;17;15.25;22.22;30.46;13.65;3.01;1.37;10.83;0.56;1.6;0.85;0.19;0;16.03;0.8
29216;29;Pluguffan;2963;2646;2581;369;498;816;430;108;34;248;17;39;19;3;0;317;10;14.3;19.29;31.62;16.66;4.18;1.32;9.61;0.66;1.51;0.74;0.12;0;10.7;0.39
29217;29;Pont-Aven;2247;1908;1869;280;304;493;497;65;28;142;11;29;16;4;0;339;16;14.98;16.27;26.38;26.59;3.48;1.5;7.6;0.59;1.55;0.86;0.21;0;15.09;0.86
29218;29;Pont-Croix;1199;991;970;159;189;286;175;39;18;76;6;14;7;1;0;208;6;16.39;19.48;29.48;18.04;4.02;1.86;7.84;0.62;1.44;0.72;0.1;0;17.35;0.62
29219;29;Le Ponthou;105;94;86;24;13;18;10;4;1;10;3;3;0;0;0;11;5;27.91;15.12;20.93;11.63;4.65;1.16;11.63;3.49;3.49;0;0;0;10.48;5.81
29220;29;Pont-l'Abbé;6980;5485;5363;661;1181;1604;951;211;58;556;36;55;46;4;0;1495;36;12.33;22.02;29.91;17.73;3.93;1.08;10.37;0.67;1.03;0.86;0.07;0;21.42;0.67
29221;29;Porspoder;1617;1372;1339;159;197;355;359;40;16;183;11;10;7;2;0;245;5;11.87;14.71;26.51;26.81;2.99;1.19;13.67;0.82;0.75;0.52;0.15;0;15.15;0.37
29222;29;Port-Launay;289;243;238;45;40;69;29;10;3;33;3;6;0;0;0;46;0;18.91;16.81;28.99;12.18;4.2;1.26;13.87;1.26;2.52;0;0;0;15.92;0
29224;29;Pouldergat;981;831;804;125;173;232;126;44;16;65;6;7;10;0;0;150;12;15.55;21.52;28.86;15.67;5.47;1.99;8.08;0.75;0.87;1.24;0;0;15.29;1.49
29225;29;Pouldreuzic;1720;1454;1407;210;305;417;216;52;28;132;9;20;15;3;0;266;14;14.93;21.68;29.64;15.35;3.7;1.99;9.38;0.64;1.42;1.07;0.21;0;15.47;1
29226;29;Poullan-sur-Mer;1237;1041;1012;148;168;321;191;39;16;101;3;15;10;0;0;196;9;14.62;16.6;31.72;18.87;3.85;1.58;9.98;0.3;1.48;0.99;0;0;15.84;0.89
29227;29;Poullaouen;1031;885;866;142;173;243;161;27;20;76;3;13;6;2;0;146;4;16.4;19.98;28.06;18.59;3.12;2.31;8.78;0.35;1.5;0.69;0.23;0;14.16;0.46
29228;29;Primelin;681;560;555;108;72;159;133;6;8;52;6;7;2;2;0;121;1;19.46;12.97;28.65;23.96;1.08;1.44;9.37;1.08;1.26;0.36;0.36;0;17.77;0.18
29229;29;Quéménéven;854;735;722;97;153;168;157;41;12;70;3;11;10;0;0;119;7;13.43;21.19;23.27;21.75;5.68;1.66;9.7;0.42;1.52;1.39;0;0;13.93;0.97
29230;29;Querrien;1351;1148;1129;205;245;243;195;59;30;102;10;29;10;1;0;203;2;18.16;21.7;21.52;17.27;5.23;2.66;9.03;0.89;2.57;0.89;0.09;0;15.03;0.18
29232;29;Quimper;43616;35619;34927;3605;7064;11604;5771;1216;254;4409;237;516;207;44;0;7997;205;10.32;20.23;33.22;16.52;3.48;0.73;12.62;0.68;1.48;0.59;0.13;0;18.34;0.59
29233;29;Quimperlé;8778;7084;6904;1007;1590;1980;958;290;67;771;48;131;45;17;0;1694;45;14.59;23.03;28.68;13.88;4.2;0.97;11.17;0.7;1.9;0.65;0.25;0;19.3;0.65
29234;29;Rédené;2237;1894;1840;315;316;523;307;113;26;171;13;39;14;3;0;343;8;17.12;17.17;28.42;16.68;6.14;1.41;9.29;0.71;2.12;0.76;0.16;0;15.33;0.43
29235;29;Le Relecq-Kerhuon;9238;7701;7558;730;1601;2526;1283;230;42;968;41;91;38;8;0;1537;35;9.66;21.18;33.42;16.98;3.04;0.56;12.81;0.54;1.2;0.5;0.11;0;16.64;0.46
29236;29;Riec-sur-Belon;3733;3055;2975;528;589;749;504;120;48;326;22;65;21;3;0;678;23;17.75;19.8;25.18;16.94;4.03;1.61;10.96;0.74;2.18;0.71;0.1;0;18.16;0.77
29237;29;La Roche-Maurice;1401;1214;1186;139;262;377;163;37;12;155;13;19;8;1;0;187;9;11.72;22.09;31.79;13.74;3.12;1.01;13.07;1.1;1.6;0.67;0.08;0;13.35;0.76
29238;29;Roscanvel;822;678;665;136;114;139;147;43;9;64;4;2;6;1;0;144;3;20.45;17.14;20.9;22.11;6.47;1.35;9.62;0.6;0.3;0.9;0.15;0;17.52;0.45
29239;29;Roscoff;2879;2369;2324;214;347;692;750;77;18;187;4;23;8;4;0;510;17;9.21;14.93;29.78;32.27;3.31;0.77;8.05;0.17;0.99;0.34;0.17;0;17.71;0.73
29240;29;Rosnoën;837;668;655;84;157;164;104;40;9;70;11;10;5;1;0;169;1;12.82;23.97;25.04;15.88;6.11;1.37;10.69;1.68;1.53;0.76;0.15;0;20.19;0.15
29241;29;Rosporden;5762;4691;4557;830;1030;1259;569;175;37;499;18;95;40;5;0;1071;44;18.21;22.6;27.63;12.49;3.84;0.81;10.95;0.39;2.08;0.88;0.11;0;18.59;0.97
29243;29;Saint-Coulitz;311;270;258;32;58;60;47;9;7;38;2;4;1;0;0;41;4;12.4;22.48;23.26;18.22;3.49;2.71;14.73;0.78;1.55;0.39;0;0;13.18;1.55
29244;29;Saint-Derrien;583;511;501;125;80;125;94;16;8;38;2;10;3;0;0;72;5;24.95;15.97;24.95;18.76;3.19;1.6;7.58;0.4;2;0.6;0;0;12.35;1
29245;29;Saint-Divy;1186;1079;1060;131;210;327;170;61;7;129;5;11;9;0;0;107;7;12.36;19.81;30.85;16.04;5.75;0.66;12.17;0.47;1.04;0.85;0;0;9.02;0.66
29246;29;Saint-Eloy;141;132;131;14;29;40;25;9;0;13;0;1;0;0;0;9;0;10.69;22.14;30.53;19.08;6.87;0;9.92;0;0.76;0;0;0;6.38;0
29247;29;Saint-Evarzec;2821;2472;2409;362;406;782;448;122;32;196;9;36;12;4;0;349;20;15.03;16.85;32.46;18.6;5.06;1.33;8.14;0.37;1.49;0.5;0.17;0;12.37;0.83
29248;29;Saint-Frégant;590;524;504;95;100;123;101;24;9;39;1;7;5;0;0;66;2;18.85;19.84;24.4;20.04;4.76;1.79;7.74;0.2;1.39;0.99;0;0;11.19;0.4
29249;29;Saint-Goazec;564;459;452;97;80;119;73;19;7;41;3;7;5;1;0;105;3;21.46;17.7;26.33;16.15;4.2;1.55;9.07;0.66;1.55;1.11;0.22;0;18.62;0.66
29250;29;Saint-Hernin;626;514;507;104;120;126;64;12;6;52;3;14;6;0;0;112;4;20.51;23.67;24.85;12.62;2.37;1.18;10.26;0.59;2.76;1.18;0;0;17.89;0.79
29251;29;Saint-Jean-du-Doigt;542;471;464;42;123;126;83;9;3;66;2;6;3;1;0;71;3;9.05;26.51;27.16;17.89;1.94;0.65;14.22;0.43;1.29;0.65;0.22;0;13.1;0.65
29252;29;Saint-Jean-Trolimon;739;639;621;100;147;202;70;25;4;53;2;15;2;1;0;100;5;16.1;23.67;32.53;11.27;4.03;0.64;8.53;0.32;2.42;0.32;0.16;0;13.53;0.81
29254;29;Saint-Martin-des-Champs;3553;2939;2882;329;623;893;449;104;15;377;15;47;29;1;0;614;20;11.42;21.62;30.99;15.58;3.61;0.52;13.08;0.52;1.63;1.01;0.03;0;17.28;0.69
29255;29;Saint-Méen;539;481;470;75;73;121;108;23;3;51;2;10;4;0;0;58;4;15.96;15.53;25.74;22.98;4.89;0.64;10.85;0.43;2.13;0.85;0;0;10.76;0.85
29256;29;Saint-Nic;631;530;517;81;70;167;104;31;14;39;1;5;3;2;0;101;3;15.67;13.54;32.3;20.12;6;2.71;7.54;0.19;0.97;0.58;0.39;0;16.01;0.58
29257;29;Saint-Pabu;1661;1423;1395;206;263;394;281;48;22;130;8;27;15;1;0;238;6;14.77;18.85;28.24;20.14;3.44;1.58;9.32;0.57;1.94;1.08;0.07;0;14.33;0.43
29259;29;Saint-Pol-de-Léon;5313;4310;4231;560;746;1276;899;197;64;401;19;40;18;11;0;1003;31;13.24;17.63;30.16;21.25;4.66;1.51;9.48;0.45;0.95;0.43;0.26;0;18.88;0.73
29260;29;Saint-Renan;6241;5222;5092;700;944;1556;907;224;38;603;31;54;31;4;0;1019;22;13.75;18.54;30.56;17.81;4.4;0.75;11.84;0.61;1.06;0.61;0.08;0;16.33;0.43
29261;29;Saint-Rivoal;145;117;114;19;49;19;10;0;2;11;0;4;0;0;0;28;1;16.67;42.98;16.67;8.77;0;1.75;9.65;0;3.51;0;0;0;19.31;0.88
29262;29;Saint-Sauveur;552;455;447;113;96;103;50;19;4;44;4;7;6;1;0;97;1;25.28;21.48;23.04;11.19;4.25;0.89;9.84;0.89;1.57;1.34;0.22;0;17.57;0.22
29263;29;Saint-Ségal;804;686;668;109;151;193;79;26;12;64;9;16;9;0;0;118;7;16.32;22.6;28.89;11.83;3.89;1.8;9.58;1.35;2.4;1.35;0;0;14.68;1.05
29264;29;Saint-Servais;543;473;460;109;100;99;77;15;8;40;5;3;4;0;0;70;11;23.7;21.74;21.52;16.74;3.26;1.74;8.7;1.09;0.65;0.87;0;0;12.89;2.39
29265;29;Sainte-Sève;795;697;680;74;160;226;80;25;11;87;7;4;5;1;0;98;4;10.88;23.53;33.24;11.76;3.68;1.62;12.79;1.03;0.59;0.74;0.15;0;12.33;0.59
29266;29;Saint-Thégonnec Loc-Eguiner;2269;1907;1860;293;336;496;338;92;21;220;10;29;15;10;0;362;10;15.75;18.06;26.67;18.17;4.95;1.13;11.83;0.54;1.56;0.81;0.54;0;15.95;0.54
29267;29;Saint-Thois;545;470;461;78;96;130;49;22;13;54;4;13;2;0;0;75;3;16.92;20.82;28.2;10.63;4.77;2.82;11.71;0.87;2.82;0.43;0;0;13.76;0.65
29268;29;Saint-Thonan;1204;1110;1097;154;198;384;143;77;11;104;4;16;5;1;0;94;1;14.04;18.05;35;13.04;7.02;1;9.48;0.36;1.46;0.46;0.09;0;7.81;0.09
29269;29;Saint-Thurien;751;637;619;126;132;140;68;27;18;68;10;21;8;1;0;114;7;20.36;21.32;22.62;10.99;4.36;2.91;10.99;1.62;3.39;1.29;0.16;0;15.18;1.13
29270;29;Saint-Urbain;1191;1031;1012;150;207;348;105;49;17;109;6;11;7;3;0;160;5;14.82;20.45;34.39;10.38;4.84;1.68;10.77;0.59;1.09;0.69;0.3;0;13.43;0.49
29271;29;Saint-Vougay;684;597;586;98;101;141;153;19;7;42;7;10;7;1;0;87;2;16.72;17.24;24.06;26.11;3.24;1.19;7.17;1.19;1.71;1.19;0.17;0;12.72;0.34
29272;29;Saint-Yvi;2329;1954;1899;294;416;576;259;82;27;177;14;32;21;1;0;375;14;15.48;21.91;30.33;13.64;4.32;1.42;9.32;0.74;1.69;1.11;0.05;0;16.1;0.74
29273;29;Santec;1982;1655;1627;183;318;492;367;61;21;155;8;13;4;5;0;327;8;11.25;19.55;30.24;22.56;3.75;1.29;9.53;0.49;0.8;0.25;0.31;0;16.5;0.49
29274;29;Scaër;4302;3503;3416;647;848;819;472;119;47;299;42;89;29;5;0;799;37;18.94;24.82;23.98;13.82;3.48;1.38;8.75;1.23;2.61;0.85;0.15;0;18.57;1.08
29275;29;Scrignac;589;464;449;69;125;101;76;11;9;43;3;9;1;2;0;125;9;15.37;27.84;22.49;16.93;2.45;2;9.58;0.67;2;0.22;0.45;0;21.22;2
29276;29;Sibiril;982;826;810;110;152;240;165;34;16;66;6;14;6;1;0;156;8;13.58;18.77;29.63;20.37;4.2;1.98;8.15;0.74;1.73;0.74;0.12;0;15.89;0.99
29277;29;Sizun;1669;1402;1366;217;251;379;248;62;9;155;10;26;8;1;0;267;10;15.89;18.37;27.75;18.16;4.54;0.66;11.35;0.73;1.9;0.59;0.07;0;16;0.73
29278;29;Spézet;1459;1207;1172;211;232;290;199;49;19;115;12;32;11;2;0;252;16;18;19.8;24.74;16.98;4.18;1.62;9.81;1.02;2.73;0.94;0.17;0;17.27;1.37
29279;29;Taulé;2230;1887;1834;231;380;562;356;61;20;181;5;18;14;6;0;343;14;12.6;20.72;30.64;19.41;3.33;1.09;9.87;0.27;0.98;0.76;0.33;0;15.38;0.76
29280;29;Telgruc-sur-Mer;1670;1411;1381;251;227;391;280;56;17;128;6;17;7;1;0;259;7;18.18;16.44;28.31;20.28;4.06;1.23;9.27;0.43;1.23;0.51;0.07;0;15.51;0.51
29281;29;Tourch;767;667;661;142;101;180;74;40;16;83;4;17;4;0;0;100;2;21.48;15.28;27.23;11.2;6.05;2.42;12.56;0.61;2.57;0.61;0;0;13.04;0.3
29282;29;Trébabu;273;247;245;45;39;71;45;6;11;25;2;1;0;0;0;26;2;18.37;15.92;28.98;18.37;2.45;4.49;10.2;0.82;0.41;0;0;0;9.52;0.82
29284;29;Treffiagat;1991;1672;1619;247;295;514;286;61;13;154;14;21;12;2;0;319;15;15.26;18.22;31.75;17.67;3.77;0.8;9.51;0.86;1.3;0.74;0.12;0;16.02;0.93
29285;29;Tréflaouénan;383;315;307;50;58;67;82;11;8;20;0;8;1;2;0;68;1;16.29;18.89;21.82;26.71;3.58;2.61;6.51;0;2.61;0.33;0.65;0;17.75;0.33
29286;29;Tréflévénez;187;164;160;27;36;42;21;11;4;18;1;0;0;0;0;23;0;16.88;22.5;26.25;13.13;6.88;2.5;11.25;0.63;0;0;0;0;12.3;0
29287;29;Tréflez;774;673;658;101;112;153;175;27;15;57;5;8;2;3;0;101;3;15.35;17.02;23.25;26.6;4.1;2.28;8.66;0.76;1.22;0.3;0.46;0;13.05;0.46
29288;29;Trégarantec;440;403;385;64;54;113;60;18;3;54;2;10;5;2;0;37;3;16.62;14.03;29.35;15.58;4.68;0.78;14.03;0.52;2.6;1.3;0.52;0;8.41;0.78
29289;29;Trégarvan;143;123;121;12;29;26;31;0;3;16;1;3;0;0;0;20;2;9.92;23.97;21.49;25.62;0;2.48;13.22;0.83;2.48;0;0;0;13.99;1.65
29290;29;Tréglonou;499;436;426;59;95;118;78;16;6;39;2;7;5;1;0;63;1;13.85;22.3;27.7;18.31;3.76;1.41;9.15;0.47;1.64;1.17;0.23;0;12.63;0.23
29291;29;Trégourez;790;609;590;113;132;144;64;35;13;61;5;14;9;0;0;181;5;19.15;22.37;24.41;10.85;5.93;2.2;10.34;0.85;2.37;1.53;0;0;22.91;0.85
29292;29;Tréguennec;274;229;224;14;68;62;37;6;4;30;0;1;1;1;0;45;1;6.25;30.36;27.68;16.52;2.68;1.79;13.39;0;0.45;0.45;0.45;0;16.42;0.45
29293;29;Trégunc;6398;5206;5094;878;909;1407;1020;209;61;463;43;70;27;7;0;1192;55;17.24;17.84;27.62;20.02;4.1;1.2;9.09;0.84;1.37;0.53;0.14;0;18.63;1.08
29294;29;Le Tréhou;463;400;394;50;81;102;69;27;9;35;3;13;4;1;0;63;0;12.69;20.56;25.89;17.51;6.85;2.28;8.88;0.76;3.3;1.02;0.25;0;13.61;0
29295;29;Trémaouézan;369;325;322;48;48;115;35;18;5;40;5;7;0;1;0;44;1;14.91;14.91;35.71;10.87;5.59;1.55;12.42;1.55;2.17;0;0.31;0;11.92;0.31
29296;29;Tréméoc;985;891;861;91;209;259;117;41;16;100;6;14;6;2;0;94;4;10.57;24.27;30.08;13.59;4.76;1.86;11.61;0.7;1.63;0.7;0.23;0;9.54;0.46
29297;29;Tréméven;1882;1562;1523;261;338;424;190;64;26;158;11;32;15;4;0;320;17;17.14;22.19;27.84;12.48;4.2;1.71;10.37;0.72;2.1;0.98;0.26;0;17;1.12
29298;29;Tréogat;432;380;372;46;93;114;51;14;4;35;2;8;4;1;0;52;3;12.37;25;30.65;13.71;3.76;1.08;9.41;0.54;2.15;1.08;0.27;0;12.04;0.81
29299;29;Tréouergat;247;226;224;40;43;53;34;10;3;31;2;6;2;0;0;21;1;17.86;19.2;23.66;15.18;4.46;1.34;13.84;0.89;2.68;0.89;0;0;8.5;0.45
29300;29;Le Trévoux;1267;1092;1053;230;218;266;147;32;11;111;14;19;5;0;0;175;12;21.84;20.7;25.26;13.96;3.04;1.04;10.54;1.33;1.8;0.47;0;0;13.81;1.14
29301;29;Trézilidé;223;200;192;49;16;56;29;19;4;13;1;3;2;0;0;23;8;25.52;8.33;29.17;15.1;9.9;2.08;6.77;0.52;1.56;1.04;0;0;10.31;4.17
29302;29;Pont-de-Buis-lès-Quimerch;2709;2218;2160;398;490;529;248;99;35;259;17;56;22;7;0;491;16;18.43;22.69;24.49;11.48;4.58;1.62;11.99;0.79;2.59;1.02;0.32;0;18.12;0.74