insee;dep;nom;nb_inscrits;nb_votants;nb_exprimes;nb_voix1;nb_voix2;nb_voix3;nb_voix4;nb_voix5;nb_voix6;nb_voix7;nb_voix8;nb_voix9;nb_voix10;nb_voix11;nb_voix12;nb_voix13;nb_voix14;voix_1;voix_2;voix_3;voix_4;voix_5;voix_6;voix_7;voix_8;voix_9;voix_10;voix_11;voix_12;voix_13;voix_14
2A001;2A;Afa;2515;1816;1756;562;215;389;293;82;110;71;14;12;5;3;0;699;36;32;12.24;22.15;16.69;4.67;6.26;4.04;0.8;0.68;0.28;0.17;0;27.79;2.05
2A004;2A;Ajaccio;35205;24125;23472;7173;3483;4378;5456;648;890;935;164;234;79;32;0;11080;276;30.56;14.84;18.65;23.24;2.76;3.79;3.98;0.7;1;0.34;0.14;0;31.47;1.18
2A006;2A;Alata;2864;2004;1947;644;376;324;322;76;104;69;13;11;7;1;0;860;22;33.08;19.31;16.64;16.54;3.9;5.34;3.54;0.67;0.56;0.36;0.05;0;30.03;1.13
2A008;2A;Albitreccia;1360;1013;997;301;133;173;270;40;37;29;4;10;0;0;0;347;7;30.19;13.34;17.35;27.08;4.01;3.71;2.91;0.4;1;0;0;0;25.51;0.7
2A011;2A;Altagène;77;46;46;9;7;12;12;0;4;0;1;0;0;1;0;31;0;19.57;15.22;26.09;26.09;0;8.7;0;2.17;0;0;2.17;0;40.26;0
2A014;2A;Ambiegna;74;50;48;7;2;5;17;1;16;0;0;0;0;0;0;24;0;14.58;4.17;10.42;35.42;2.08;33.33;0;0;0;0;0;0;32.43;0
2A017;2A;Appietto;1467;1036;1006;365;131;167;185;41;66;36;2;12;1;0;0;431;9;36.28;13.02;16.6;18.39;4.08;6.56;3.58;0.2;1.19;0.1;0;0;29.38;0.89
2A018;2A;Arbellara;142;93;91;44;11;8;6;5;3;11;0;3;0;0;0;49;2;48.35;12.09;8.79;6.59;5.49;3.3;12.09;0;3.3;0;0;0;34.51;2.2
2A019;2A;Arbori;92;65;63;10;1;16;31;0;3;2;0;0;0;0;0;27;0;15.87;1.59;25.4;49.21;0;4.76;3.17;0;0;0;0;0;29.35;0
2A021;2A;Argiusta-Moriccio;125;84;75;13;8;12;17;5;14;6;0;0;0;0;0;41;5;17.33;10.67;16;22.67;6.67;18.67;8;0;0;0;0;0;32.8;6.67
2A022;2A;Arro;95;65;62;12;6;3;18;2;16;5;0;0;0;0;0;30;0;19.35;9.68;4.84;29.03;3.23;25.81;8.06;0;0;0;0;0;31.58;0
2A024;2A;Aullène;224;154;144;38;15;39;31;4;10;1;3;2;1;0;0;70;3;26.39;10.42;27.08;21.53;2.78;6.94;0.69;2.08;1.39;0.69;0;0;31.25;2.08
2A026;2A;Azilone-Ampaza;160;121;121;38;13;17;31;5;6;8;1;1;0;1;0;39;0;31.4;10.74;14.05;25.62;4.13;4.96;6.61;0.83;0.83;0;0.83;0;24.38;0
2A027;2A;Azzana;76;48;48;13;4;12;8;0;2;3;0;6;0;0;0;28;0;27.08;8.33;25;16.67;0;4.17;6.25;0;12.5;0;0;0;36.84;0
2A028;2A;Balogna;229;138;133;12;15;12;39;4;40;7;3;0;1;0;0;91;4;9.02;11.28;9.02;29.32;3.01;30.08;5.26;2.26;0;0.75;0;0;39.74;3.01
2A031;2A;Bastelica;569;346;329;76;46;48;103;1;31;14;4;5;0;1;0;223;8;23.1;13.98;14.59;31.31;0.3;9.42;4.26;1.22;1.52;0;0.3;0;39.19;2.43
2A032;2A;Bastelicaccia;2896;2108;2047;578;299;411;463;65;116;76;14;15;6;4;0;788;29;28.24;14.61;20.08;22.62;3.18;5.67;3.71;0.68;0.73;0.29;0.2;0;27.21;1.42
2A035;2A;Belvédère-Campomoro;242;169;159;21;19;36;62;5;4;5;2;4;1;0;0;73;0;13.21;11.95;22.64;38.99;3.14;2.52;3.14;1.26;2.52;0.63;0;0;30.17;0
2A038;2A;Bilia;66;48;48;0;31;5;6;2;1;3;0;0;0;0;0;18;0;0;64.58;10.42;12.5;4.17;2.08;6.25;0;0;0;0;0;27.27;0
2A040;2A;Bocognano;517;349;335;71;30;85;73;14;41;13;4;3;1;0;0;168;5;21.19;8.96;25.37;21.79;4.18;12.24;3.88;1.19;0.9;0.3;0;0;32.5;1.49
2A041;2A;Bonifacio;2615;1912;1858;489;221;403;512;64;70;62;23;8;2;4;0;703;20;26.32;11.89;21.69;27.56;3.44;3.77;3.34;1.24;0.43;0.11;0.22;0;26.88;1.08
2A048;2A;Calcatoggio;566;439;432;116;34;102;127;16;26;7;0;4;0;0;0;127;1;26.85;7.87;23.61;29.4;3.7;6.02;1.62;0;0.93;0;0;0;22.44;0.23
2A056;2A;Campo;131;99;94;26;4;13;27;3;14;7;0;0;0;0;0;32;0;27.66;4.26;13.83;28.72;3.19;14.89;7.45;0;0;0;0;0;24.43;0
2A060;2A;Cannelle;93;64;63;5;6;13;26;0;4;8;0;1;0;0;0;29;1;7.94;9.52;20.63;41.27;0;6.35;12.7;0;1.59;0;0;0;31.18;1.59
2A061;2A;Carbini;131;86;85;7;14;13;40;2;6;3;0;0;0;0;0;45;0;8.24;16.47;15.29;47.06;2.35;7.06;3.53;0;0;0;0;0;34.35;0
2A062;2A;Carbuccia;307;185;176;55;30;14;39;5;20;8;1;2;1;1;0;122;0;31.25;17.05;7.95;22.16;2.84;11.36;4.55;0.57;1.14;0.57;0.57;0;39.74;0
2A064;2A;Cardo-Torgia;54;39;38;12;0;10;10;3;2;0;0;1;0;0;0;15;1;31.58;0;26.32;26.32;7.89;5.26;0;0;2.63;0;0;0;27.78;2.63
2A065;2A;Cargèse;976;665;649;174;85;88;206;13;50;16;8;6;1;2;0;311;15;26.81;13.1;13.56;31.74;2;7.7;2.47;1.23;0.92;0.15;0.31;0;31.86;2.31
2A066;2A;Cargiaca;62;38;38;13;5;3;10;0;4;2;0;1;0;0;0;24;0;34.21;13.16;7.89;26.32;0;10.53;5.26;0;2.63;0;0;0;38.71;0
2A070;2A;Casaglione;397;258;248;75;24;31;86;9;11;7;4;1;0;0;0;139;0;30.24;9.68;12.5;34.68;3.63;4.44;2.82;1.61;0.4;0;0;0;35.01;0
2A071;2A;Casalabriva;170;111;104;20;28;11;35;0;6;2;0;2;0;0;0;59;7;19.23;26.92;10.58;33.65;0;5.77;1.92;0;1.92;0;0;0;34.71;6.73
2A085;2A;Cauro;1056;755;738;238;103;156;141;38;28;25;3;4;1;1;0;301;3;32.25;13.96;21.14;19.11;5.15;3.79;3.39;0.41;0.54;0.14;0.14;0;28.5;0.41
2A089;2A;Ciamannacce;180;95;94;19;1;14;43;4;12;0;1;0;0;0;0;85;0;20.21;1.06;14.89;45.74;4.26;12.77;0;1.06;0;0;0;0;47.22;0
2A090;2A;Coggia;667;434;419;126;29;83;100;20;30;22;4;3;1;1;0;233;13;30.07;6.92;19.81;23.87;4.77;7.16;5.25;0.95;0.72;0.24;0.24;0;34.93;3.1
2A091;2A;Cognocoli-Monticchi;226;169;166;50;8;32;59;6;7;4;0;0;0;0;0;57;3;30.12;4.82;19.28;35.54;3.61;4.22;2.41;0;0;0;0;0;25.22;1.81
2A092;2A;Conca;863;544;529;114;46;87;215;8;31;21;2;2;0;3;0;319;4;21.55;8.7;16.45;40.64;1.51;5.86;3.97;0.38;0.38;0;0.57;0;36.96;0.76
2A094;2A;Corrano;137;89;83;8;18;19;28;0;3;4;1;2;0;0;0;48;0;9.64;21.69;22.89;33.73;0;3.61;4.82;1.2;2.41;0;0;0;35.04;0
2A098;2A;Coti-Chiavari;703;507;496;133;53;79;174;18;16;9;7;3;2;2;0;196;10;26.81;10.69;15.93;35.08;3.63;3.23;1.81;1.41;0.6;0.4;0.4;0;27.88;2.02
2A099;2A;Cozzano;319;167;164;57;11;43;32;5;11;3;2;0;0;0;0;152;0;34.76;6.71;26.22;19.51;3.05;6.71;1.83;1.22;0;0;0;0;47.65;0
2A100;2A;Cristinacce;69;52;51;1;7;14;18;1;8;0;2;0;0;0;0;17;0;1.96;13.73;27.45;35.29;1.96;15.69;0;3.92;0;0;0;0;24.64;0
2A103;2A;Cuttoli-Corticchiato;1611;1022;983;336;164;169;160;35;71;31;6;8;2;1;0;589;16;34.18;16.68;17.19;16.28;3.56;7.22;3.15;0.61;0.81;0.2;0.1;0;36.56;1.63
2A104;2A;Eccica-Suarella;854;617;603;141;134;119;102;17;47;23;6;7;3;4;0;237;5;23.38;22.22;19.73;16.92;2.82;7.79;3.81;1;1.16;0.5;0.66;0;27.75;0.83
2A108;2A;Evisa;198;121;119;20;15;29;23;4;17;6;1;1;3;0;0;77;0;16.81;12.61;24.37;19.33;3.36;14.29;5.04;0.84;0.84;2.52;0;0;38.89;0
2A114;2A;Figari;1137;797;779;204;112;141;199;27;43;30;12;6;4;1;0;340;7;26.19;14.38;18.1;25.55;3.47;5.52;3.85;1.54;0.77;0.51;0.13;0;29.9;0.9
2A115;2A;Foce;140;81;76;20;12;5;13;4;8;8;2;2;1;1;0;59;0;26.32;15.79;6.58;17.11;5.26;10.53;10.53;2.63;2.63;1.32;1.32;0;42.14;0
2A117;2A;Forciolo;99;75;73;15;5;18;19;1;9;5;0;1;0;0;0;24;1;20.55;6.85;24.66;26.03;1.37;12.33;6.85;0;1.37;0;0;0;24.24;1.37
2A118;2A;Fozzano;184;143;130;45;15;24;32;3;6;2;1;2;0;0;0;41;5;34.62;11.54;18.46;24.62;2.31;4.62;1.54;0.77;1.54;0;0;0;22.28;3.85
2A119;2A;Frasseto;172;93;90;28;12;13;25;0;5;4;0;1;2;0;0;79;1;31.11;13.33;14.44;27.78;0;5.56;4.44;0;1.11;2.22;0;0;45.93;1.11
2A127;2A;Giuncheto;100;65;64;16;6;18;15;0;4;3;0;2;0;0;0;35;0;25;9.38;28.13;23.44;0;6.25;4.69;0;3.13;0;0;0;35;0
2A128;2A;Granace;103;66;63;10;4;19;17;2;1;9;0;1;0;0;0;37;1;15.87;6.35;30.16;26.98;3.17;1.59;14.29;0;1.59;0;0;0;35.92;1.59
2A129;2A;Grossa;74;55;54;17;10;9;10;4;2;1;0;0;0;1;0;19;1;31.48;18.52;16.67;18.52;7.41;3.7;1.85;0;0;0;1.85;0;25.68;1.85
2A130;2A;Grosseto-Prugna;2786;1970;1933;473;192;290;752;60;82;52;10;12;5;5;0;816;14;24.47;9.93;15;38.9;3.1;4.24;2.69;0.52;0.62;0.26;0.26;0;29.29;0.72
2A131;2A;Guagno;187;101;99;21;5;16;28;0;17;9;1;0;2;0;0;86;1;21.21;5.05;16.16;28.28;0;17.17;9.09;1.01;0;2.02;0;0;45.99;1.01
2A132;2A;Guargualé;142;128;124;6;2;7;105;0;1;1;1;0;1;0;0;14;2;4.84;1.61;5.65;84.68;0;0.81;0.81;0.81;0;0.81;0;0;9.86;1.61
2A133;2A;Guitera-les-Bains;183;115;111;33;17;18;24;2;12;5;0;0;0;0;0;68;4;29.73;15.32;16.22;21.62;1.8;10.81;4.5;0;0;0;0;0;37.16;3.6
2A139;2A;Lecci;1091;773;763;169;83;150;290;20;27;10;4;7;2;1;0;318;1;22.15;10.88;19.66;38.01;2.62;3.54;1.31;0.52;0.92;0.26;0.13;0;29.15;0.13
2A141;2A;Letia;257;181;179;34;16;49;54;7;14;2;2;0;0;1;0;76;0;18.99;8.94;27.37;30.17;3.91;7.82;1.12;1.12;0;0;0.56;0;29.57;0
2A142;2A;Levie;666;471;455;93;79;75;102;15;52;31;1;5;2;0;0;195;3;20.44;17.36;16.48;22.42;3.3;11.43;6.81;0.22;1.1;0.44;0;0;29.28;0.66
2A144;2A;Lopigna;177;111;107;14;7;21;11;0;53;1;0;0;0;0;0;66;3;13.08;6.54;19.63;10.28;0;49.53;0.93;0;0;0;0;0;37.29;2.8
2A146;2A;Loreto-di-Tallano;63;43;40;8;14;4;7;1;1;4;0;1;0;0;0;20;3;20;35;10;17.5;2.5;2.5;10;0;2.5;0;0;0;31.75;7.5
2A154;2A;Marignana;173;100;100;15;8;33;20;3;19;2;0;0;0;0;0;73;0;15;8;33;20;3;19;2;0;0;0;0;0;42.2;0
2A158;2A;Mela;77;48;47;13;2;5;21;1;2;3;0;0;0;0;0;29;1;27.66;4.26;10.64;44.68;2.13;4.26;6.38;0;0;0;0;0;37.66;2.13
2A160;2A;Moca-Croce;260;156;145;21;27;23;42;6;17;8;1;0;0;0;0;104;5;14.48;18.62;15.86;28.97;4.14;11.72;5.52;0.69;0;0;0;0;40;3.45
2A163;2A;Monacia-d'Aullène;493;348;345;113;40;60;83;8;28;7;1;3;2;0;0;145;3;32.75;11.59;17.39;24.06;2.32;8.12;2.03;0.29;0.87;0.58;0;0;29.41;0.87
2A174;2A;Murzo;123;75;74;24;9;17;10;1;4;7;1;0;1;0;0;48;1;32.43;12.16;22.97;13.51;1.35;5.41;9.46;1.35;0;1.35;0;0;39.02;1.35
2A181;2A;Ocana;394;283;270;80;80;33;35;8;23;5;4;1;1;0;0;111;1;29.63;29.63;12.22;12.96;2.96;8.52;1.85;1.48;0.37;0.37;0;0;28.17;0.37
2A186;2A;Olivese;303;202;189;77;11;20;51;6;11;8;1;2;2;0;0;101;6;40.74;5.82;10.58;26.98;3.17;5.82;4.23;0.53;1.06;1.06;0;0;33.33;3.17
2A189;2A;Olmeto;1151;793;779;232;85;180;213;21;21;19;3;0;3;2;0;358;9;29.78;10.91;23.11;27.34;2.7;2.7;2.44;0.39;0;0.39;0.26;0;31.1;1.16
2A191;2A;Olmiccia;93;59;57;10;13;1;29;0;2;0;0;2;0;0;0;34;1;17.54;22.81;1.75;50.88;0;3.51;0;0;3.51;0;0;0;36.56;1.75
2A196;2A;Orto;150;99;97;16;3;19;26;2;26;4;0;1;0;0;0;51;0;16.49;3.09;19.59;26.8;2.06;26.8;4.12;0;1.03;0;0;0;34;0
2A197;2A;Osani;147;100;96;20;15;14;31;1;1;7;3;4;0;0;0;47;0;20.83;15.63;14.58;32.29;1.04;1.04;7.29;3.13;4.17;0;0;0;31.97;0
2A198;2A;Ota;532;347;340;98;36;72;82;8;29;11;2;1;0;1;0;185;0;28.82;10.59;21.18;24.12;2.35;8.53;3.24;0.59;0.29;0;0.29;0;34.77;0
2A200;2A;Palneca;278;158;153;58;13;21;44;1;8;5;2;1;0;0;0;120;0;37.91;8.5;13.73;28.76;0.65;5.23;3.27;1.31;0.65;0;0;0;43.17;0
2A203;2A;Partinello;100;61;58;11;6;24;10;1;6;0;0;0;0;0;0;39;1;18.97;10.34;41.38;17.24;1.72;10.34;0;0;0;0;0;0;39;1.72
2A204;2A;Pastricciola;199;117;116;43;25;16;23;0;5;3;0;1;0;0;0;82;1;37.07;21.55;13.79;19.83;0;4.31;2.59;0;0.86;0;0;0;41.21;0.86
2A209;2A;Peri;1828;1229;1194;425;143;206;215;29;101;45;9;15;3;3;0;599;10;35.59;11.98;17.25;18.01;2.43;8.46;3.77;0.75;1.26;0.25;0.25;0;32.77;0.84
2A211;2A;Petreto-Bicchisano;588;386;371;90;72;52;108;11;21;9;0;4;3;1;0;202;2;24.26;19.41;14.02;29.11;2.96;5.66;2.43;0;1.08;0.81;0.27;0;34.35;0.54
2A212;2A;Piana;451;279;268;46;26;65;79;11;14;22;2;2;1;0;0;172;9;17.16;9.7;24.25;29.48;4.1;5.22;8.21;0.75;0.75;0.37;0;0;38.14;3.36
2A215;2A;Pianotolli-Caldarello;725;522;511;146;56;68;188;19;10;15;5;2;0;2;0;203;1;28.57;10.96;13.31;36.79;3.72;1.96;2.94;0.98;0.39;0;0.39;0;28;0.2
2A228;2A;Pietrosella;1199;917;902;200;129;168;302;36;25;22;3;6;7;4;0;282;9;22.17;14.3;18.63;33.48;3.99;2.77;2.44;0.33;0.67;0.78;0.44;0;23.52;1
2A232;2A;Pila-Canale;260;156;152;43;22;21;50;4;6;4;0;2;0;0;0;104;2;28.29;14.47;13.82;32.89;2.63;3.95;2.63;0;1.32;0;0;0;40;1.32
2A240;2A;Poggiolo;157;120;119;38;9;36;23;2;7;2;0;2;0;0;0;37;1;31.93;7.56;30.25;19.33;1.68;5.88;1.68;0;1.68;0;0;0;23.57;0.84
2A247;2A;Porto-Vecchio;9260;6459;6202;1671;845;938;1921;204;307;199;43;49;18;7;0;2801;159;26.94;13.62;15.12;30.97;3.29;4.95;3.21;0.69;0.79;0.29;0.11;0;30.25;2.56
2A249;2A;Propriano;2445;1581;1545;481;201;270;419;52;64;30;6;14;6;2;0;864;13;31.13;13.01;17.48;27.12;3.37;4.14;1.94;0.39;0.91;0.39;0.13;0;35.34;0.84
2A253;2A;Quasquara;91;72;71;15;2;20;24;0;6;2;0;2;0;0;0;19;1;21.13;2.82;28.17;33.8;0;8.45;2.82;0;2.82;0;0;0;20.88;1.41
2A254;2A;Quenza;284;187;181;34;25;37;55;8;12;3;2;5;0;0;0;97;1;18.78;13.81;20.44;30.39;4.42;6.63;1.66;1.1;2.76;0;0;0;34.15;0.55
2A258;2A;Renno;178;111;107;16;10;13;52;4;6;0;1;5;0;0;0;67;0;14.95;9.35;12.15;48.6;3.74;5.61;0;0.93;4.67;0;0;0;37.64;0
2A259;2A;Rezza;94;58;58;15;4;6;27;0;3;3;0;0;0;0;0;36;0;25.86;6.9;10.34;46.55;0;5.17;5.17;0;0;0;0;0;38.3;0
2A262;2A;Rosazia;106;61;56;30;2;2;4;1;13;2;1;1;0;0;0;45;5;53.57;3.57;3.57;7.14;1.79;23.21;3.57;1.79;1.79;0;0;0;42.45;8.93
2A266;2A;Salice;119;84;82;21;6;16;25;0;14;0;0;0;0;0;0;35;0;25.61;7.32;19.51;30.49;0;17.07;0;0;0;0;0;0;29.41;0
2A268;2A;Sampolo;108;79;76;15;10;15;22;3;8;2;0;1;0;0;0;29;2;19.74;13.16;19.74;28.95;3.95;10.53;2.63;0;1.32;0;0;0;26.85;2.63
2A269;2A;Sari-Solenzara;1255;899;882;288;85;107;289;34;47;24;2;3;1;2;0;356;16;32.65;9.64;12.13;32.77;3.85;5.33;2.72;0.23;0.34;0.11;0.23;0;28.37;1.81
2A270;2A;Sari-d'Orcino;352;264;255;56;30;50;75;3;28;8;3;2;0;0;0;88;0;21.96;11.76;19.61;29.41;1.18;10.98;3.14;1.18;0.78;0;0;0;25;0
2A271;2A;Sarrola-Carcopino;2058;1418;1373;536;217;202;255;36;73;31;10;8;3;2;0;640;16;39.04;15.8;14.71;18.57;2.62;5.32;2.26;0.73;0.58;0.22;0.15;0;31.1;1.17
2A272;2A;Sartène;2341;1614;1543;373;363;270;347;36;69;56;12;13;1;3;0;727;31;24.17;23.53;17.5;22.49;2.33;4.47;3.63;0.78;0.84;0.06;0.19;0;31.06;2.01
2A276;2A;Serra-di-Ferro;517;372;354;32;33;67;175;7;24;7;4;3;2;0;0;145;11;9.04;9.32;18.93;49.44;1.98;6.78;1.98;1.13;0.85;0.56;0;0;28.05;3.11
2A278;2A;Serra-di-Scopamène;136;98;98;10;16;19;30;3;15;3;0;2;0;0;0;38;0;10.2;16.33;19.39;30.61;3.06;15.31;3.06;0;2.04;0;0;0;27.94;0
2A279;2A;Serriera;121;93;93;17;13;37;12;2;6;6;0;0;0;0;0;28;0;18.28;13.98;39.78;12.9;2.15;6.45;6.45;0;0;0;0;0;23.14;0
2A282;2A;Soccia;214;155;146;27;5;41;48;3;12;5;0;5;0;0;0;59;1;18.49;3.42;28.08;32.88;2.05;8.22;3.42;0;3.42;0;0;0;27.57;0.68
2A284;2A;Sollacaro;352;245;231;53;65;31;43;7;15;9;1;4;1;2;0;107;9;22.94;28.14;13.42;18.61;3.03;6.49;3.9;0.43;1.73;0.43;0.87;0;30.4;3.9
2A285;2A;Sorbollano;90;56;56;5;4;18;17;2;4;4;0;2;0;0;0;34;0;8.93;7.14;32.14;30.36;3.57;7.14;7.14;0;3.57;0;0;0;37.78;0
2A288;2A;Sotta;1019;761;735;226;89;113;215;28;31;11;4;16;0;2;0;258;12;30.75;12.11;15.37;29.25;3.81;4.22;1.5;0.54;2.18;0;0.27;0;25.32;1.63
2A295;2A;Sant'Andréa-d'Orcino;98;67;64;18;7;14;12;1;4;5;2;0;1;0;0;31;1;28.13;10.94;21.88;18.75;1.56;6.25;7.81;3.13;0;1.56;0;0;31.63;1.56
2A300;2A;San-Gavino-di-Carbini;914;618;598;150;83;98;194;21;29;12;1;7;3;0;0;296;4;25.08;13.88;16.39;32.44;3.51;4.85;2.01;0.17;1.17;0.5;0;0;32.39;0.67
2A308;2A;Sainte-Lucie-de-Tallano;574;430;421;118;38;64;150;5;31;10;1;3;1;0;0;144;4;28.03;9.03;15.2;35.63;1.19;7.36;2.38;0.24;0.71;0.24;0;0;25.09;0.95
2A310;2A;Santa-Maria-Figaniella;109;81;81;36;10;7;19;2;6;0;0;0;1;0;0;28;0;44.44;12.35;8.64;23.46;2.47;7.41;0;0;0;1.23;0;0;25.69;0
2A312;2A;Santa-Maria-Siché;377;252;247;71;27;60;54;9;17;7;0;1;1;0;0;125;3;28.74;10.93;24.29;21.86;3.64;6.88;2.83;0;0.4;0.4;0;0;33.16;1.21
2A322;2A;Tasso;242;120;118;21;5;9;65;1;9;1;3;3;1;0;0;122;1;17.8;4.24;7.63;55.08;0.85;7.63;0.85;2.54;2.54;0.85;0;0;50.41;0.85
2A323;2A;Tavaco;272;181;180;71;36;22;21;5;8;9;0;5;0;3;0;91;1;39.44;20;12.22;11.67;2.78;4.44;5;0;2.78;0;1.67;0;33.46;0.56
2A324;2A;Tavera;412;255;244;55;38;43;42;10;34;16;1;1;1;3;0;157;2;22.54;15.57;17.62;17.21;4.1;13.93;6.56;0.41;0.41;0.41;1.23;0;38.11;0.82
2A326;2A;Tolla;180;130;125;17;26;34;23;2;14;6;0;2;1;0;0;50;2;13.6;20.8;27.2;18.4;1.6;11.2;4.8;0;1.6;0.8;0;0;27.78;1.6
2A330;2A;Ucciani;508;359;354;100;36;73;43;7;65;21;5;3;0;1;0;149;4;28.25;10.17;20.62;12.15;1.98;18.36;5.93;1.41;0.85;0;0.28;0;29.33;1.13
2A331;2A;Urbalacone;68;37;37;18;6;3;7;1;1;0;0;1;0;0;0;31;0;48.65;16.22;8.11;18.92;2.7;2.7;0;0;2.7;0;0;0;45.59;0
2A336;2A;Valle-di-Mezzana;344;260;252;76;24;48;59;8;16;13;0;6;0;2;0;84;0;30.16;9.52;19.05;23.41;3.17;6.35;5.16;0;2.38;0;0.79;0;24.42;0
2A345;2A;Vero;379;257;243;88;41;43;33;8;19;6;0;2;2;1;0;122;4;36.21;16.87;17.7;13.58;3.29;7.82;2.47;0;0.82;0.82;0.41;0;32.19;1.65
2A348;2A;Vico;971;636;628;151;74;121;187;14;40;31;4;5;1;0;0;335;3;24.04;11.78;19.27;29.78;2.23;6.37;4.94;0.64;0.8;0.16;0;0;34.5;0.48
2A349;2A;Viggianello;533;312;308;89;52;49;57;14;33;5;1;6;2;0;0;221;3;28.9;16.88;15.91;18.51;4.55;10.71;1.62;0.32;1.95;0.65;0;0;41.46;0.97
2A351;2A;Villanova;346;258;255;68;50;55;63;3;7;9;0;0;0;0;0;88;0;26.67;19.61;21.57;24.71;1.18;2.75;3.53;0;0;0;0;0;25.43;0
2A357;2A;Zérubia;58;51;46;8;10;10;6;2;6;3;0;1;0;0;0;7;1;17.39;21.74;21.74;13.04;4.35;13.04;6.52;0;2.17;0;0;0;12.07;2.17
2A358;2A;Zévaco;80;57;56;12;7;7;19;3;7;1;0;0;0;0;0;23;0;21.43;12.5;12.5;33.93;5.36;12.5;1.79;0;0;0;0;0;28.75;0
2A359;2A;Zicavo;285;162;160;40;4;21;73;6;11;2;1;0;2;0;0;123;2;25;2.5;13.13;45.63;3.75;6.88;1.25;0.63;0;1.25;0;0;43.16;1.25
2A360;2A;Zigliara;160;118;115;32;8;26;31;3;10;2;0;3;0;0;0;42;1;27.83;6.96;22.61;26.96;2.61;8.7;1.74;0;2.61;0;0;0;26.25;0.87
2A362;2A;Zonza;2027;1499;1465;438;170;209;444;64;85;30;6;10;7;2;0;528;19;29.9;11.6;14.27;30.31;4.37;5.8;2.05;0.41;0.68;0.48;0.14;0;26.05;1.3
2A363;2A;Zoza;82;47;47;13;2;6;13;0;8;3;0;0;2;0;0;35;0;27.66;4.26;12.77;27.66;0;17.02;6.38;0;0;4.26;0;0;42.68;0