insee;dep;nom;nb_inscrits;nb_votants;nb_exprimes;nb_voix1;nb_voix2;nb_voix3;nb_voix4;nb_voix5;nb_voix6;nb_voix7;nb_voix8;nb_voix9;nb_voix10;nb_voix11;nb_voix12;nb_voix13;nb_voix14;voix_1;voix_2;voix_3;voix_4;voix_5;voix_6;voix_7;voix_8;voix_9;voix_10;voix_11;voix_12;voix_13;voix_14
2B002;2B;Aghione;184;141;137;29;23;25;45;4;7;1;1;1;1;0;0;43;1;21.17;16.79;18.25;32.85;2.92;5.11;0.73;0.73;0.73;0.73;0;0;23.37;0.73
2B003;2B;Aiti;75;58;57;4;13;20;12;0;3;5;0;0;0;0;0;17;1;7.02;22.81;35.09;21.05;0;5.26;8.77;0;0;0;0;0;22.67;1.75
2B005;2B;Alando;30;25;25;1;3;6;9;0;1;3;0;2;0;0;0;5;0;4;12;24;36;0;4;12;0;8;0;0;0;16.67;0
2B007;2B;Albertacce;311;182;172;29;14;82;21;3;12;9;1;1;0;0;0;129;0;16.86;8.14;47.67;12.21;1.74;6.98;5.23;0.58;0.58;0;0;0;41.48;0
2B009;2B;Aléria;1387;878;866;237;63;90;380;18;37;30;3;6;2;0;0;509;2;27.37;7.27;10.39;43.88;2.08;4.27;3.46;0.35;0.69;0.23;0;0;36.7;0.23
2B010;2B;Algajola;261;191;185;37;14;33;89;2;6;3;1;0;0;0;0;70;4;20;7.57;17.84;48.11;1.08;3.24;1.62;0.54;0;0;0;0;26.82;2.16
2B012;2B;Altiani;105;55;51;4;9;28;2;2;2;3;0;1;0;0;0;50;3;7.84;17.65;54.9;3.92;3.92;3.92;5.88;0;1.96;0;0;0;47.62;5.88
2B013;2B;Alzi;37;10;9;0;2;1;0;0;4;2;0;0;0;0;0;27;1;0;22.22;11.11;0;0;44.44;22.22;0;0;0;0;0;72.97;11.11
2B015;2B;Ampriani;24;22;21;0;6;4;5;0;4;1;0;0;0;1;0;2;1;0;28.57;19.05;23.81;0;19.05;4.76;0;0;0;4.76;0;8.33;4.76
2B016;2B;Antisanti;476;337;331;76;25;104;74;8;30;12;0;0;1;1;0;139;2;22.96;7.55;31.42;22.36;2.42;9.06;3.63;0;0;0.3;0.3;0;29.2;0.6
2B020;2B;Aregno;474;299;285;61;28;73;86;9;12;12;2;2;0;0;0;175;4;21.4;9.82;25.61;30.18;3.16;4.21;4.21;0.7;0.7;0;0;0;36.92;1.4
2B023;2B;Asco;159;105;102;14;21;25;22;3;12;5;0;0;0;0;0;54;1;13.73;20.59;24.51;21.57;2.94;11.76;4.9;0;0;0;0;0;33.96;0.98
2B025;2B;Avapessa;93;57;55;9;11;20;11;0;1;1;1;0;1;0;0;36;0;16.36;20;36.36;20;0;1.82;1.82;1.82;0;1.82;0;0;38.71;0
2B029;2B;Barbaggio;218;154;148;37;33;37;22;4;9;4;1;1;0;0;0;64;1;25;22.3;25;14.86;2.7;6.08;2.7;0.68;0.68;0;0;0;29.36;0.68
2B030;2B;Barrettali;198;137;136;22;27;26;40;5;3;9;0;4;0;0;0;61;0;16.18;19.85;19.12;29.41;3.68;2.21;6.62;0;2.94;0;0;0;30.81;0
2B033;2B;Bastia;21724;13819;13416;4128;2192;2588;2491;364;647;707;84;138;49;28;0;7905;128;30.77;16.34;19.29;18.57;2.71;4.82;5.27;0.63;1.03;0.37;0.21;0;36.39;0.95
2B034;2B;Belgodère;407;302;299;29;33;50;56;8;113;8;1;1;0;0;0;105;1;9.7;11.04;16.72;18.73;2.68;37.79;2.68;0.33;0.33;0;0;0;25.8;0.33
2B036;2B;Bigorno;97;85;83;4;6;64;6;0;0;1;2;0;0;0;0;12;0;4.82;7.23;77.11;7.23;0;0;1.2;2.41;0;0;0;0;12.37;0
2B037;2B;Biguglia;4733;3526;3419;1249;381;454;896;127;161;83;17;37;7;7;0;1207;34;36.53;11.14;13.28;26.21;3.71;4.71;2.43;0.5;1.08;0.2;0.2;0;25.5;0.99
2B039;2B;Bisinchi;249;156;149;32;57;12;27;4;8;8;0;1;0;0;0;93;1;21.48;38.26;8.05;18.12;2.68;5.37;5.37;0;0.67;0;0;0;37.35;0.67
2B042;2B;Borgo;5033;3480;3426;629;277;297;1913;69;119;67;13;28;10;4;0;1553;10;18.36;8.09;8.67;55.84;2.01;3.47;1.96;0.38;0.82;0.29;0.12;0;30.86;0.29
2B043;2B;Brando;1393;1079;1054;270;169;197;298;23;39;39;10;7;1;1;0;314;10;25.62;16.03;18.69;28.27;2.18;3.7;3.7;0.95;0.66;0.09;0.09;0;22.54;0.95
2B045;2B;Bustanico;111;73;72;15;3;2;39;1;8;1;0;3;0;0;0;38;0;20.83;4.17;2.78;54.17;1.39;11.11;1.39;0;4.17;0;0;0;34.23;0
2B046;2B;Cagnano;197;144;139;36;20;24;38;4;7;5;1;0;0;4;0;53;1;25.9;14.39;17.27;27.34;2.88;5.04;3.6;0.72;0;0;2.88;0;26.9;0.72
2B047;2B;Calacuccia;482;321;313;22;17;39;206;1;15;10;2;1;0;0;0;161;3;7.03;5.43;12.46;65.81;0.32;4.79;3.19;0.64;0.32;0;0;0;33.4;0.96
2B049;2B;Calenzana;1659;1101;1071;348;124;150;271;37;71;46;10;10;1;3;0;558;0;32.49;11.58;14.01;25.3;3.45;6.63;4.3;0.93;0.93;0.09;0.28;0;33.63;0
2B050;2B;Calvi;3976;2723;2628;762;283;350;920;86;122;73;13;10;7;2;0;1253;37;29;10.77;13.32;35.01;3.27;4.64;2.78;0.49;0.38;0.27;0.08;0;31.51;1.41
2B051;2B;Cambia;141;86;81;19;12;20;18;0;7;4;0;1;0;0;0;55;5;23.46;14.81;24.69;22.22;0;8.64;4.94;0;1.23;0;0;0;39.01;6.17
2B052;2B;Campana;94;75;73;2;6;14;48;1;0;2;0;0;0;0;0;19;0;2.74;8.22;19.18;65.75;1.37;0;2.74;0;0;0;0;0;20.21;0
2B053;2B;Campi;38;25;25;2;3;5;5;1;3;5;0;1;0;0;0;13;0;8;12;20;20;4;12;20;0;4;0;0;0;34.21;0
2B054;2B;Campile;262;199;192;43;34;38;43;2;20;8;0;0;4;0;0;63;1;22.4;17.71;19.79;22.4;1.04;10.42;4.17;0;0;2.08;0;0;24.05;0.52
2B055;2B;Campitello;143;113;104;20;9;36;21;0;13;3;1;1;0;0;0;30;3;19.23;8.65;34.62;20.19;0;12.5;2.88;0.96;0.96;0;0;0;20.98;2.88
2B057;2B;Canale-di-Verde;251;152;150;57;18;27;30;6;7;4;0;1;0;0;0;99;0;38;12;18;20;4;4.67;2.67;0;0.67;0;0;0;39.44;0
2B058;2B;Canari;269;196;184;51;35;35;38;1;9;7;0;3;2;3;0;73;5;27.72;19.02;19.02;20.65;0.54;4.89;3.8;0;1.63;1.09;1.63;0;27.14;2.72
2B059;2B;Canavaggia;233;149;145;37;18;42;20;3;17;6;0;1;0;1;0;84;1;25.52;12.41;28.97;13.79;2.07;11.72;4.14;0;0.69;0;0.69;0;36.05;0.69
2B063;2B;Carcheto-Brustico;53;30;30;4;6;14;2;0;1;1;0;2;0;0;0;23;0;13.33;20;46.67;6.67;0;3.33;3.33;0;6.67;0;0;0;43.4;0
2B067;2B;Carpineto;35;25;24;7;3;4;5;0;3;1;1;0;0;0;0;10;0;29.17;12.5;16.67;20.83;0;12.5;4.17;4.17;0;0;0;0;28.57;0
2B068;2B;Carticasi;71;47;47;7;2;28;7;0;2;1;0;0;0;0;0;24;0;14.89;4.26;59.57;14.89;0;4.26;2.13;0;0;0;0;0;33.8;0
2B069;2B;Casabianca;151;84;83;12;13;22;15;2;10;4;1;3;1;0;0;67;0;14.46;15.66;26.51;18.07;2.41;12.05;4.82;1.2;3.61;1.2;0;0;44.37;0
2B072;2B;Casalta;62;28;26;5;0;7;7;1;3;1;0;1;1;0;0;34;1;19.23;0;26.92;26.92;3.85;11.54;3.85;0;3.85;3.85;0;0;54.84;3.85
2B073;2B;Casamaccioli;281;136;133;29;10;30;41;0;13;8;0;1;1;0;0;145;2;21.8;7.52;22.56;30.83;0;9.77;6.02;0;0.75;0.75;0;0;51.6;1.5
2B074;2B;Casanova;263;179;168;29;50;30;22;8;12;12;2;3;0;0;0;84;5;17.26;29.76;17.86;13.1;4.76;7.14;7.14;1.19;1.79;0;0;0;31.94;2.98
2B075;2B;Casevecchie;64;38;36;4;6;17;3;1;3;2;0;0;0;0;0;26;0;11.11;16.67;47.22;8.33;2.78;8.33;5.56;0;0;0;0;0;40.63;0
2B077;2B;Castellare-di-Casinca;465;339;327;103;33;63;104;13;4;6;0;1;0;0;0;126;4;31.5;10.09;19.27;31.8;3.98;1.22;1.83;0;0.31;0;0;0;27.1;1.22
2B078;2B;Castellare-di-Mercurio;66;55;53;13;8;9;18;1;2;1;0;1;0;0;0;11;0;24.53;15.09;16.98;33.96;1.89;3.77;1.89;0;1.89;0;0;0;16.67;0
2B079;2B;Castello-di-Rostino;487;331;315;113;50;36;54;8;34;15;0;3;0;2;0;156;7;35.87;15.87;11.43;17.14;2.54;10.79;4.76;0;0.95;0;0.63;0;32.03;2.22
2B080;2B;Castifao;212;146;135;41;22;27;19;4;14;8;0;0;0;0;0;66;9;30.37;16.3;20;14.07;2.96;10.37;5.93;0;0;0;0;0;31.13;6.67
2B081;2B;Castiglione;77;53;50;18;2;11;13;1;4;0;1;0;0;0;0;24;1;36;4;22;26;2;8;0;2;0;0;0;0;31.17;2
2B082;2B;Castineta;54;27;26;2;6;6;1;3;4;4;0;0;0;0;0;27;0;7.69;23.08;23.08;3.85;11.54;15.38;15.38;0;0;0;0;0;50;0
2B083;2B;Castirla;227;146;143;42;10;25;42;4;11;9;0;0;0;0;0;81;1;29.37;6.99;17.48;29.37;2.8;7.69;6.29;0;0;0;0;0;35.68;0.7
2B084;2B;Cateri;170;117;114;22;9;14;46;4;14;3;1;1;0;0;0;53;1;19.3;7.89;12.28;40.35;3.51;12.28;2.63;0.88;0.88;0;0;0;31.18;0.88
2B086;2B;Centuri;230;172;167;46;41;16;47;2;8;0;2;4;1;0;0;58;2;27.54;24.55;9.58;28.14;1.2;4.79;0;1.2;2.4;0.6;0;0;25.22;1.2
2B087;2B;Cervione;1645;972;951;252;77;165;303;33;64;41;3;11;1;1;0;673;7;26.5;8.1;17.35;31.86;3.47;6.73;4.31;0.32;1.16;0.11;0.11;0;40.91;0.74
2B088;2B;Chiatra;194;132;129;25;16;34;36;2;8;6;2;0;0;0;0;62;0;19.38;12.4;26.36;27.91;1.55;6.2;4.65;1.55;0;0;0;0;31.96;0
2B093;2B;Corbara;745;537;519;97;98;106;152;10;30;17;2;6;1;0;0;208;15;18.69;18.88;20.42;29.29;1.93;5.78;3.28;0.39;1.16;0.19;0;0;27.92;2.89
2B095;2B;Corscia;241;139;137;14;23;41;27;0;16;14;1;1;0;0;0;102;1;10.22;16.79;29.93;19.71;0;11.68;10.22;0.73;0.73;0;0;0;42.32;0.73
2B096;2B;Corte;3773;2316;2228;516;307;457;567;46;175;96;17;32;9;6;0;1457;27;23.16;13.78;20.51;25.45;2.06;7.85;4.31;0.76;1.44;0.4;0.27;0;38.62;1.21
2B097;2B;Costa;64;50;48;9;8;9;10;2;8;1;0;1;0;0;0;14;0;18.75;16.67;18.75;20.83;4.17;16.67;2.08;0;2.08;0;0;0;21.88;0
2B101;2B;Croce;96;65;61;21;13;12;6;1;3;3;1;0;0;1;0;31;2;34.43;21.31;19.67;9.84;1.64;4.92;4.92;1.64;0;0;1.64;0;32.29;3.28
2B102;2B;Crocicchia;111;72;72;12;6;44;6;2;1;1;0;0;0;0;0;39;0;16.67;8.33;61.11;8.33;2.78;1.39;1.39;0;0;0;0;0;35.14;0
2B105;2B;Erbajolo;114;81;79;12;19;14;14;0;9;7;2;0;2;0;0;33;0;15.19;24.05;17.72;17.72;0;11.39;8.86;2.53;0;2.53;0;0;28.95;0
2B106;2B;Erone;19;14;14;2;4;7;0;0;0;1;0;0;0;0;0;5;0;14.29;28.57;50;0;0;0;7.14;0;0;0;0;0;26.32;0
2B107;2B;Ersa;231;164;158;32;20;23;74;2;4;3;0;0;0;0;0;67;3;20.25;12.66;14.56;46.84;1.27;2.53;1.9;0;0;0;0;0;29;1.9
2B109;2B;Farinole;248;180;175;28;21;34;68;1;11;9;0;3;0;0;0;68;5;16;12;19.43;38.86;0.57;6.29;5.14;0;1.71;0;0;0;27.42;2.86
2B110;2B;Favalello;79;55;55;10;14;16;6;1;5;1;2;0;0;0;0;24;0;18.18;25.45;29.09;10.91;1.82;9.09;1.82;3.64;0;0;0;0;30.38;0
2B111;2B;Felce;81;56;54;6;5;15;18;1;6;1;1;0;1;0;0;25;0;11.11;9.26;27.78;33.33;1.85;11.11;1.85;1.85;0;1.85;0;0;30.86;0
2B112;2B;Feliceto;204;123;118;29;18;10;33;2;13;7;1;2;2;1;0;81;0;24.58;15.25;8.47;27.97;1.69;11.02;5.93;0.85;1.69;1.69;0.85;0;39.71;0
2B113;2B;Ficaja;88;46;45;10;2;8;10;2;2;9;1;0;1;0;0;42;0;22.22;4.44;17.78;22.22;4.44;4.44;20;2.22;0;2.22;0;0;47.73;0
2B116;2B;Focicchia;62;41;34;3;4;11;5;1;5;4;0;1;0;0;0;21;0;8.82;11.76;32.35;14.71;2.94;14.71;11.76;0;2.94;0;0;0;33.87;0
2B120;2B;Furiani;4144;2946;2864;1027;401;517;528;120;121;92;22;19;15;2;0;1198;24;35.86;14;18.05;18.44;4.19;4.22;3.21;0.77;0.66;0.52;0.07;0;28.91;0.84
2B121;2B;Galéria;427;306;300;61;48;59;76;13;26;11;2;4;0;0;0;121;1;20.33;16;19.67;25.33;4.33;8.67;3.67;0.67;1.33;0;0;0;28.34;0.33
2B122;2B;Gavignano;68;50;50;18;8;11;8;0;2;2;0;1;0;0;0;18;0;36;16;22;16;0;4;4;0;2;0;0;0;26.47;0
2B123;2B;Ghisonaccia;2408;1580;1557;406;176;304;461;53;76;59;5;10;5;2;0;828;8;26.08;11.3;19.52;29.61;3.4;4.88;3.79;0.32;0.64;0.32;0.13;0;34.39;0.51
2B124;2B;Ghisoni;450;288;278;48;38;31;115;11;23;5;1;2;4;0;0;162;7;17.27;13.67;11.15;41.37;3.96;8.27;1.8;0.36;0.72;1.44;0;0;36;2.52
2B125;2B;Giocatojo;59;31;30;11;2;7;10;0;0;0;0;0;0;0;0;28;0;36.67;6.67;23.33;33.33;0;0;0;0;0;0;0;0;47.46;0
2B126;2B;Giuncaggio;77;58;57;8;7;16;13;1;5;6;1;0;0;0;0;19;0;14.04;12.28;28.07;22.81;1.75;8.77;10.53;1.75;0;0;0;0;24.68;0
2B134;2B;L'Ile-Rousse;2520;1622;1582;403;157;276;512;52;91;53;10;15;10;3;0;898;0;25.47;9.92;17.45;32.36;3.29;5.75;3.35;0.63;0.95;0.63;0.19;0;35.63;0
2B135;2B;Isolaccio-di-Fiumorbo;470;231;229;51;81;39;29;3;15;8;0;3;0;0;0;239;2;22.27;35.37;17.03;12.66;1.31;6.55;3.49;0;1.31;0;0;0;50.85;0.87
2B136;2B;Lama;179;122;117;15;18;21;48;0;9;4;1;1;0;0;0;57;1;12.82;15.38;17.95;41.03;0;7.69;3.42;0.85;0.85;0;0;0;31.84;0.85
2B137;2B;Lano;42;30;29;9;3;7;3;2;4;1;0;0;0;0;0;12;1;31.03;10.34;24.14;10.34;6.9;13.79;3.45;0;0;0;0;0;28.57;3.45
2B138;2B;Lavatoggio;129;95;92;31;9;15;17;2;11;6;0;0;1;0;0;34;2;33.7;9.78;16.3;18.48;2.17;11.96;6.52;0;0;1.09;0;0;26.36;2.17
2B140;2B;Lento;122;81;77;9;9;28;20;1;6;0;0;4;0;0;0;41;1;11.69;11.69;36.36;25.97;1.3;7.79;0;0;5.19;0;0;0;33.61;1.3
2B143;2B;Linguizzetta;701;458;446;132;52;98;100;7;32;18;3;3;0;1;0;243;6;29.6;11.66;21.97;22.42;1.57;7.17;4.04;0.67;0.67;0;0.22;0;34.66;1.35
2B145;2B;Loreto-di-Casinca;280;158;154;29;36;3;58;1;15;8;0;2;2;0;0;122;4;18.83;23.38;1.95;37.66;0.65;9.74;5.19;0;1.3;1.3;0;0;43.57;2.6
2B147;2B;Lozzi;279;153;148;25;17;40;35;0;21;9;0;1;0;0;0;126;0;16.89;11.49;27.03;23.65;0;14.19;6.08;0;0.68;0;0;0;45.16;0
2B148;2B;Lucciana;3276;2277;2230;909;255;335;442;58;107;77;19;16;9;3;0;999;15;40.76;11.43;15.02;19.82;2.6;4.8;3.45;0.85;0.72;0.4;0.13;0;30.49;0.67
2B149;2B;Lugo-di-Nazza;124;71;65;15;6;15;18;1;5;4;0;1;0;0;0;53;2;23.08;9.23;23.08;27.69;1.54;7.69;6.15;0;1.54;0;0;0;42.74;3.08
2B150;2B;Lumio;948;737;727;165;90;131;245;24;32;26;8;4;0;2;0;211;0;22.7;12.38;18.02;33.7;3.3;4.4;3.58;1.1;0.55;0;0.28;0;22.26;0
2B152;2B;Luri;709;505;483;111;89;118;91;11;23;30;4;6;0;0;0;204;11;22.98;18.43;24.43;18.84;2.28;4.76;6.21;0.83;1.24;0;0;0;28.77;2.28
2B153;2B;Manso;140;101;101;32;6;21;9;1;28;3;0;1;0;0;0;39;0;31.68;5.94;20.79;8.91;0.99;27.72;2.97;0;0.99;0;0;0;27.86;0
2B155;2B;Matra;68;44;40;8;4;2;12;2;7;4;1;0;0;0;0;24;2;20;10;5;30;5;17.5;10;2.5;0;0;0;0;35.29;5
2B156;2B;Mausoléo;40;19;19;0;4;1;6;1;4;0;0;3;0;0;0;21;0;0;21.05;5.26;31.58;5.26;21.05;0;0;15.79;0;0;0;52.5;0
2B157;2B;Mazzola;43;20;20;5;0;9;5;0;1;0;0;0;0;0;0;23;0;25;0;45;25;0;5;0;0;0;0;0;0;53.49;0
2B159;2B;Meria;114;86;84;18;19;13;26;2;3;1;0;2;0;0;0;28;2;21.43;22.62;15.48;30.95;2.38;3.57;1.19;0;2.38;0;0;0;24.56;2.38
2B161;2B;Moïta;90;66;64;16;6;22;9;0;6;5;0;0;0;0;0;24;0;25;9.38;34.38;14.06;0;9.38;7.81;0;0;0;0;0;26.67;0
2B162;2B;Moltifao;731;504;489;140;83;65;117;29;34;13;2;4;2;0;0;227;3;28.63;16.97;13.29;23.93;5.93;6.95;2.66;0.41;0.82;0.41;0;0;31.05;0.61
2B164;2B;Monacia-d'Orezza;40;24;24;2;6;1;4;0;0;11;0;0;0;0;0;16;0;8.33;25;4.17;16.67;0;0;45.83;0;0;0;0;0;40;0
2B165;2B;Moncale;262;184;180;76;32;17;26;3;9;14;2;1;0;0;0;78;3;42.22;17.78;9.44;14.44;1.67;5;7.78;1.11;0.56;0;0;0;29.77;1.67
2B166;2B;Monte;542;384;366;105;35;46;141;14;18;1;0;3;1;2;0;158;6;28.69;9.56;12.57;38.52;3.83;4.92;0.27;0;0.82;0.27;0.55;0;29.15;1.64
2B167;2B;Montegrosso;388;263;255;34;33;62;43;4;51;12;5;5;4;2;0;125;6;13.33;12.94;24.31;16.86;1.57;20;4.71;1.96;1.96;1.57;0.78;0;32.22;2.35
2B168;2B;Monticello;1354;953;927;192;123;197;238;28;43;74;14;11;4;3;0;401;9;20.71;13.27;21.25;25.67;3.02;4.64;7.98;1.51;1.19;0.43;0.32;0;29.62;0.97
2B169;2B;Morosaglia;859;530;513;149;107;80;107;14;40;10;0;4;2;0;0;329;2;29.04;20.86;15.59;20.86;2.73;7.8;1.95;0;0.78;0.39;0;0;38.3;0.39
2B170;2B;Morsiglia;137;94;91;23;16;19;21;1;6;3;0;2;0;0;0;43;2;25.27;17.58;20.88;23.08;1.1;6.59;3.3;0;2.2;0;0;0;31.39;2.2
2B171;2B;Muracciole;54;38;38;3;13;6;5;0;10;0;0;0;1;0;0;16;0;7.89;34.21;15.79;13.16;0;26.32;0;0;0;2.63;0;0;29.63;0
2B172;2B;Murato;540;396;384;80;78;91;77;4;30;19;0;5;0;0;0;144;9;20.83;20.31;23.7;20.05;1.04;7.81;4.95;0;1.3;0;0;0;26.67;2.34
2B173;2B;Muro;263;132;125;28;29;22;15;2;17;11;1;0;0;0;0;131;0;22.4;23.2;17.6;12;1.6;13.6;8.8;0.8;0;0;0;0;49.81;0
2B175;2B;Nessa;112;75;73;7;3;13;35;4;5;5;0;1;0;0;0;37;0;9.59;4.11;17.81;47.95;5.48;6.85;6.85;0;1.37;0;0;0;33.04;0
2B176;2B;Nocario;102;84;82;16;10;40;12;2;1;1;0;0;0;0;0;18;0;19.51;12.2;48.78;14.63;2.44;1.22;1.22;0;0;0;0;0;17.65;0
2B177;2B;Noceta;95;76;71;7;11;31;7;1;4;8;0;1;0;1;0;19;3;9.86;15.49;43.66;9.86;1.41;5.63;11.27;0;1.41;0;1.41;0;20;4.23
2B178;2B;Nonza;137;105;102;18;9;30;29;0;11;4;1;0;0;0;0;32;0;17.65;8.82;29.41;28.43;0;10.78;3.92;0.98;0;0;0;0;23.36;0
2B179;2B;Novale;72;40;38;2;3;28;0;0;1;4;0;0;0;0;0;32;0;5.26;7.89;73.68;0;0;2.63;10.53;0;0;0;0;0;44.44;0
2B180;2B;Novella;109;74;73;16;12;10;24;3;5;2;1;0;0;0;0;35;0;21.92;16.44;13.7;32.88;4.11;6.85;2.74;1.37;0;0;0;0;32.11;0
2B182;2B;Occhiatana;240;169;161;63;23;25;31;1;7;8;0;3;0;0;0;71;2;39.13;14.29;15.53;19.25;0.62;4.35;4.97;0;1.86;0;0;0;29.58;1.24
2B183;2B;Ogliastro;102;78;66;11;7;33;1;0;10;4;0;0;0;0;0;24;3;16.67;10.61;50;1.52;0;15.15;6.06;0;0;0;0;0;23.53;4.55
2B184;2B;Olcani;102;66;65;16;21;18;4;2;1;2;0;0;0;1;0;36;1;24.62;32.31;27.69;6.15;3.08;1.54;3.08;0;0;0;1.54;0;35.29;1.54
2B185;2B;Oletta;1094;776;758;181;83;98;315;20;25;25;5;3;2;1;0;318;0;23.88;10.95;12.93;41.56;2.64;3.3;3.3;0.66;0.4;0.26;0.13;0;29.07;0
2B187;2B;Olmeta-di-Capocorso;164;101;98;32;5;9;37;4;6;5;0;0;0;0;0;63;1;32.65;5.1;9.18;37.76;4.08;6.12;5.1;0;0;0;0;0;38.41;1.02
2B188;2B;Olmeta-di-Tuda;385;245;233;92;33;36;36;12;13;8;0;1;1;1;0;140;1;39.48;14.16;15.45;15.45;5.15;5.58;3.43;0;0.43;0.43;0.43;0;36.36;0.43
2B190;2B;Olmi-Cappella;197;118;112;31;21;25;16;2;5;7;1;3;0;1;0;79;4;27.68;18.75;22.32;14.29;1.79;4.46;6.25;0.89;2.68;0;0.89;0;40.1;3.57
2B192;2B;Olmo;209;126;119;22;22;19;31;5;14;5;1;0;0;0;0;83;5;18.49;18.49;15.97;26.05;4.2;11.76;4.2;0.84;0;0;0;0;39.71;4.2
2B193;2B;Omessa;463;307;298;85;28;55;86;11;23;3;1;6;0;0;0;156;5;28.52;9.4;18.46;28.86;3.69;7.72;1.01;0.34;2.01;0;0;0;33.69;1.68
2B194;2B;Ortale;35;23;23;3;2;6;6;0;4;2;0;0;0;0;0;12;0;13.04;8.7;26.09;26.09;0;17.39;8.7;0;0;0;0;0;34.29;0
2B195;2B;Ortiporio;152;100;95;5;14;66;3;2;3;2;0;0;0;0;0;52;1;5.26;14.74;69.47;3.16;2.11;3.16;2.11;0;0;0;0;0;34.21;1.05
2B199;2B;Palasca;138;108;106;14;17;25;23;2;19;4;0;2;0;0;0;30;1;13.21;16.04;23.58;21.7;1.89;17.92;3.77;0;1.89;0;0;0;21.74;0.94
2B201;2B;Pancheraccia;208;141;135;16;12;16;80;2;6;1;2;0;0;0;0;67;3;11.85;8.89;11.85;59.26;1.48;4.44;0.74;1.48;0;0;0;0;32.21;2.22
2B202;2B;Parata;22;18;18;0;2;9;3;1;0;3;0;0;0;0;0;4;0;0;11.11;50;16.67;5.56;0;16.67;0;0;0;0;0;18.18;0
2B205;2B;Patrimonio;700;469;458;110;64;119;88;15;19;38;2;2;1;0;0;231;5;24.02;13.97;25.98;19.21;3.28;4.15;8.3;0.44;0.44;0.22;0;0;33;1.09
2B206;2B;Penta-Acquatella;48;42;40;3;6;22;4;0;3;2;0;0;0;0;0;6;1;7.5;15;55;10;0;7.5;5;0;0;0;0;0;12.5;2.5
2B207;2B;Penta-di-Casinca;2159;1485;1410;362;207;454;200;37;68;59;7;8;5;3;0;674;9;25.67;14.68;32.2;14.18;2.62;4.82;4.18;0.5;0.57;0.35;0.21;0;31.22;0.64
2B208;2B;Perelli;131;61;58;13;4;34;3;0;3;1;0;0;0;0;0;70;3;22.41;6.9;58.62;5.17;0;5.17;1.72;0;0;0;0;0;53.44;5.17
2B210;2B;Pero-Casevecchie;148;87;84;20;8;15;22;2;11;2;0;2;2;0;0;61;0;23.81;9.52;17.86;26.19;2.38;13.1;2.38;0;2.38;2.38;0;0;41.22;0
2B213;2B;Pianello;97;51;49;5;10;23;4;0;5;2;0;0;0;0;0;46;0;10.2;20.41;46.94;8.16;0;10.2;4.08;0;0;0;0;0;47.42;0
2B214;2B;Piano;34;16;16;5;2;1;4;0;4;0;0;0;0;0;0;18;0;31.25;12.5;6.25;25;0;25;0;0;0;0;0;0;52.94;0
2B216;2B;Piazzali;28;25;25;6;1;6;8;1;1;1;1;0;0;0;0;3;0;24;4;24;32;4;4;4;4;0;0;0;0;10.71;0
2B217;2B;Piazzole;60;47;44;7;1;1;15;3;16;0;1;0;0;0;0;13;1;15.91;2.27;2.27;34.09;6.82;36.36;0;2.27;0;0;0;0;21.67;2.27
2B218;2B;Piedicorte-di-Gaggio;162;104;102;9;9;48;29;0;0;5;0;1;1;0;0;58;1;8.82;8.82;47.06;28.43;0;0;4.9;0;0.98;0.98;0;0;35.8;0.98
2B219;2B;Piedicroce;125;77;75;13;4;22;18;2;14;1;0;0;0;1;0;48;1;17.33;5.33;29.33;24;2.67;18.67;1.33;0;0;0;1.33;0;38.4;1.33
2B220;2B;Piedigriggio;100;66;64;16;11;11;19;0;5;1;0;1;0;0;0;34;1;25;17.19;17.19;29.69;0;7.81;1.56;0;1.56;0;0;0;34;1.56
2B221;2B;Piedipartino;34;23;23;5;5;1;4;0;5;3;0;0;0;0;0;11;0;21.74;21.74;4.35;17.39;0;21.74;13.04;0;0;0;0;0;32.35;0
2B222;2B;Pie-d'Orezza;89;45;44;15;5;5;7;1;10;0;0;1;0;0;0;44;0;34.09;11.36;11.36;15.91;2.27;22.73;0;0;2.27;0;0;0;49.44;0
2B223;2B;Pietralba;491;319;308;64;35;43;100;5;50;7;3;0;1;0;0;172;2;20.78;11.36;13.96;32.47;1.62;16.23;2.27;0.97;0;0.32;0;0;35.03;0.65
2B224;2B;Pietracorbara;606;476;460;131;106;76;93;9;13;20;4;5;2;1;0;130;6;28.48;23.04;16.52;20.22;1.96;2.83;4.35;0.87;1.09;0.43;0.22;0;21.45;1.3
2B225;2B;Pietra-di-Verde;170;91;87;20;6;12;36;3;4;4;2;0;0;0;0;79;0;22.99;6.9;13.79;41.38;3.45;4.6;4.6;2.3;0;0;0;0;46.47;0
2B226;2B;Pietraserena;106;74;72;20;11;16;19;0;2;2;1;1;0;0;0;32;1;27.78;15.28;22.22;26.39;0;2.78;2.78;1.39;1.39;0;0;0;30.19;1.39
2B227;2B;Pietricaggio;58;37;36;5;0;13;10;0;6;1;0;0;0;1;0;21;0;13.89;0;36.11;27.78;0;16.67;2.78;0;0;0;2.78;0;36.21;0
2B229;2B;Pietroso;428;205;200;46;36;55;38;3;6;13;0;3;0;0;0;223;0;23;18;27.5;19;1.5;3;6.5;0;1.5;0;0;0;52.1;0
2B230;2B;Piève;126;87;87;22;14;22;16;4;1;8;0;0;0;0;0;39;0;25.29;16.09;25.29;18.39;4.6;1.15;9.2;0;0;0;0;0;30.95;0
2B231;2B;Pigna;92;70;67;5;15;17;18;1;3;5;0;1;2;0;0;22;1;7.46;22.39;25.37;26.87;1.49;4.48;7.46;0;1.49;2.99;0;0;23.91;1.49
2B233;2B;Pino;249;194;186;48;27;33;45;2;18;10;0;1;2;0;0;55;6;25.81;14.52;17.74;24.19;1.08;9.68;5.38;0;0.54;1.08;0;0;22.09;3.23
2B234;2B;Piobetta;49;32;32;2;4;16;6;1;3;0;0;0;0;0;0;17;0;6.25;12.5;50;18.75;3.13;9.38;0;0;0;0;0;0;34.69;0
2B235;2B;Pioggiola;106;63;59;8;6;19;15;1;7;3;0;0;0;0;0;43;1;13.56;10.17;32.2;25.42;1.69;11.86;5.08;0;0;0;0;0;40.57;1.69
2B236;2B;Poggio-di-Nazza;275;182;178;38;21;28;68;4;9;6;0;2;1;1;0;93;3;21.35;11.8;15.73;38.2;2.25;5.06;3.37;0;1.12;0.56;0.56;0;33.82;1.69
2B238;2B;Poggio-di-Venaco;158;104;101;12;29;23;11;1;9;10;3;3;0;0;0;54;0;11.88;28.71;22.77;10.89;0.99;8.91;9.9;2.97;2.97;0;0;0;34.18;0
2B239;2B;Poggio-d'Oletta;203;151;146;27;23;40;38;8;4;3;2;1;0;0;0;52;4;18.49;15.75;27.4;26.03;5.48;2.74;2.05;1.37;0.68;0;0;0;25.62;2.74
2B241;2B;Poggio-Marinaccio;41;35;33;8;5;3;16;0;0;1;0;0;0;0;0;6;2;24.24;15.15;9.09;48.48;0;0;3.03;0;0;0;0;0;14.63;6.06
2B242;2B;Poggio-Mezzana;457;350;333;148;35;34;74;12;12;11;1;4;2;0;0;107;4;44.44;10.51;10.21;22.22;3.6;3.6;3.3;0.3;1.2;0.6;0;0;23.41;1.2
2B243;2B;Polveroso;54;34;33;14;4;4;4;2;4;0;0;0;1;0;0;20;0;42.42;12.12;12.12;12.12;6.06;12.12;0;0;0;3.03;0;0;37.04;0
2B244;2B;Popolasca;85;45;39;9;0;6;16;2;4;2;0;0;0;0;0;40;0;23.08;0;15.38;41.03;5.13;10.26;5.13;0;0;0;0;0;47.06;0
2B245;2B;Porri;62;49;45;14;8;7;5;2;5;3;1;0;0;0;0;13;2;31.11;17.78;15.56;11.11;4.44;11.11;6.67;2.22;0;0;0;0;20.97;4.44
2B246;2B;La Porta;316;225;209;27;5;13;151;2;8;2;0;0;1;0;0;91;10;12.92;2.39;6.22;72.25;0.96;3.83;0.96;0;0;0.48;0;0;28.8;4.78
2B248;2B;Prato-di-Giovellina;86;69;67;17;8;16;15;1;9;0;0;0;1;0;0;17;0;25.37;11.94;23.88;22.39;1.49;13.43;0;0;0;1.49;0;0;19.77;0
2B250;2B;Prunelli-di-Casacconi;187;128;125;40;52;7;7;5;10;3;0;1;0;0;0;59;0;32;41.6;5.6;5.6;4;8;2.4;0;0.8;0;0;0;31.55;0
2B251;2B;Prunelli-di-Fiumorbo;2529;1560;1519;560;158;244;344;50;87;42;15;10;5;4;0;969;11;36.87;10.4;16.06;22.65;3.29;5.73;2.76;0.99;0.66;0.33;0.26;0;38.32;0.72
2B252;2B;Pruno;226;137;133;43;15;21;36;3;10;1;0;3;0;1;0;89;3;32.33;11.28;15.79;27.07;2.26;7.52;0.75;0;2.26;0;0.75;0;39.38;2.26
2B255;2B;Quercitello;85;66;49;10;3;11;16;2;2;5;0;0;0;0;0;19;14;20.41;6.12;22.45;32.65;4.08;4.08;10.2;0;0;0;0;0;22.35;28.57
2B256;2B;Rapaggio;47;38;38;1;7;3;6;2;4;15;0;0;0;0;0;9;0;2.63;18.42;7.89;15.79;5.26;10.53;39.47;0;0;0;0;0;19.15;0
2B257;2B;Rapale;149;101;95;28;18;17;21;0;8;3;0;0;0;0;0;48;1;29.47;18.95;17.89;22.11;0;8.42;3.16;0;0;0;0;0;32.21;1.05
2B260;2B;Riventosa;171;106;98;16;27;26;3;1;12;9;0;0;4;0;0;65;6;16.33;27.55;26.53;3.06;1.02;12.24;9.18;0;0;4.08;0;0;38.01;6.12
2B261;2B;Rogliano;563;374;363;75;80;87;92;5;12;6;1;3;0;2;0;189;1;20.66;22.04;23.97;25.34;1.38;3.31;1.65;0.28;0.83;0;0.55;0;33.57;0.28
2B263;2B;Rospigliani;124;80;73;4;17;23;17;2;4;5;1;0;0;0;0;44;2;5.48;23.29;31.51;23.29;2.74;5.48;6.85;1.37;0;0;0;0;35.48;2.74
2B264;2B;Rusio;109;78;76;6;3;1;61;0;3;2;0;0;0;0;0;31;0;7.89;3.95;1.32;80.26;0;3.95;2.63;0;0;0;0;0;28.44;0
2B265;2B;Rutali;378;283;280;78;37;51;54;13;27;9;6;2;1;2;0;95;0;27.86;13.21;18.21;19.29;4.64;9.64;3.21;2.14;0.71;0.36;0.71;0;25.13;0
2B267;2B;Saliceto;84;58;57;3;9;27;4;1;6;5;0;2;0;0;0;26;0;5.26;15.79;47.37;7.02;1.75;10.53;8.77;0;3.51;0;0;0;30.95;0
2B273;2B;Scata;67;48;44;11;8;4;13;4;3;1;0;0;0;0;0;19;0;25;18.18;9.09;29.55;9.09;6.82;2.27;0;0;0;0;0;28.36;0
2B274;2B;Scolca;122;74;70;28;5;5;20;0;12;0;0;0;0;0;0;48;4;40;7.14;7.14;28.57;0;17.14;0;0;0;0;0;0;39.34;5.71
2B275;2B;Sermano;105;69;66;17;8;17;12;0;4;6;0;2;0;0;0;36;2;25.76;12.12;25.76;18.18;0;6.06;9.09;0;3.03;0;0;0;34.29;3.03
2B277;2B;Serra-di-Fiumorbo;368;214;206;79;10;41;30;9;23;8;3;2;1;0;0;154;5;38.35;4.85;19.9;14.56;4.37;11.17;3.88;1.46;0.97;0.49;0;0;41.85;2.43
2B280;2B;Silvareccio;134;86;81;30;11;7;19;2;9;2;1;0;0;0;0;48;5;37.04;13.58;8.64;23.46;2.47;11.11;2.47;1.23;0;0;0;0;35.82;6.17
2B281;2B;Sisco;942;693;675;191;128;130;122;16;45;34;2;5;0;2;0;249;8;28.3;18.96;19.26;18.07;2.37;6.67;5.04;0.3;0.74;0;0.3;0;26.43;1.19
2B283;2B;Solaro;661;474;463;165;42;58;142;12;21;17;3;0;2;1;0;187;2;35.64;9.07;12.53;30.67;2.59;4.54;3.67;0.65;0;0.43;0.22;0;28.29;0.43
2B286;2B;Sorbo-Ocagnano;648;478;468;130;69;85;140;6;24;7;1;1;4;1;0;170;2;27.78;14.74;18.16;29.91;1.28;5.13;1.5;0.21;0.21;0.85;0.21;0;26.23;0.43
2B287;2B;Sorio;136;71;70;16;20;12;13;1;1;7;0;0;0;0;0;65;1;22.86;28.57;17.14;18.57;1.43;1.43;10;0;0;0;0;0;47.79;1.43
2B289;2B;Soveria;120;80;77;26;4;15;17;2;8;0;0;4;0;1;0;40;2;33.77;5.19;19.48;22.08;2.6;10.39;0;0;5.19;0;1.3;0;33.33;2.6
2B290;2B;Speloncato;267;193;188;38;24;37;49;9;16;4;2;5;4;0;0;74;1;20.21;12.77;19.68;26.06;4.79;8.51;2.13;1.06;2.66;2.13;0;0;27.72;0.53
2B291;2B;Stazzona;62;50;49;2;3;6;34;1;1;1;0;1;0;0;0;12;0;4.08;6.12;12.24;69.39;2.04;2.04;2.04;0;2.04;0;0;0;19.35;0
2B292;2B;Sant'Andréa-di-Bozio;100;62;62;13;11;12;12;4;7;2;0;1;0;0;0;38;0;20.97;17.74;19.35;19.35;6.45;11.29;3.23;0;1.61;0;0;0;38;0
2B293;2B;Sant'Andréa-di-Cotone;386;267;266;18;21;184;25;3;6;8;1;0;0;0;0;119;0;6.77;7.89;69.17;9.4;1.13;2.26;3.01;0.38;0;0;0;0;30.83;0
2B296;2B;Sant'Antonino;138;99;92;26;6;5;32;11;4;7;0;0;0;1;0;39;1;28.26;6.52;5.43;34.78;11.96;4.35;7.61;0;0;0;1.09;0;28.26;1.09
2B297;2B;San-Damiano;60;33;32;10;0;5;7;1;8;0;1;0;0;0;0;27;1;31.25;0;15.63;21.88;3.13;25;0;3.13;0;0;0;0;45;3.13
2B298;2B;Saint-Florent;1505;1064;1031;235;121;182;345;31;65;30;8;8;5;1;0;441;24;22.79;11.74;17.65;33.46;3.01;6.3;2.91;0.78;0.78;0.48;0.1;0;29.3;2.33
2B299;2B;San-Gavino-d'Ampugnani;151;109;103;33;13;11;34;6;4;2;0;0;0;0;0;42;0;32.04;12.62;10.68;33.01;5.83;3.88;1.94;0;0;0;0;0;27.81;0
2B301;2B;San-Gavino-di-Tenda;83;57;57;15;15;9;8;3;1;5;1;0;0;0;0;26;0;26.32;26.32;15.79;14.04;5.26;1.75;8.77;1.75;0;0;0;0;31.33;0
2B302;2B;San-Giovanni-di-Moriani;106;78;76;15;7;24;16;0;10;2;1;0;1;0;0;28;0;19.74;9.21;31.58;21.05;0;13.16;2.63;1.32;0;1.32;0;0;26.42;0
2B303;2B;San-Giuliano;490;359;355;83;34;49;140;8;20;14;2;2;3;0;0;131;1;23.38;9.58;13.8;39.44;2.25;5.63;3.94;0.56;0.56;0.85;0;0;26.73;0.28
2B304;2B;San-Lorenzo;141;81;78;18;13;20;11;2;9;2;1;2;0;0;0;60;1;23.08;16.67;25.64;14.1;2.56;11.54;2.56;1.28;2.56;0;0;0;42.55;1.28
2B305;2B;San-Martino-di-Lota;2078;1550;1486;241;296;510;269;32;60;47;8;10;9;4;0;528;27;16.22;19.92;34.32;18.1;2.15;4.04;3.16;0.54;0.67;0.61;0.27;0;25.41;1.82
2B306;2B;Santa-Lucia-di-Mercurio;147;75;75;5;14;33;9;2;8;3;1;0;0;0;0;72;0;6.67;18.67;44;12;2.67;10.67;4;1.33;0;0;0;0;48.98;0
2B307;2B;Santa-Lucia-di-Moriani;940;658;645;269;104;75;114;34;27;13;1;5;3;0;0;282;3;41.71;16.12;11.63;17.67;5.27;4.19;2.02;0.16;0.78;0.47;0;0;30;0.47
2B309;2B;Santa-Maria-di-Lota;1749;1261;1232;327;206;254;281;28;69;50;6;4;5;2;0;488;11;26.54;16.72;20.62;22.81;2.27;5.6;4.06;0.49;0.32;0.41;0.16;0;27.9;0.89
2B311;2B;Santa-Maria-Poggio;661;445;436;191;35;71;80;11;27;11;6;3;0;1;0;216;2;43.81;8.03;16.28;18.35;2.52;6.19;2.52;1.38;0.69;0;0.23;0;32.68;0.46
2B313;2B;San-Nicolao;1210;839;824;309;92;159;147;19;44;33;5;13;2;1;0;371;9;37.5;11.17;19.3;17.84;2.31;5.34;4;0.61;1.58;0.24;0.12;0;30.66;1.09
2B314;2B;Santo-Pietro-di-Tenda;374;238;231;67;23;40;72;4;11;10;1;2;0;1;0;136;1;29;9.96;17.32;31.17;1.73;4.76;4.33;0.43;0.87;0;0.43;0;36.36;0.43
2B315;2B;Santo-Pietro-di-Venaco;307;239;236;42;58;56;36;8;16;16;1;2;0;1;0;68;0;17.8;24.58;23.73;15.25;3.39;6.78;6.78;0.42;0.85;0;0.42;0;22.15;0
2B316;2B;Santa-Reparata-di-Balagna;726;475;465;105;77;110;99;5;37;20;1;6;4;1;0;251;2;22.58;16.56;23.66;21.29;1.08;7.96;4.3;0.22;1.29;0.86;0.22;0;34.57;0.43
2B317;2B;Santa-Reparata-di-Moriani;101;57;54;13;10;11;10;1;3;4;1;1;0;0;0;44;0;24.07;18.52;20.37;18.52;1.85;5.56;7.41;1.85;1.85;0;0;0;43.56;0
2B318;2B;Taglio-Isolaccio;504;350;343;75;43;50;120;12;14;18;5;4;1;1;0;154;0;21.87;12.54;14.58;34.99;3.5;4.08;5.25;1.46;1.17;0.29;0.29;0;30.56;0
2B319;2B;Talasani;555;352;347;149;39;49;65;13;16;6;3;6;1;0;0;203;2;42.94;11.24;14.12;18.73;3.75;4.61;1.73;0.86;1.73;0.29;0;0;36.58;0.58
2B320;2B;Tallone;254;160;158;36;15;28;62;1;14;1;0;0;1;0;0;94;1;22.78;9.49;17.72;39.24;0.63;8.86;0.63;0;0;0.63;0;0;37.01;0.63
2B321;2B;Tarrano;46;25;24;6;3;5;6;0;1;3;0;0;0;0;0;21;0;25;12.5;20.83;25;0;4.17;12.5;0;0;0;0;0;45.65;0
2B327;2B;Tomino;212;158;152;25;21;57;31;6;8;3;0;1;0;0;0;54;3;16.45;13.82;37.5;20.39;3.95;5.26;1.97;0;0.66;0;0;0;25.47;1.97
2B328;2B;Tox;157;83;74;11;6;30;25;0;1;1;0;0;0;0;0;74;1;14.86;8.11;40.54;33.78;0;1.35;1.35;0;0;0;0;0;47.13;1.35
2B329;2B;Tralonca;98;60;58;12;7;5;11;0;9;8;0;5;1;0;0;38;0;20.69;12.07;8.62;18.97;0;15.52;13.79;0;8.62;1.72;0;0;38.78;0
2B332;2B;Urtaca;201;139;134;14;33;25;30;2;21;6;0;2;0;1;0;62;0;10.45;24.63;18.66;22.39;1.49;15.67;4.48;0;1.49;0;0.75;0;30.85;0
2B333;2B;Vallecalle;136;92;88;23;27;12;13;0;8;4;0;0;1;0;0;44;3;26.14;30.68;13.64;14.77;0;9.09;4.55;0;0;1.14;0;0;32.35;3.41
2B334;2B;Valle-d'Alesani;161;97;96;23;3;28;28;1;6;5;1;0;0;1;0;64;1;23.96;3.13;29.17;29.17;1.04;6.25;5.21;1.04;0;0;1.04;0;39.75;1.04
2B335;2B;Valle-di-Campoloro;320;199;193;46;24;36;51;5;18;10;1;2;0;0;0;121;0;23.83;12.44;18.65;26.42;2.59;9.33;5.18;0.52;1.04;0;0;0;37.81;0
2B337;2B;Valle-di-Rostino;197;120;113;25;24;7;42;1;6;6;1;1;0;0;0;77;0;22.12;21.24;6.19;37.17;0.88;5.31;5.31;0.88;0.88;0;0;0;39.09;0
2B338;2B;Valle-d'Orezza;90;55;54;17;0;12;14;0;6;4;0;1;0;0;0;35;1;31.48;0;22.22;25.93;0;11.11;7.41;0;1.85;0;0;0;38.89;1.85
2B339;2B;Vallica;40;28;27;3;3;5;12;3;1;0;0;0;0;0;0;12;0;11.11;11.11;18.52;44.44;11.11;3.7;0;0;0;0;0;0;30;0
2B340;2B;Velone-Orneto;127;71;71;20;12;10;9;1;8;5;0;4;2;0;0;56;0;28.17;16.9;14.08;12.68;1.41;11.27;7.04;0;5.63;2.82;0;0;44.09;0
2B341;2B;Venaco;651;437;427;89;66;122;70;5;36;24;5;7;3;0;0;214;4;20.84;15.46;28.57;16.39;1.17;8.43;5.62;1.17;1.64;0.7;0;0;32.87;0.94
2B342;2B;Ventiseri;1851;1249;1212;562;107;174;193;59;59;34;10;8;4;2;0;602;6;46.37;8.83;14.36;15.92;4.87;4.87;2.81;0.83;0.66;0.33;0.17;0;32.52;0.5
2B343;2B;Venzolasca;1079;713;703;252;87;96;165;19;32;40;1;7;3;1;0;366;3;35.85;12.38;13.66;23.47;2.7;4.55;5.69;0.14;1;0.43;0.14;0;33.92;0.43
2B344;2B;Verdèse;69;57;54;4;13;6;19;5;4;3;0;0;0;0;0;12;0;7.41;24.07;11.11;35.19;9.26;7.41;5.56;0;0;0;0;0;17.39;0
2B346;2B;Vescovato;1967;1382;1331;326;319;363;172;47;40;45;6;9;3;1;0;585;10;24.49;23.97;27.27;12.92;3.53;3.01;3.38;0.45;0.68;0.23;0.08;0;29.74;0.75
2B347;2B;Vezzani;367;227;226;34;21;73;73;4;11;6;1;2;1;0;0;140;0;15.04;9.29;32.3;32.3;1.77;4.87;2.65;0.44;0.88;0.44;0;0;38.15;0
2B350;2B;Vignale;183;111;105;31;8;6;41;4;4;10;0;1;0;0;0;72;2;29.52;7.62;5.71;39.05;3.81;3.81;9.52;0;0.95;0;0;0;39.34;1.9
2B352;2B;Ville-di-Paraso;216;160;153;45;23;17;36;5;11;10;2;4;0;0;0;56;3;29.41;15.03;11.11;23.53;3.27;7.19;6.54;1.31;2.61;0;0;0;25.93;1.96
2B353;2B;Ville-di-Pietrabugno;2176;1612;1574;343;182;317;493;59;89;60;11;9;8;3;0;564;13;21.79;11.56;20.14;31.32;3.75;5.65;3.81;0.7;0.57;0.51;0.19;0;25.92;0.83
2B354;2B;Vivario;334;197;194;22;29;55;47;2;28;5;2;2;1;1;0;137;1;11.34;14.95;28.35;24.23;1.03;14.43;2.58;1.03;1.03;0.52;0.52;0;41.02;0.52
2B355;2B;Volpajola;374;238;221;83;28;35;39;4;19;7;1;4;1;0;0;136;9;37.56;12.67;15.84;17.65;1.81;8.6;3.17;0.45;1.81;0.45;0;0;36.36;4.07
2B356;2B;Zalana;198;128;126;30;13;22;45;1;7;7;0;1;0;0;0;70;0;23.81;10.32;17.46;35.71;0.79;5.56;5.56;0;0.79;0;0;0;35.35;0
2B361;2B;Zilia;230;162;157;22;20;23;75;1;12;1;2;1;0;0;0;68;1;14.01;12.74;14.65;47.77;0.64;7.64;0.64;1.27;0.64;0;0;0;29.57;0.64
2B364;2B;Zuani;67;49;48;6;3;9;27;0;0;1;0;2;0;0;0;18;0;12.5;6.25;18.75;56.25;0;0;2.08;0;4.17;0;0;0;26.87;0
2B365;2B;San-Gavino-di-Fiumorbo;254;135;135;16;14;62;13;3;18;6;0;3;0;0;0;119;0;11.85;10.37;45.93;9.63;2.22;13.33;4.44;0;2.22;0;0;0;46.85;0
2B366;2B;Chisa;189;129;123;6;38;34;22;5;2;11;1;3;1;0;0;60;0;4.88;30.89;27.64;17.89;4.07;1.63;8.94;0.81;2.44;0.81;0;0;31.75;0