insee;dep;nom;nb_inscrits;nb_votants;nb_exprimes;nb_voix1;nb_voix2;nb_voix3;nb_voix4;nb_voix5;nb_voix6;nb_voix7;nb_voix8;nb_voix9;nb_voix10;nb_voix11;nb_voix12;nb_voix13;nb_voix14;voix_1;voix_2;voix_3;voix_4;voix_5;voix_6;voix_7;voix_8;voix_9;voix_10;voix_11;voix_12;voix_13;voix_14
30001;30;Aigaliers;375;321;314;100;60;65;37;20;5;16;1;7;3;0;0;54;2;31.85;19.11;20.7;11.78;6.37;1.59;5.1;0.32;2.23;0.96;0;0;14.4;0.64
30002;30;Aigremont;579;493;479;181;81;86;60;25;6;33;2;3;1;1;0;86;4;37.79;16.91;17.95;12.53;5.22;1.25;6.89;0.42;0.63;0.21;0.21;0;14.85;0.84
30003;30;Aigues-Mortes;7037;5531;5411;1880;881;907;1165;234;59;162;33;50;28;12;0;1506;40;34.74;16.28;16.76;21.53;4.32;1.09;2.99;0.61;0.92;0.52;0.22;0;21.4;0.74
30004;30;Aigues-Vives;2406;2044;2004;539;459;358;377;90;33;88;21;22;12;5;0;362;11;26.9;22.9;17.86;18.81;4.49;1.65;4.39;1.05;1.1;0.6;0.25;0;15.05;0.55
30005;30;Aiguèze;177;162;157;36;23;26;44;8;3;10;1;6;0;0;0;15;1;22.93;14.65;16.56;28.03;5.1;1.91;6.37;0.64;3.82;0;0;0;8.47;0.64
30006;30;Aimargues;3995;3231;3165;1332;597;465;425;139;45;96;26;27;10;3;0;764;14;42.09;18.86;14.69;13.43;4.39;1.42;3.03;0.82;0.85;0.32;0.09;0;19.12;0.44
30007;30;Alès;26779;19790;19345;4788;5113;3825;3327;639;232;925;172;198;94;32;0;6989;162;24.75;26.43;19.77;17.2;3.3;1.2;4.78;0.89;1.02;0.49;0.17;0;26.1;0.84
30008;30;Allègre-les-Fumades;708;562;551;173;146;86;68;21;12;26;6;7;2;4;0;146;1;31.4;26.5;15.61;12.34;3.81;2.18;4.72;1.09;1.27;0.36;0.73;0;20.62;0.18
30009;30;Alzon;190;164;164;34;42;34;30;5;5;8;0;6;0;0;0;26;0;20.73;25.61;20.73;18.29;3.05;3.05;4.88;0;3.66;0;0;0;13.68;0
30010;30;Anduze;2265;1876;1832;417;389;355;406;78;18;119;16;19;11;4;0;389;12;22.76;21.23;19.38;22.16;4.26;0.98;6.5;0.87;1.04;0.6;0.22;0;17.17;0.66
30011;30;Les Angles;6609;5586;5465;1202;810;1307;1458;241;59;266;55;40;21;6;0;1023;36;21.99;14.82;23.92;26.68;4.41;1.08;4.87;1.01;0.73;0.38;0.11;0;15.48;0.66
30012;30;Aramon;3382;2713;2657;848;544;464;431;130;32;140;25;32;8;3;0;669;29;31.92;20.47;17.46;16.22;4.89;1.2;5.27;0.94;1.2;0.3;0.11;0;19.78;1.09
30013;30;Argilliers;332;302;294;94;56;45;46;27;2;14;2;7;1;0;0;30;0;31.97;19.05;15.31;15.65;9.18;0.68;4.76;0.68;2.38;0.34;0;0;9.04;0
30014;30;Arpaillargues-et-Aureillac;877;747;735;184;176;170;112;33;7;35;5;8;3;2;0;130;3;25.03;23.95;23.13;15.24;4.49;0.95;4.76;0.68;1.09;0.41;0.27;0;14.82;0.41
30015;30;Arphy;140;114;114;26;39;29;8;7;1;3;1;0;0;0;0;26;0;22.81;34.21;25.44;7.02;6.14;0.88;2.63;0.88;0;0;0;0;18.57;0
30016;30;Arre;238;192;188;58;50;25;26;8;7;8;2;4;0;0;0;46;1;30.85;26.6;13.3;13.83;4.26;3.72;4.26;1.06;2.13;0;0;0;19.33;0.53
30017;30;Arrigas;207;165;157;29;42;35;31;7;3;5;3;2;0;0;0;42;2;18.47;26.75;22.29;19.75;4.46;1.91;3.18;1.91;1.27;0;0;0;20.29;1.27
30018;30;Aspères;387;333;323;63;72;73;71;19;7;12;1;3;2;0;0;54;2;19.5;22.29;22.6;21.98;5.88;2.17;3.72;0.31;0.93;0.62;0;0;13.95;0.62
30019;30;Aubais;2076;1709;1675;433;392;334;324;60;25;79;13;13;1;1;0;367;10;25.85;23.4;19.94;19.34;3.58;1.49;4.72;0.78;0.78;0.06;0.06;0;17.68;0.6
30020;30;Aubord;1796;1552;1521;543;232;271;264;88;18;74;22;6;3;0;0;244;4;35.7;15.25;17.82;17.36;5.79;1.18;4.87;1.45;0.39;0.2;0;0;13.59;0.26
30021;30;Aubussargues;276;235;228;73;42;38;39;6;10;13;3;3;0;1;0;41;1;32.02;18.42;16.67;17.11;2.63;4.39;5.7;1.32;1.32;0;0.44;0;14.86;0.44
30022;30;Aujac;179;142;137;40;31;19;19;5;1;12;7;3;0;0;0;37;1;29.2;22.63;13.87;13.87;3.65;0.73;8.76;5.11;2.19;0;0;0;20.67;0.73
30023;30;Aujargues;705;603;594;174;124;123;100;24;6;32;3;3;1;4;0;102;3;29.29;20.88;20.71;16.84;4.04;1.01;5.39;0.51;0.51;0.17;0.67;0;14.47;0.51
30024;30;Aulas;379;308;295;71;75;64;28;11;8;23;4;9;1;1;0;71;4;24.07;25.42;21.69;9.49;3.73;2.71;7.8;1.36;3.05;0.34;0.34;0;18.73;1.36
30025;30;Aumessas;247;200;195;27;65;44;27;3;3;22;4;0;0;0;0;47;1;13.85;33.33;22.56;13.85;1.54;1.54;11.28;2.05;0;0;0;0;19.03;0.51
30026;30;Avèze;845;643;623;149;205;97;88;31;12;26;6;6;3;0;0;202;7;23.92;32.91;15.57;14.13;4.98;1.93;4.17;0.96;0.96;0.48;0;0;23.91;1.12
30027;30;Bagard;2004;1694;1653;541;337;295;241;76;33;77;21;16;9;7;0;310;13;32.73;20.39;17.85;14.58;4.6;2;4.66;1.27;0.97;0.54;0.42;0;15.47;0.79
30028;30;Bagnols-sur-Cèze;13710;9658;9421;2746;2101;1793;1506;340;124;504;109;114;69;15;0;4052;68;29.15;22.3;19.03;15.99;3.61;1.32;5.35;1.16;1.21;0.73;0.16;0;29.56;0.72
30029;30;Barjac;1296;1088;1061;233;285;198;200;52;21;39;9;12;10;2;0;208;4;21.96;26.86;18.66;18.85;4.9;1.98;3.68;0.85;1.13;0.94;0.19;0;16.05;0.38
30030;30;Baron;266;228;225;78;51;37;34;8;7;7;0;3;0;0;0;38;0;34.67;22.67;16.44;15.11;3.56;3.11;3.11;0;1.33;0;0;0;14.29;0
30031;30;La Bastide-d'Engras;181;150;148;26;23;30;46;6;4;7;0;4;2;0;0;31;1;17.57;15.54;20.27;31.08;4.05;2.7;4.73;0;2.7;1.35;0;0;17.13;0.68
30032;30;Beaucaire;10606;8155;7958;3249;1829;1030;970;318;107;243;65;76;60;11;0;2451;81;40.83;22.98;12.94;12.19;4;1.34;3.05;0.82;0.96;0.75;0.14;0;23.11;1.02
30033;30;Beauvoisin;3221;2719;2643;984;474;406;399;142;61;98;44;22;12;1;0;502;26;37.23;17.93;15.36;15.1;5.37;2.31;3.71;1.66;0.83;0.45;0.04;0;15.59;0.98
30034;30;Bellegarde;5081;4274;4158;1727;607;649;632;220;53;158;49;35;22;6;0;807;16;41.53;14.6;15.61;15.2;5.29;1.27;3.8;1.18;0.84;0.53;0.14;0;15.88;0.38
30035;30;Belvézet;208;176;173;28;57;29;23;8;3;20;2;2;1;0;0;32;1;16.18;32.95;16.76;13.29;4.62;1.73;11.56;1.16;1.16;0.58;0;0;15.38;0.58
30036;30;Bernis;2360;2014;1966;682;300;379;339;108;28;67;36;18;6;3;0;346;10;34.69;15.26;19.28;17.24;5.49;1.42;3.41;1.83;0.92;0.31;0.15;0;14.66;0.51
30037;30;Bessèges;2030;1501;1465;484;370;255;163;55;21;71;12;20;14;0;0;529;24;33.04;25.26;17.41;11.13;3.75;1.43;4.85;0.82;1.37;0.96;0;0;26.06;1.64
30038;30;Bez-et-Esparon;254;210;201;44;61;50;24;6;2;8;1;5;0;0;0;44;1;21.89;30.35;24.88;11.94;2.99;1;3.98;0.5;2.49;0;0;0;17.32;0.5
30039;30;Bezouce;1647;1373;1346;503;261;220;170;77;24;61;12;8;6;4;0;274;5;37.37;19.39;16.34;12.63;5.72;1.78;4.53;0.89;0.59;0.45;0.3;0;16.64;0.37
30040;30;Blandas;140;122;120;28;41;24;11;2;6;4;1;1;2;0;0;18;0;23.33;34.17;20;9.17;1.67;5;3.33;0.83;0.83;1.67;0;0;12.86;0
30041;30;Blauzac;993;823;804;198;165;191;144;33;10;50;4;5;3;1;0;170;7;24.63;20.52;23.76;17.91;4.1;1.24;6.22;0.5;0.62;0.37;0.12;0;17.12;0.87
30042;30;Boisset-et-Gaujac;1952;1634;1592;491;331;278;301;58;25;63;11;23;10;1;0;318;12;30.84;20.79;17.46;18.91;3.64;1.57;3.96;0.69;1.44;0.63;0.06;0;16.29;0.75
30043;30;Boissières;450;393;383;99;49;83;86;27;9;18;5;3;3;1;0;57;5;25.85;12.79;21.67;22.45;7.05;2.35;4.7;1.31;0.78;0.78;0.26;0;12.67;1.31
30044;30;Bonnevaux;101;75;74;3;29;22;4;1;0;13;0;2;0;0;0;26;1;4.05;39.19;29.73;5.41;1.35;0;17.57;0;2.7;0;0;0;25.74;1.35
30045;30;Bordezac;331;283;273;82;61;56;36;4;4;19;3;2;3;3;0;48;3;30.04;22.34;20.51;13.19;1.47;1.47;6.96;1.1;0.73;1.1;1.1;0;14.5;1.1
30046;30;Boucoiran-et-Nozières;576;477;465;161;104;56;74;18;11;22;12;3;1;3;0;99;6;34.62;22.37;12.04;15.91;3.87;2.37;4.73;2.58;0.65;0.22;0.65;0;17.19;1.29
30047;30;Bouillargues;5165;4180;4081;1296;680;756;837;214;49;189;25;18;13;4;0;985;17;31.76;16.66;18.52;20.51;5.24;1.2;4.63;0.61;0.44;0.32;0.1;0;19.07;0.42
30048;30;Bouquet;161;142;139;38;25;28;22;6;10;6;4;0;0;0;0;19;0;27.34;17.99;20.14;15.83;4.32;7.19;4.32;2.88;0;0;0;0;11.8;0
30049;30;Bourdic;290;252;248;88;38;39;35;28;6;9;2;2;0;1;0;38;1;35.48;15.32;15.73;14.11;11.29;2.42;3.63;0.81;0.81;0;0.4;0;13.1;0.4
30050;30;Bragassargues;128;115;113;28;36;23;16;2;2;4;1;1;0;0;0;13;1;24.78;31.86;20.35;14.16;1.77;1.77;3.54;0.88;0.88;0;0;0;10.16;0.88
30051;30;Branoux-les-Taillades;1084;872;840;281;246;129;95;25;16;28;7;10;3;0;0;212;8;33.45;29.29;15.36;11.31;2.98;1.9;3.33;0.83;1.19;0.36;0;0;19.56;0.95
30052;30;Bréau-et-Salagosse;373;306;296;58;86;76;29;7;6;27;2;4;1;0;0;67;2;19.59;29.05;25.68;9.8;2.36;2.03;9.12;0.68;1.35;0.34;0;0;17.96;0.68
30053;30;Brignon;523;454;439;153;85;91;59;15;4;24;2;3;3;0;0;69;13;34.85;19.36;20.73;13.44;3.42;0.91;5.47;0.46;0.68;0.68;0;0;13.19;2.96
30054;30;Brouzet-lès-Quissac;211;182;179;52;34;49;18;5;2;14;1;2;2;0;0;29;0;29.05;18.99;27.37;10.06;2.79;1.12;7.82;0.56;1.12;1.12;0;0;13.74;0
30055;30;Brouzet-lès-Alès;491;440;436;136;85;78;59;23;6;36;6;6;0;1;0;51;2;31.19;19.5;17.89;13.53;5.28;1.38;8.26;1.38;1.38;0;0.23;0;10.39;0.46
30056;30;La Bruguière;242;207;199;51;48;37;23;12;4;19;4;1;0;0;0;35;2;25.63;24.12;18.59;11.56;6.03;2.01;9.55;2.01;0.5;0;0;0;14.46;1.01
30057;30;Cabrières;1219;1039;999;349;200;160;161;41;12;60;6;4;4;2;0;180;9;34.93;20.02;16.02;16.12;4.1;1.2;6.01;0.6;0.4;0.4;0.2;0;14.77;0.9
30058;30;La Cadière-et-Cambo;196;176;170;33;42;29;21;10;6;20;1;5;3;0;0;20;2;19.41;24.71;17.06;12.35;5.88;3.53;11.76;0.59;2.94;1.76;0;0;10.2;1.18
30059;30;Le Cailar;1927;1665;1611;653;255;279;238;67;20;64;12;11;9;3;0;262;18;40.53;15.83;17.32;14.77;4.16;1.24;3.97;0.74;0.68;0.56;0.19;0;13.6;1.12
30060;30;Caissargues;3295;2809;2739;837;322;588;661;144;26;105;25;17;8;6;0;486;18;30.56;11.76;21.47;24.13;5.26;0.95;3.83;0.91;0.62;0.29;0.22;0;14.75;0.66
30061;30;La Calmette;1745;1394;1347;479;261;233;177;67;25;69;21;4;8;3;0;351;13;35.56;19.38;17.3;13.14;4.97;1.86;5.12;1.56;0.3;0.59;0.22;0;20.11;0.97
30062;30;Calvisson;4293;3481;3388;905;669;728;633;178;36;177;22;27;6;7;0;812;27;26.71;19.75;21.49;18.68;5.25;1.06;5.22;0.65;0.8;0.18;0.21;0;18.91;0.8
30064;30;Campestre-et-Luc;139;124;122;15;33;30;19;5;10;5;0;5;0;0;0;15;1;12.3;27.05;24.59;15.57;4.1;8.2;4.1;0;4.1;0;0;0;10.79;0.82
30065;30;Canaules-et-Argentières;356;294;285;88;70;44;38;10;13;18;1;2;1;0;0;62;2;30.88;24.56;15.44;13.33;3.51;4.56;6.32;0.35;0.7;0.35;0;0;17.42;0.7
30066;30;Cannes-et-Clairan;420;358;349;110;72;76;38;16;1;22;2;10;2;0;0;62;3;31.52;20.63;21.78;10.89;4.58;0.29;6.3;0.57;2.87;0.57;0;0;14.76;0.86
30067;30;La Capelle-et-Masmolène;344;300;296;90;58;47;57;13;7;14;0;3;4;3;0;44;0;30.41;19.59;15.88;19.26;4.39;2.36;4.73;0;1.01;1.35;1.01;0;12.79;0
30068;30;Cardet;692;595;582;187;144;106;68;28;9;26;3;9;1;1;0;97;3;32.13;24.74;18.21;11.68;4.81;1.55;4.47;0.52;1.55;0.17;0.17;0;14.02;0.52
30069;30;Carnas;367;309;300;86;60;65;40;20;1;22;1;2;2;1;0;58;1;28.67;20;21.67;13.33;6.67;0.33;7.33;0.33;0.67;0.67;0.33;0;15.8;0.33
30070;30;Carsan;568;505;486;132;107;97;73;26;11;29;4;6;1;0;0;63;5;27.16;22.02;19.96;15.02;5.35;2.26;5.97;0.82;1.23;0.21;0;0;11.09;1.03
30071;30;Cassagnoles;301;255;249;50;56;58;59;11;2;11;0;0;1;1;0;46;0;20.08;22.49;23.29;23.69;4.42;0.8;4.42;0;0;0.4;0.4;0;15.28;0
30072;30;Castelnau-Valence;330;288;280;91;48;39;64;14;5;12;2;4;1;0;0;42;3;32.5;17.14;13.93;22.86;5;1.79;4.29;0.71;1.43;0.36;0;0;12.73;1.07
30073;30;Castillon-du-Gard;1297;1092;1066;310;156;238;238;55;11;35;10;11;2;0;0;205;6;29.08;14.63;22.33;22.33;5.16;1.03;3.28;0.94;1.03;0.19;0;0;15.81;0.56
30074;30;Causse-Bégon;25;18;18;2;4;8;0;1;0;1;0;0;2;0;0;7;0;11.11;22.22;44.44;0;5.56;0;5.56;0;0;11.11;0;0;28;0
30075;30;Caveirac;3342;2893;2845;848;459;625;592;114;30;122;26;21;6;2;0;449;12;29.81;16.13;21.97;20.81;4.01;1.05;4.29;0.91;0.74;0.21;0.07;0;13.44;0.42
30076;30;Cavillargues;726;618;598;149;131;134;80;25;7;54;6;5;5;2;0;108;4;24.92;21.91;22.41;13.38;4.18;1.17;9.03;1;0.84;0.84;0.33;0;14.88;0.67
30077;30;Cendras;1360;1092;1070;270;466;153;78;28;11;41;12;4;4;3;0;268;7;25.23;43.55;14.3;7.29;2.62;1.03;3.83;1.12;0.37;0.37;0.28;0;19.71;0.65
30079;30;Chambon;260;211;207;41;64;38;35;2;10;10;0;5;2;0;0;49;3;19.81;30.92;18.36;16.91;0.97;4.83;4.83;0;2.42;0.97;0;0;18.85;1.45
30080;30;Chamborigaud;582;464;458;105;154;75;62;12;9;20;2;12;7;0;0;118;1;22.93;33.62;16.38;13.54;2.62;1.97;4.37;0.44;2.62;1.53;0;0;20.27;0.22
30081;30;Chusclan;844;716;704;223;82;141;149;47;12;35;5;4;6;0;0;128;3;31.68;11.65;20.03;21.16;6.68;1.7;4.97;0.71;0.57;0.85;0;0;15.17;0.43
30082;30;Clarensac;3528;2868;2798;841;512;599;475;159;27;113;24;25;17;6;0;660;19;30.06;18.3;21.41;16.98;5.68;0.96;4.04;0.86;0.89;0.61;0.21;0;18.71;0.68
30083;30;Codognan;1990;1627;1588;551;308;235;287;78;33;60;14;12;8;2;0;363;6;34.7;19.4;14.8;18.07;4.91;2.08;3.78;0.88;0.76;0.5;0.13;0;18.24;0.38
30084;30;Codolet;479;398;392;172;71;39;65;16;6;14;6;2;1;0;0;81;1;43.88;18.11;9.95;16.58;4.08;1.53;3.57;1.53;0.51;0.26;0;0;16.91;0.26
30085;30;Collias;873;704;684;172;181;121;116;35;10;33;2;9;3;2;0;169;5;25.15;26.46;17.69;16.96;5.12;1.46;4.82;0.29;1.32;0.44;0.29;0;19.36;0.73
30086;30;Collorgues;440;376;366;117;90;67;38;18;6;13;1;12;4;0;0;64;2;31.97;24.59;18.31;10.38;4.92;1.64;3.55;0.27;3.28;1.09;0;0;14.55;0.55
30087;30;Colognac;203;175;170;11;66;34;15;7;6;22;3;4;1;1;0;28;1;6.47;38.82;20;8.82;4.12;3.53;12.94;1.76;2.35;0.59;0.59;0;13.79;0.59
30088;30;Combas;484;426;415;131;79;78;71;14;8;27;0;2;2;3;0;58;5;31.57;19.04;18.8;17.11;3.37;1.93;6.51;0;0.48;0.48;0.72;0;11.98;1.2
30089;30;Comps;1263;1082;1059;421;236;144;140;50;18;27;9;5;6;3;0;181;6;39.75;22.29;13.6;13.22;4.72;1.7;2.55;0.85;0.47;0.57;0.28;0;14.33;0.57
30090;30;Concoules;226;177;176;53;42;33;23;11;6;5;0;3;0;0;0;49;0;30.11;23.86;18.75;13.07;6.25;3.41;2.84;0;1.7;0;0;0;21.68;0
30091;30;Congénies;1276;1104;1083;273;268;249;136;37;16;75;13;8;8;0;0;172;17;25.21;24.75;22.99;12.56;3.42;1.48;6.93;1.2;0.74;0.74;0;0;13.48;1.57
30092;30;Connaux;1307;1123;1092;378;187;193;171;72;16;49;9;9;4;4;0;184;13;34.62;17.12;17.67;15.66;6.59;1.47;4.49;0.82;0.82;0.37;0.37;0;14.08;1.19
30093;30;Conqueyrac;110;99;95;20;18;13;30;5;1;7;0;1;0;0;0;11;1;21.05;18.95;13.68;31.58;5.26;1.05;7.37;0;1.05;0;0;0;10;1.05
30094;30;Corbès;119;106;105;15;36;23;16;6;2;2;2;3;0;0;0;13;0;14.29;34.29;21.9;15.24;5.71;1.9;1.9;1.9;2.86;0;0;0;10.92;0
30095;30;Corconne;471;396;378;69;110;77;55;9;11;36;1;5;5;0;0;75;14;18.25;29.1;20.37;14.55;2.38;2.91;9.52;0.26;1.32;1.32;0;0;15.92;3.7
30096;30;Cornillon;663;573;553;173;110;106;84;33;10;20;7;6;4;0;0;90;0;31.28;19.89;19.17;15.19;5.97;1.81;3.62;1.27;1.08;0.72;0;0;13.57;0
30097;30;Courry;287;229;226;46;70;45;26;8;5;19;0;2;4;1;0;58;2;20.35;30.97;19.91;11.5;3.54;2.21;8.41;0;0.88;1.77;0.44;0;20.21;0.88
30098;30;Crespian;307;274;264;67;69;49;40;19;5;7;4;2;2;0;0;33;0;25.38;26.14;18.56;15.15;7.2;1.89;2.65;1.52;0.76;0.76;0;0;10.75;0
30099;30;Cros;237;205;196;41;48;44;21;1;8;22;3;6;2;0;0;32;2;20.92;24.49;22.45;10.71;0.51;4.08;11.22;1.53;3.06;1.02;0;0;13.5;1.02
30100;30;Cruviers-Lascours;503;389;382;133;69;79;44;20;8;17;4;5;2;1;0;114;2;34.82;18.06;20.68;11.52;5.24;2.09;4.45;1.05;1.31;0.52;0.26;0;22.66;0.52
30101;30;Deaux;522;458;449;154;103;55;74;29;7;14;1;7;4;1;0;64;1;34.3;22.94;12.25;16.48;6.46;1.56;3.12;0.22;1.56;0.89;0.22;0;12.26;0.22
30102;30;Dions;421;357;352;99;73;62;51;27;10;20;6;3;1;0;0;64;2;28.13;20.74;17.61;14.49;7.67;2.84;5.68;1.7;0.85;0.28;0;0;15.2;0.57
30103;30;Domazan;755;645;635;173;99;102;142;42;22;37;12;5;0;1;0;110;2;27.24;15.59;16.06;22.36;6.61;3.46;5.83;1.89;0.79;0;0.16;0;14.57;0.31
30104;30;Domessargues;564;456;444;168;130;56;41;15;7;20;2;3;2;0;0;108;1;37.84;29.28;12.61;9.23;3.38;1.58;4.5;0.45;0.68;0.45;0;0;19.15;0.23
30105;30;Dourbies;242;188;186;26;51;42;33;5;6;15;2;4;2;0;0;54;0;13.98;27.42;22.58;17.74;2.69;3.23;8.06;1.08;2.15;1.08;0;0;22.31;0
30106;30;Durfort-et-Saint-Martin-de-Sossenac;575;476;465;99;153;99;42;15;7;41;4;2;3;0;0;99;2;21.29;32.9;21.29;9.03;3.23;1.51;8.82;0.86;0.43;0.65;0;0;17.22;0.43
30107;30;Estézargues;394;361;358;95;59;74;71;22;7;19;7;3;0;1;0;33;1;26.54;16.48;20.67;19.83;6.15;1.96;5.31;1.96;0.84;0;0.28;0;8.38;0.28
30108;30;L'Estréchure;152;124;121;18;35;30;16;1;6;11;4;0;0;0;0;28;2;14.88;28.93;24.79;13.22;0.83;4.96;9.09;3.31;0;0;0;0;18.42;1.65
30109;30;Euzet;344;285;280;85;55;53;46;11;7;14;4;2;3;0;0;59;1;30.36;19.64;18.93;16.43;3.93;2.5;5;1.43;0.71;1.07;0;0;17.15;0.36
30110;30;Flaux;286;247;241;49;62;54;33;9;5;22;4;1;0;2;0;39;6;20.33;25.73;22.41;13.69;3.73;2.07;9.13;1.66;0.41;0;0.83;0;13.64;2.49
30111;30;Foissac;304;270;265;104;40;47;43;11;0;9;6;3;2;0;0;34;0;39.25;15.09;17.74;16.23;4.15;0;3.4;2.26;1.13;0.75;0;0;11.18;0
30112;30;Fons;992;875;860;302;168;165;115;41;7;37;8;12;4;1;0;117;4;35.12;19.53;19.19;13.37;4.77;0.81;4.3;0.93;1.4;0.47;0.12;0;11.79;0.47
30113;30;Fons-sur-Lussan;220;201;200;38;49;53;32;4;2;18;1;2;1;0;0;19;0;19;24.5;26.5;16;2;1;9;0.5;1;0.5;0;0;8.64;0
30114;30;Fontanès;494;440;428;141;63;69;107;25;2;12;1;3;4;1;0;54;4;32.94;14.72;16.12;25;5.84;0.47;2.8;0.23;0.7;0.93;0.23;0;10.93;0.93
30115;30;Fontarèches;200;161;155;29;25;50;23;6;2;10;3;4;2;1;0;39;1;18.71;16.13;32.26;14.84;3.87;1.29;6.45;1.94;2.58;1.29;0.65;0;19.5;0.65
30116;30;Fournès;760;599;586;213;135;90;67;34;7;24;4;5;3;4;0;161;9;36.35;23.04;15.36;11.43;5.8;1.19;4.1;0.68;0.85;0.51;0.68;0;21.18;1.54
30117;30;Fourques;2135;1825;1781;632;324;331;273;66;28;79;15;21;7;5;0;310;13;35.49;18.19;18.59;15.33;3.71;1.57;4.44;0.84;1.18;0.39;0.28;0;14.52;0.73
30119;30;Fressac;133;120;118;30;21;22;24;9;2;5;2;3;0;0;0;13;1;25.42;17.8;18.64;20.34;7.63;1.69;4.24;1.69;2.54;0;0;0;9.77;0.85
30120;30;Gagnières;887;684;659;181;165;113;89;31;14;36;4;18;8;0;0;203;5;27.47;25.04;17.15;13.51;4.7;2.12;5.46;0.61;2.73;1.21;0;0;22.89;0.76
30121;30;Gailhan;177;159;158;34;41;24;37;9;2;9;0;2;0;0;0;18;0;21.52;25.95;15.19;23.42;5.7;1.27;5.7;0;1.27;0;0;0;10.17;0
30122;30;Gajan;550;492;481;167;109;78;62;18;8;27;7;3;1;1;0;58;3;34.72;22.66;16.22;12.89;3.74;1.66;5.61;1.46;0.62;0.21;0.21;0;10.55;0.62
30123;30;Gallargues-le-Montueux;2665;2154;2103;691;448;397;323;95;29;86;15;6;12;1;0;511;15;32.86;21.3;18.88;15.36;4.52;1.38;4.09;0.71;0.29;0.57;0.05;0;19.17;0.71
30124;30;Le Garn;209;179;177;46;33;52;18;8;7;10;0;2;1;0;0;30;0;25.99;18.64;29.38;10.17;4.52;3.95;5.65;0;1.13;0.56;0;0;14.35;0
30125;30;Garons;3683;2770;2714;913;518;466;467;158;42;85;39;15;7;4;0;913;12;33.64;19.09;17.17;17.21;5.82;1.55;3.13;1.44;0.55;0.26;0.15;0;24.79;0.44
30126;30;Garrigues-Sainte-Eulalie;566;507;494;145;85;98;92;25;6;30;4;3;5;1;0;59;3;29.35;17.21;19.84;18.62;5.06;1.21;6.07;0.81;0.61;1.01;0.2;0;10.42;0.61
30127;30;Gaujac;787;678;668;253;117;134;91;23;10;23;5;5;7;0;0;109;2;37.87;17.51;20.06;13.62;3.44;1.5;3.44;0.75;0.75;1.05;0;0;13.85;0.3
30128;30;Générac;3018;2524;2461;803;388;457;514;160;17;77;21;10;10;4;0;494;12;32.63;15.77;18.57;20.89;6.5;0.69;3.13;0.85;0.41;0.41;0.16;0;16.37;0.49
30129;30;Générargues;590;473;462;77;111;100;95;16;12;34;3;11;2;1;0;117;4;16.67;24.03;21.65;20.56;3.46;2.6;7.36;0.65;2.38;0.43;0.22;0;19.83;0.87
30130;30;Génolhac;692;571;553;118;177;116;65;10;17;34;5;4;6;1;0;121;5;21.34;32.01;20.98;11.75;1.81;3.07;6.15;0.9;0.72;1.08;0.18;0;17.49;0.9
30131;30;Goudargues;848;711;688;242;143;118;90;31;13;28;8;9;6;0;0;137;5;35.17;20.78;17.15;13.08;4.51;1.89;4.07;1.16;1.31;0.87;0;0;16.16;0.73
30132;30;La Grand-Combe;3244;2223;2165;551;801;276;196;50;31;185;31;30;13;1;0;1021;19;25.45;37;12.75;9.05;2.31;1.43;8.55;1.43;1.39;0.6;0.05;0;31.47;0.88
30133;30;Le Grau-du-Roi;8325;6714;6578;2210;857;1054;1790;252;64;223;37;60;23;8;0;1611;59;33.6;13.03;16.02;27.21;3.83;0.97;3.39;0.56;0.91;0.35;0.12;0;19.35;0.9
30134;30;Issirac;207;180;176;28;46;33;34;6;3;15;5;3;3;0;0;27;1;15.91;26.14;18.75;19.32;3.41;1.7;8.52;2.84;1.7;1.7;0;0;13.04;0.57
30135;30;Jonquières-Saint-Vincent;2575;2116;2062;800;386;333;308;85;27;62;31;18;11;1;0;459;10;38.8;18.72;16.15;14.94;4.12;1.31;3.01;1.5;0.87;0.53;0.05;0;17.83;0.48
30136;30;Junas;852;719;701;202;171;137;82;27;19;44;6;9;2;2;0;133;1;28.82;24.39;19.54;11.7;3.85;2.71;6.28;0.86;1.28;0.29;0.29;0;15.61;0.14
30137;30;Lamelouze;131;111;108;17;34;30;12;0;3;9;1;1;1;0;0;20;1;15.74;31.48;27.78;11.11;0;2.78;8.33;0.93;0.93;0.93;0;0;15.27;0.93
30138;30;Langlade;1880;1614;1572;372;250;390;370;83;13;77;10;6;1;0;0;266;6;23.66;15.9;24.81;23.54;5.28;0.83;4.9;0.64;0.38;0.06;0;0;14.15;0.38
30139;30;Lanuéjols;309;251;244;64;22;49;56;12;24;8;3;4;1;1;0;58;1;26.23;9.02;20.08;22.95;4.92;9.84;3.28;1.23;1.64;0.41;0.41;0;18.77;0.41
30140;30;Lasalle;895;747;737;136;261;150;98;15;11;40;10;13;1;2;0;148;1;18.45;35.41;20.35;13.3;2.04;1.49;5.43;1.36;1.76;0.14;0.27;0;16.54;0.14
30141;30;Laudun-l'Ardoise;4285;3557;3468;1171;692;651;477;188;53;151;26;34;25;0;0;728;30;33.77;19.95;18.77;13.75;5.42;1.53;4.35;0.75;0.98;0.72;0;0;16.99;0.87
30142;30;Laval-Pradel;986;811;792;274;231;102;82;20;19;40;5;8;10;1;0;175;6;34.6;29.17;12.88;10.35;2.53;2.4;5.05;0.63;1.01;1.26;0.13;0;17.75;0.76
30143;30;Laval-Saint-Roman;170;150;148;44;20;33;29;9;6;4;2;0;0;1;0;20;0;29.73;13.51;22.3;19.59;6.08;4.05;2.7;1.35;0;0;0.68;0;11.76;0
30144;30;Lecques;289;252;245;52;65;50;26;20;5;14;5;7;1;0;0;37;2;21.22;26.53;20.41;10.61;8.16;2.04;5.71;2.04;2.86;0.41;0;0;12.8;0.82
30145;30;Lédenon;1164;984;966;384;139;153;149;54;20;47;8;5;5;2;0;180;6;39.75;14.39;15.84;15.42;5.59;2.07;4.87;0.83;0.52;0.52;0.21;0;15.46;0.62
30146;30;Lédignan;1053;833;810;286;177;129;109;37;11;43;5;8;5;0;0;220;6;35.31;21.85;15.93;13.46;4.57;1.36;5.31;0.62;0.99;0.62;0;0;20.89;0.74
30147;30;Lézan;1086;863;843;215;231;160;139;30;11;39;7;8;3;0;0;223;7;25.5;27.4;18.98;16.49;3.56;1.3;4.63;0.83;0.95;0.36;0;0;20.53;0.83
30148;30;Liouc;211;188;183;42;45;33;29;5;2;19;4;2;1;1;0;23;1;22.95;24.59;18.03;15.85;2.73;1.09;10.38;2.19;1.09;0.55;0.55;0;10.9;0.55
30149;30;Lirac;674;586;571;153;112;119;102;23;14;29;12;3;4;0;0;88;3;26.8;19.61;20.84;17.86;4.03;2.45;5.08;2.1;0.53;0.7;0;0;13.06;0.53
30150;30;Logrian-Florian;231;200;196;58;58;22;35;8;4;10;0;0;0;1;0;31;0;29.59;29.59;11.22;17.86;4.08;2.04;5.1;0;0;0;0.51;0;13.42;0
30151;30;Lussan;434;370;361;89;75;82;54;13;16;28;0;2;2;0;0;64;3;24.65;20.78;22.71;14.96;3.6;4.43;7.76;0;0.55;0.55;0;0;14.75;0.83
30152;30;Les Mages;1703;1403;1371;438;399;221;155;51;26;50;6;16;7;2;0;300;10;31.95;29.1;16.12;11.31;3.72;1.9;3.65;0.44;1.17;0.51;0.15;0;17.62;0.73
30153;30;Malons-et-Elze;138;112;109;14;44;15;14;2;6;2;3;6;1;2;0;26;0;12.84;40.37;13.76;12.84;1.83;5.5;1.83;2.75;5.5;0.92;1.83;0;18.84;0
30154;30;Mandagout;335;266;260;22;93;66;36;11;5;17;4;5;1;0;0;69;2;8.46;35.77;25.38;13.85;4.23;1.92;6.54;1.54;1.92;0.38;0;0;20.6;0.77
30155;30;Manduel;5214;4228;4119;1455;706;719;674;239;59;147;52;42;21;5;0;986;26;35.32;17.14;17.46;16.36;5.8;1.43;3.57;1.26;1.02;0.51;0.12;0;18.91;0.63
30156;30;Marguerittes;7361;5685;5553;1972;1069;945;846;276;64;230;64;47;33;7;0;1676;44;35.51;19.25;17.02;15.24;4.97;1.15;4.14;1.15;0.85;0.59;0.13;0;22.77;0.79
30157;30;Mars;128;113;107;25;28;26;13;3;1;9;0;1;1;0;0;15;1;23.36;26.17;24.3;12.15;2.8;0.93;8.41;0;0.93;0.93;0;0;11.72;0.93
30158;30;Martignargues;316;281;268;83;76;39;46;4;1;15;1;1;1;1;0;35;6;30.97;28.36;14.55;17.16;1.49;0.37;5.6;0.37;0.37;0.37;0.37;0;11.08;2.24
30159;30;Le Martinet;511;422;405;109;171;60;19;11;2;19;4;5;4;1;0;89;5;26.91;42.22;14.81;4.69;2.72;0.49;4.69;0.99;1.23;0.99;0.25;0;17.42;1.23
30160;30;Maruéjols-lès-Gardon;154;135;129;32;37;16;29;1;1;10;1;1;1;0;0;19;1;24.81;28.68;12.4;22.48;0.78;0.78;7.75;0.78;0.78;0.78;0;0;12.34;0.78
30161;30;Massanes;160;127;127;47;19;22;17;6;3;7;3;3;0;0;0;33;0;37.01;14.96;17.32;13.39;4.72;2.36;5.51;2.36;2.36;0;0;0;20.63;0
30162;30;Massillargues-Attuech;558;468;452;124;117;93;66;8;3;26;2;9;4;0;0;90;4;27.43;25.88;20.58;14.6;1.77;0.66;5.75;0.44;1.99;0.88;0;0;16.13;0.88
30163;30;Mauressargues;117;109;107;22;28;17;19;6;0;12;0;3;0;0;0;8;1;20.56;26.17;15.89;17.76;5.61;0;11.21;0;2.8;0;0;0;6.84;0.93
30164;30;Méjannes-le-Clap;517;437;424;118;87;100;60;29;6;11;4;6;3;0;0;80;3;27.83;20.52;23.58;14.15;6.84;1.42;2.59;0.94;1.42;0.71;0;0;15.47;0.71
30165;30;Méjannes-lès-Alès;817;725;700;204;146;109;146;34;17;30;2;8;3;1;0;92;23;29.14;20.86;15.57;20.86;4.86;2.43;4.29;0.29;1.14;0.43;0.14;0;11.26;3.29
30166;30;Meynes;1804;1493;1452;513;284;253;193;86;25;56;12;16;8;6;0;311;6;35.33;19.56;17.42;13.29;5.92;1.72;3.86;0.83;1.1;0.55;0.41;0;17.24;0.41
30167;30;Meyrannes;694;567;547;164;159;95;64;22;9;21;4;4;5;0;0;127;2;29.98;29.07;17.37;11.7;4.02;1.65;3.84;0.73;0.73;0.91;0;0;18.3;0.37
30168;30;Mialet;620;521;514;83;147;128;90;17;2;37;1;6;3;0;0;99;3;16.15;28.6;24.9;17.51;3.31;0.39;7.2;0.19;1.17;0.58;0;0;15.97;0.58
30169;30;Milhaud;4417;3508;3418;1374;588;583;501;154;37;100;37;31;11;2;0;909;32;40.2;17.2;17.06;14.66;4.51;1.08;2.93;1.08;0.91;0.32;0.06;0;20.58;0.94
30170;30;Molières-Cavaillac;705;569;552;116;154;117;77;15;14;39;2;10;6;2;0;136;7;21.01;27.9;21.2;13.95;2.72;2.54;7.07;0.36;1.81;1.09;0.36;0;19.29;1.27
30171;30;Molières-sur-Cèze;963;689;679;200;246;101;56;17;11;32;3;9;2;2;0;274;4;29.46;36.23;14.87;8.25;2.5;1.62;4.71;0.44;1.33;0.29;0.29;0;28.45;0.59
30172;30;Monoblet;525;449;441;63;188;68;40;16;10;34;3;14;5;0;0;76;3;14.29;42.63;15.42;9.07;3.63;2.27;7.71;0.68;3.17;1.13;0;0;14.48;0.68
30173;30;Mons;1269;1087;1061;342;196;223;165;41;18;48;16;7;5;0;0;182;8;32.23;18.47;21.02;15.55;3.86;1.7;4.52;1.51;0.66;0.47;0;0;14.34;0.75
30174;30;Montaren-et-Saint-Médiers;1083;889;868;222;185;179;164;39;13;42;7;14;1;2;0;194;4;25.58;21.31;20.62;18.89;4.49;1.5;4.84;0.81;1.61;0.12;0.23;0;17.91;0.46
30175;30;Montclus;182;149;143;37;26;34;30;1;2;9;0;4;0;0;0;33;0;25.87;18.18;23.78;20.98;0.7;1.4;6.29;0;2.8;0;0;0;18.13;0
30176;30;Montdardier;188;165;158;40;38;20;29;3;6;13;0;7;1;1;0;23;0;25.32;24.05;12.66;18.35;1.9;3.8;8.23;0;4.43;0.63;0.63;0;12.23;0
30177;30;Monteils;510;430;419;158;77;81;60;14;8;14;3;2;2;0;0;80;3;37.71;18.38;19.33;14.32;3.34;1.91;3.34;0.72;0.48;0.48;0;0;15.69;0.72
30178;30;Montfaucon;1164;983;961;376;154;154;162;47;17;30;13;3;2;3;0;181;5;39.13;16.02;16.02;16.86;4.89;1.77;3.12;1.35;0.31;0.21;0.31;0;15.55;0.52
30179;30;Montfrin;2416;1898;1853;670;353;280;303;94;29;82;18;16;6;2;0;518;13;36.16;19.05;15.11;16.35;5.07;1.57;4.43;0.97;0.86;0.32;0.11;0;21.44;0.7
30180;30;Montignargues;444;407;397;153;96;57;35;26;4;17;5;0;3;1;0;37;3;38.54;24.18;14.36;8.82;6.55;1.01;4.28;1.26;0;0.76;0.25;0;8.33;0.76
30181;30;Montmirat;259;221;212;99;38;29;18;8;1;14;0;3;2;0;0;38;3;46.7;17.92;13.68;8.49;3.77;0.47;6.6;0;1.42;0.94;0;0;14.67;1.42
30182;30;Montpezat;899;762;751;233;197;142;89;24;12;31;6;14;2;1;0;137;0;31.03;26.23;18.91;11.85;3.2;1.6;4.13;0.8;1.86;0.27;0.13;0;15.24;0
30183;30;Moulézan;421;346;334;111;72;63;47;9;6;22;2;1;1;0;0;75;3;33.23;21.56;18.86;14.07;2.69;1.8;6.59;0.6;0.3;0.3;0;0;17.81;0.9
30184;30;Moussac;1003;836;814;327;174;126;103;36;6;27;5;8;1;1;0;167;4;40.17;21.38;15.48;12.65;4.42;0.74;3.32;0.61;0.98;0.12;0.12;0;16.65;0.49
30185;30;Mus;1135;936;914;250;183;179;171;44;18;45;7;11;4;2;0;199;3;27.35;20.02;19.58;18.71;4.81;1.97;4.92;0.77;1.2;0.44;0.22;0;17.53;0.33
30186;30;Nages-et-Solorgues;1476;1314;1278;283;195;291;339;73;12;63;11;4;4;3;0;162;13;22.14;15.26;22.77;26.53;5.71;0.94;4.93;0.86;0.31;0.31;0.23;0;10.98;1.02
30187;30;Navacelles;273;217;216;96;22;38;44;7;2;4;0;1;2;0;0;56;0;44.44;10.19;17.59;20.37;3.24;0.93;1.85;0;0.46;0.93;0;0;20.51;0
30188;30;Ners;555;472;463;126;124;68;65;27;13;28;6;3;2;1;0;83;1;27.21;26.78;14.69;14.04;5.83;2.81;6.05;1.3;0.65;0.43;0.22;0;14.95;0.22
30189;30;Nîmes;87251;65012;63685;13732;15277;13574;12942;2076;616;3863;695;557;252;101;0;22239;395;21.56;23.99;21.31;20.32;3.26;0.97;6.07;1.09;0.87;0.4;0.16;0;25.49;0.62
30190;30;Notre-Dame-de-la-Rouvière;330;264;254;45;69;46;45;14;7;18;5;3;1;1;0;66;1;17.72;27.17;18.11;17.72;5.51;2.76;7.09;1.97;1.18;0.39;0.39;0;20;0.39
30191;30;Orsan;875;766;740;250;91;137;147;60;11;26;10;3;4;1;0;109;5;33.78;12.3;18.51;19.86;8.11;1.49;3.51;1.35;0.41;0.54;0.14;0;12.46;0.68
30192;30;Orthoux-Sérignac-Quilhan;337;293;285;76;53;64;57;8;5;19;0;2;1;0;0;44;5;26.67;18.6;22.46;20;2.81;1.75;6.67;0;0.7;0.35;0;0;13.06;1.75
30193;30;Parignargues;448;388;380;120;96;82;40;9;4;20;5;3;1;0;0;60;3;31.58;25.26;21.58;10.53;2.37;1.05;5.26;1.32;0.79;0.26;0;0;13.39;0.79
30194;30;Peyremale;222;176;169;26;78;27;15;5;4;9;0;4;1;0;0;46;2;15.38;46.15;15.98;8.88;2.96;2.37;5.33;0;2.37;0.59;0;0;20.72;1.18
30195;30;Peyrolles;37;28;28;5;9;6;3;1;0;4;0;0;0;0;0;9;0;17.86;32.14;21.43;10.71;3.57;0;14.29;0;0;0;0;0;24.32;0
30196;30;Le Pin;353;301;293;111;62;45;33;10;8;17;0;4;2;1;0;52;1;37.88;21.16;15.36;11.26;3.41;2.73;5.8;0;1.37;0.68;0.34;0;14.73;0.34
30197;30;Les Plans;189;175;166;53;29;32;27;14;4;3;1;2;1;0;0;14;2;31.93;17.47;19.28;16.27;8.43;2.41;1.81;0.6;1.2;0.6;0;0;7.41;1.2
30198;30;Les Plantiers;233;193;189;32;72;35;10;1;8;18;6;6;1;0;0;40;2;16.93;38.1;18.52;5.29;0.53;4.23;9.52;3.17;3.17;0.53;0;0;17.17;1.06
30199;30;Pommiers;63;55;52;18;16;9;3;1;0;1;3;0;1;0;0;8;2;34.62;30.77;17.31;5.77;1.92;0;1.92;5.77;0;1.92;0;0;12.7;3.85
30200;30;Pompignan;608;528;512;97;126;115;79;16;16;41;11;8;1;2;0;80;2;18.95;24.61;22.46;15.43;3.13;3.13;8.01;2.15;1.56;0.2;0.39;0;13.16;0.39
30201;30;Ponteils-et-Brésis;306;242;234;53;66;35;36;12;6;13;4;8;1;0;0;64;1;22.65;28.21;14.96;15.38;5.13;2.56;5.56;1.71;3.42;0.43;0;0;20.92;0.43
30202;30;Pont-Saint-Esprit;7153;5639;5518;1882;1020;1049;829;260;79;229;66;49;41;14;0;1514;35;34.11;18.48;19.01;15.02;4.71;1.43;4.15;1.2;0.89;0.74;0.25;0;21.17;0.63
30203;30;Portes;297;242;237;61;91;29;28;6;9;9;1;2;1;0;0;55;1;25.74;38.4;12.24;11.81;2.53;3.8;3.8;0.42;0.84;0.42;0;0;18.52;0.42
30204;30;Potelières;286;240;234;96;44;29;33;14;9;4;0;4;1;0;0;46;1;41.03;18.8;12.39;14.1;5.98;3.85;1.71;0;1.71;0.43;0;0;16.08;0.43
30205;30;Pougnadoresse;200;168;166;42;27;28;35;21;4;8;0;1;0;0;0;32;0;25.3;16.27;16.87;21.08;12.65;2.41;4.82;0;0.6;0;0;0;16;0
30206;30;Poulx;3351;2885;2822;829;415;557;662;137;38;140;16;16;8;4;0;466;13;29.38;14.71;19.74;23.46;4.85;1.35;4.96;0.57;0.57;0.28;0.14;0;13.91;0.46
30207;30;Pouzilhac;555;442;426;168;77;64;65;13;12;16;3;6;1;1;0;113;4;39.44;18.08;15.02;15.26;3.05;2.82;3.76;0.7;1.41;0.23;0.23;0;20.36;0.94
30208;30;Puechredon;34;30;30;8;15;1;1;1;0;4;0;0;0;0;0;4;0;26.67;50;3.33;3.33;3.33;0;13.33;0;0;0;0;0;11.76;0
30209;30;Pujaut;3332;2861;2788;642;458;660;610;134;43;169;37;24;7;4;0;471;16;23.03;16.43;23.67;21.88;4.81;1.54;6.06;1.33;0.86;0.25;0.14;0;14.14;0.57
30210;30;Quissac;2347;1910;1872;580;489;341;216;82;33;95;10;14;8;4;0;437;6;30.98;26.12;18.22;11.54;4.38;1.76;5.07;0.53;0.75;0.43;0.21;0;18.62;0.32
30211;30;Redessan;2859;2377;2329;956;397;382;333;106;30;76;22;12;9;6;0;482;14;41.05;17.05;16.4;14.3;4.55;1.29;3.26;0.94;0.52;0.39;0.26;0;16.86;0.6
30212;30;Remoulins;1680;1332;1300;500;259;204;157;58;14;68;16;15;6;3;0;348;6;38.46;19.92;15.69;12.08;4.46;1.08;5.23;1.23;1.15;0.46;0.23;0;20.71;0.46
30213;30;Revens;39;31;30;5;1;12;10;0;1;1;0;0;0;0;0;8;0;16.67;3.33;40;33.33;0;3.33;3.33;0;0;0;0;0;20.51;0
30214;30;Ribaute-les-Tavernes;1385;1173;1152;453;204;185;176;62;9;38;8;11;5;1;0;212;5;39.32;17.71;16.06;15.28;5.38;0.78;3.3;0.69;0.95;0.43;0.09;0;15.31;0.43
30215;30;Rivières;295;240;234;64;53;46;36;12;4;14;2;3;0;0;0;55;1;27.35;22.65;19.66;15.38;5.13;1.71;5.98;0.85;1.28;0;0;0;18.64;0.43
30216;30;Robiac-Rochessadoule;641;521;507;158;138;80;58;27;10;21;1;8;6;0;0;120;3;31.16;27.22;15.78;11.44;5.33;1.97;4.14;0.2;1.58;1.18;0;0;18.72;0.59
30217;30;Rochefort-du-Gard;6091;5131;5024;1543;822;1013;1010;291;68;148;67;30;19;13;0;960;34;30.71;16.36;20.16;20.1;5.79;1.35;2.95;1.33;0.6;0.38;0.26;0;15.76;0.68
30218;30;Rochegude;207;175;170;36;55;25;21;9;5;14;2;1;2;0;0;32;2;21.18;32.35;14.71;12.35;5.29;2.94;8.24;1.18;0.59;1.18;0;0;15.46;1.18
30219;30;Rogues;91;85;85;16;15;33;12;2;2;3;0;0;2;0;0;6;0;18.82;17.65;38.82;14.12;2.35;2.35;3.53;0;0;2.35;0;0;6.59;0
30220;30;Roquedur;189;154;150;14;48;33;15;5;3;16;4;8;4;0;0;35;0;9.33;32;22;10;3.33;2;10.67;2.67;5.33;2.67;0;0;18.52;0
30221;30;Roquemaure;3847;3054;2976;1029;598;502;445;141;48;132;27;24;30;0;0;793;17;34.58;20.09;16.87;14.95;4.74;1.61;4.44;0.91;0.81;1.01;0;0;20.61;0.57
30222;30;La Roque-sur-Cèze;168;139;135;27;21;35;35;4;4;6;2;1;0;0;0;29;1;20;15.56;25.93;25.93;2.96;2.96;4.44;1.48;0.74;0;0;0;17.26;0.74
30223;30;Rousson;3359;2732;2678;899;727;432;281;135;34;94;12;38;22;4;0;627;9;33.57;27.15;16.13;10.49;5.04;1.27;3.51;0.45;1.42;0.82;0.15;0;18.67;0.34
30224;30;La Rouvière;379;336;326;120;57;53;50;18;4;13;4;5;2;0;0;43;2;36.81;17.48;16.26;15.34;5.52;1.23;3.99;1.23;1.53;0.61;0;0;11.35;0.61
30225;30;Sabran;1410;1218;1194;338;198;229;237;70;24;60;8;22;6;2;0;192;8;28.31;16.58;19.18;19.85;5.86;2.01;5.03;0.67;1.84;0.5;0.17;0;13.62;0.67
30226;30;Saint-Alexandre;1005;857;837;285;162;143;131;36;11;43;11;11;3;1;0;148;4;34.05;19.35;17.08;15.65;4.3;1.31;5.14;1.31;1.31;0.36;0.12;0;14.73;0.48
30227;30;Saint-Ambroix;2646;1934;1892;649;371;313;297;82;28;78;37;20;13;4;0;712;24;34.3;19.61;16.54;15.7;4.33;1.48;4.12;1.96;1.06;0.69;0.21;0;26.91;1.27
30228;30;Sainte-Anastasie;1449;1205;1176;373;265;177;194;53;11;72;12;11;6;2;0;244;9;31.72;22.53;15.05;16.5;4.51;0.94;6.12;1.02;0.94;0.51;0.17;0;16.84;0.77
30229;30;Saint-André-de-Majencoules;499;404;394;78;114;66;60;24;14;21;5;8;4;0;0;95;8;19.8;28.93;16.75;15.23;6.09;3.55;5.33;1.27;2.03;1.02;0;0;19.04;2.03
30230;30;Saint-André-de-Roquepertuis;389;333;323;75;68;62;70;16;8;16;3;5;0;0;0;56;3;23.22;21.05;19.2;21.67;4.95;2.48;4.95;0.93;1.55;0;0;0;14.4;0.93
30231;30;Saint-André-de-Valborgne;427;329;325;88;81;53;31;21;16;25;3;4;3;0;0;98;1;27.08;24.92;16.31;9.54;6.46;4.92;7.69;0.92;1.23;0.92;0;0;22.95;0.31
30232;30;Saint-André-d'Olérargues;337;284;280;63;69;42;50;13;11;15;13;1;2;1;0;53;2;22.5;24.64;15;17.86;4.64;3.93;5.36;4.64;0.36;0.71;0.36;0;15.73;0.71
30233;30;Saint-Bauzély;403;343;336;120;62;69;39;16;5;15;4;2;3;1;0;60;2;35.71;18.45;20.54;11.61;4.76;1.49;4.46;1.19;0.6;0.89;0.3;0;14.89;0.6
30234;30;Saint-Bénézet;213;178;170;58;42;30;21;10;2;4;0;2;1;0;0;35;2;34.12;24.71;17.65;12.35;5.88;1.18;2.35;0;1.18;0.59;0;0;16.43;1.18
30235;30;Saint-Bonnet-du-Gard;615;535;531;220;107;18;62;24;5;87;2;4;1;1;0;80;3;41.43;20.15;3.39;11.68;4.52;0.94;16.38;0.38;0.75;0.19;0.19;0;13.01;0.56
30236;30;Saint-Bonnet-de-Salendrinque;73;65;64;18;16;9;9;6;1;4;1;0;0;0;0;8;0;28.13;25;14.06;14.06;9.38;1.56;6.25;1.56;0;0;0;0;10.96;0
30237;30;Saint-Brès;456;369;355;122;79;54;37;20;12;21;2;6;2;0;0;87;2;34.37;22.25;15.21;10.42;5.63;3.38;5.92;0.56;1.69;0.56;0;0;19.08;0.56
30238;30;Saint-Bresson;85;69;69;23;19;6;14;2;1;0;0;3;1;0;0;16;0;33.33;27.54;8.7;20.29;2.9;1.45;0;0;4.35;1.45;0;0;18.82;0
30239;30;Sainte-Cécile-d'Andorge;475;383;371;125;79;57;41;32;12;14;5;4;2;0;0;92;2;33.69;21.29;15.36;11.05;8.63;3.23;3.77;1.35;1.08;0.54;0;0;19.37;0.54
30240;30;Saint-Césaire-de-Gauzignan;269;222;215;65;52;32;37;11;2;11;0;2;3;0;0;47;5;30.23;24.19;14.88;17.21;5.12;0.93;5.12;0;0.93;1.4;0;0;17.47;2.33
30241;30;Saint-Chaptes;1340;1117;1084;365;210;175;193;58;18;43;8;6;7;1;0;223;29;33.67;19.37;16.14;17.8;5.35;1.66;3.97;0.74;0.55;0.65;0.09;0;16.64;2.68
30242;30;Saint-Christol-de-Rodières;145;123;122;20;46;28;4;3;3;10;2;3;0;3;0;22;1;16.39;37.7;22.95;3.28;2.46;2.46;8.2;1.64;2.46;0;2.46;0;15.17;0.82
30243;30;Saint-Christol-lès-Alès;5685;4512;4402;1287;1026;839;704;171;89;166;37;51;25;7;0;1173;39;29.24;23.31;19.06;15.99;3.88;2.02;3.77;0.84;1.16;0.57;0.16;0;20.63;0.89
30244;30;Saint-Clément;261;222;216;80;33;37;41;6;2;13;1;1;1;1;0;39;1;37.04;15.28;17.13;18.98;2.78;0.93;6.02;0.46;0.46;0.46;0.46;0;14.94;0.46
30245;30;Saint-Côme-et-Maruéjols;580;514;505;125;119;121;72;16;14;26;5;3;4;0;0;66;1;24.75;23.56;23.96;14.26;3.17;2.77;5.15;0.99;0.59;0.79;0;0;11.38;0.2
30246;30;Sainte-Croix-de-Caderle;112;98;97;10;31;19;15;1;6;9;2;2;2;0;0;14;1;10.31;31.96;19.59;15.46;1.03;6.19;9.28;2.06;2.06;2.06;0;0;12.5;1.03
30247;30;Saint-Denis;198;164;160;28;43;29;19;8;9;16;1;3;4;0;0;34;1;17.5;26.88;18.13;11.88;5;5.63;10;0.63;1.88;2.5;0;0;17.17;0.63
30248;30;Saint-Dézéry;296;276;272;89;59;47;34;12;7;16;5;3;0;0;0;20;0;32.72;21.69;17.28;12.5;4.41;2.57;5.88;1.84;1.1;0;0;0;6.76;0
30249;30;Saint-Dionizy;744;670;642;170;129;122;119;47;8;27;8;8;4;0;0;74;6;26.48;20.09;19;18.54;7.32;1.25;4.21;1.25;1.25;0.62;0;0;9.95;0.93
30250;30;Saint-Etienne-de-l'Olm;291;242;238;76;66;36;14;11;6;19;3;5;2;0;0;49;3;31.93;27.73;15.13;5.88;4.62;2.52;7.98;1.26;2.1;0.84;0;0;16.84;1.26
30251;30;Saint-Etienne-des-Sorts;404;342;335;126;55;45;48;25;11;13;4;6;1;1;0;62;3;37.61;16.42;13.43;14.33;7.46;3.28;3.88;1.19;1.79;0.3;0.3;0;15.35;0.9
30252;30;Saint-Félix-de-Pallières;197;177;170;34;73;18;19;6;2;16;2;0;0;0;0;20;2;20;42.94;10.59;11.18;3.53;1.18;9.41;1.18;0;0;0;0;10.15;1.18
30253;30;Saint-Florent-sur-Auzonnet;886;697;680;225;207;100;70;16;7;25;8;15;7;0;0;189;5;33.09;30.44;14.71;10.29;2.35;1.03;3.68;1.18;2.21;1.03;0;0;21.33;0.74
30254;30;Saint-Geniès-de-Comolas;1419;1189;1144;393;255;188;136;55;12;57;21;11;12;4;0;230;12;34.35;22.29;16.43;11.89;4.81;1.05;4.98;1.84;0.96;1.05;0.35;0;16.21;1.05
30255;30;Saint-Geniès-de-Malgoirès;2066;1635;1593;560;405;239;168;61;14;97;18;18;11;2;0;431;13;35.15;25.42;15;10.55;3.83;0.88;6.09;1.13;1.13;0.69;0.13;0;20.86;0.82
30256;30;Saint-Gervais;587;503;496;108;120;113;82;29;10;24;6;2;1;1;0;84;2;21.77;24.19;22.78;16.53;5.85;2.02;4.84;1.21;0.4;0.2;0.2;0;14.31;0.4
30257;30;Saint-Gervasy;1427;1184;1157;529;180;144;157;65;13;46;7;4;10;2;0;243;8;45.72;15.56;12.45;13.57;5.62;1.12;3.98;0.61;0.35;0.86;0.17;0;17.03;0.69
30258;30;Saint-Gilles;8828;6908;6751;2701;1299;976;1077;282;64;202;57;50;29;14;0;1920;59;40.01;19.24;14.46;15.95;4.18;0.95;2.99;0.84;0.74;0.43;0.21;0;21.75;0.87
30259;30;Saint-Hilaire-de-Brethmas;3758;3013;2934;941;578;525;539;139;34;117;17;21;20;3;0;745;20;32.07;19.7;17.89;18.37;4.74;1.16;3.99;0.58;0.72;0.68;0.1;0;19.82;0.68
30260;30;Saint-Hilaire-d'Ozilhan;692;615;607;187;110;118;100;35;11;30;7;7;2;0;0;77;0;30.81;18.12;19.44;16.47;5.77;1.81;4.94;1.15;1.15;0.33;0;0;11.13;0
30261;30;Saint-Hippolyte-de-Caton;175;158;155;48;24;39;25;12;3;3;1;0;0;0;0;17;1;30.97;15.48;25.16;16.13;7.74;1.94;1.94;0.65;0;0;0;0;9.71;0.65
30262;30;Saint-Hippolyte-de-Montaigu;221;182;180;45;39;38;38;7;4;7;1;1;0;0;0;39;1;25;21.67;21.11;21.11;3.89;2.22;3.89;0.56;0.56;0;0;0;17.65;0.56
30263;30;Saint-Hippolyte-du-Fort;2777;2280;2224;627;606;353;301;82;37;145;30;22;18;3;0;497;12;28.19;27.25;15.87;13.53;3.69;1.66;6.52;1.35;0.99;0.81;0.13;0;17.9;0.54
30264;30;Saint-Jean-de-Ceyrargues;143;118;113;32;16;15;28;4;5;8;3;1;0;1;0;25;2;28.32;14.16;13.27;24.78;3.54;4.42;7.08;2.65;0.88;0;0.88;0;17.48;1.77
30265;30;Saint-Jean-de-Crieulon;182;164;164;45;35;20;35;10;2;13;0;2;2;0;0;18;0;27.44;21.34;12.2;21.34;6.1;1.22;7.93;0;1.22;1.22;0;0;9.89;0
30266;30;Saint-Jean-de-Maruéjols-et-Avéjan;734;600;588;174;135;108;88;26;18;28;4;4;1;2;0;134;8;29.59;22.96;18.37;14.97;4.42;3.06;4.76;0.68;0.68;0.17;0.34;0;18.26;1.36
30267;30;Saint-Jean-de-Serres;402;318;308;99;63;58;49;14;8;7;1;6;2;1;0;84;2;32.14;20.45;18.83;15.91;4.55;2.6;2.27;0.32;1.95;0.65;0.32;0;20.9;0.65
30268;30;Saint-Jean-de-Valériscle;472;370;361;126;111;42;34;12;9;13;4;6;4;0;0;102;3;34.9;30.75;11.63;9.42;3.32;2.49;3.6;1.11;1.66;1.11;0;0;21.61;0.83
30269;30;Saint-Jean-du-Gard;2157;1631;1595;289;407;372;269;68;28;104;24;18;12;4;0;526;13;18.12;25.52;23.32;16.87;4.26;1.76;6.52;1.5;1.13;0.75;0.25;0;24.39;0.82
30270;30;Saint-Jean-du-Pin;1192;1001;980;288;269;148;143;42;16;49;6;7;8;4;0;191;5;29.39;27.45;15.1;14.59;4.29;1.63;5;0.61;0.71;0.82;0.41;0;16.02;0.51
30271;30;Saint-Julien-de-Cassagnas;527;441;428;135;101;80;58;20;9;12;4;6;3;0;0;86;1;31.54;23.6;18.69;13.55;4.67;2.1;2.8;0.93;1.4;0.7;0;0;16.32;0.23
30272;30;Saint-Julien-de-la-Nef;161;132;127;35;32;18;15;6;4;12;1;2;2;0;0;29;2;27.56;25.2;14.17;11.81;4.72;3.15;9.45;0.79;1.57;1.57;0;0;18.01;1.57
30273;30;Saint-Julien-de-Peyrolas;1017;829;803;306;140;128;113;39;10;28;22;12;4;1;0;188;4;38.11;17.43;15.94;14.07;4.86;1.25;3.49;2.74;1.49;0.5;0.12;0;18.49;0.5
30274;30;Saint-Julien-les-Rosiers;2734;2290;2229;723;583;424;248;96;21;71;22;28;11;2;0;444;17;32.44;26.16;19.02;11.13;4.31;0.94;3.19;0.99;1.26;0.49;0.09;0;16.24;0.76
30275;30;Saint-Just-et-Vacquières;241;213;209;71;37;35;41;8;3;13;1;0;0;0;0;28;1;33.97;17.7;16.75;19.62;3.83;1.44;6.22;0.48;0;0;0;0;11.62;0.48
30276;30;Saint-Laurent-d'Aigouze;2703;2315;2259;836;433;346;413;77;40;76;15;14;8;1;0;388;16;37.01;19.17;15.32;18.28;3.41;1.77;3.36;0.66;0.62;0.35;0.04;0;14.35;0.71
30277;30;Saint-Laurent-de-Carnols;392;353;345;112;60;56;55;28;11;17;0;4;1;1;0;39;3;32.46;17.39;16.23;15.94;8.12;3.19;4.93;0;1.16;0.29;0.29;0;9.95;0.87
30278;30;Saint-Laurent-des-Arbres;2063;1749;1720;503;348;341;295;93;23;63;17;18;16;3;0;314;8;29.24;20.23;19.83;17.15;5.41;1.34;3.66;0.99;1.05;0.93;0.17;0;15.22;0.47
30279;30;Saint-Laurent-la-Vernède;573;493;485;143;97;111;81;17;8;17;1;7;3;0;0;80;0;29.48;20;22.89;16.7;3.51;1.65;3.51;0.21;1.44;0.62;0;0;13.96;0
30280;30;Saint-Laurent-le-Minier;315;260;256;74;77;55;22;5;1;17;3;2;0;0;0;55;3;28.91;30.08;21.48;8.59;1.95;0.39;6.64;1.17;0.78;0;0;0;17.46;1.17
30281;30;Saint-Mamert-du-Gard;1099;958;942;298;205;171;135;52;14;42;6;11;3;5;0;141;2;31.63;21.76;18.15;14.33;5.52;1.49;4.46;0.64;1.17;0.32;0.53;0;12.83;0.21
30282;30;Saint-Marcel-de-Careiret;623;523;516;150;98;90;84;27;11;33;4;8;7;4;0;100;4;29.07;18.99;17.44;16.28;5.23;2.13;6.4;0.78;1.55;1.36;0.78;0;16.05;0.78
30283;30;Saint-Martial;178;144;140;17;36;27;17;15;6;10;6;4;1;1;0;34;1;12.14;25.71;19.29;12.14;10.71;4.29;7.14;4.29;2.86;0.71;0.71;0;19.1;0.71
30284;30;Saint-Martin-de-Valgalgues;3161;2524;2467;721;788;383;341;72;23;94;21;12;8;4;0;637;16;29.23;31.94;15.52;13.82;2.92;0.93;3.81;0.85;0.49;0.32;0.16;0;20.15;0.65
30285;30;Saint-Maurice-de-Cazevieille;519;437;427;141;81;66;86;13;8;24;4;3;0;1;0;82;5;33.02;18.97;15.46;20.14;3.04;1.87;5.62;0.94;0.7;0;0.23;0;15.8;1.17
30286;30;Saint-Maximin;563;480;473;124;95;87;90;29;5;29;8;6;0;0;0;83;2;26.22;20.08;18.39;19.03;6.13;1.06;6.13;1.69;1.27;0;0;0;14.74;0.42
30287;30;Saint-Michel-d'Euzet;504;432;425;134;66;87;80;17;12;17;4;5;1;2;0;72;1;31.53;15.53;20.47;18.82;4;2.82;4;0.94;1.18;0.24;0.47;0;14.29;0.24
30288;30;Saint-Nazaire;868;709;695;231;153;115;73;25;18;52;11;8;8;1;0;159;2;33.24;22.01;16.55;10.5;3.6;2.59;7.48;1.58;1.15;1.15;0.14;0;18.32;0.29
30289;30;Saint-Nazaire-des-Gardies;69;62;61;18;9;19;9;2;0;2;2;0;0;0;0;7;0;29.51;14.75;31.15;14.75;3.28;0;3.28;3.28;0;0;0;0;10.14;0
30290;30;Saint-Paulet-de-Caisson;1501;1298;1259;395;249;259;188;53;24;61;12;9;5;4;0;203;8;31.37;19.78;20.57;14.93;4.21;1.91;4.85;0.95;0.71;0.4;0.32;0;13.52;0.64
30291;30;Saint-Paul-la-Coste;292;249;240;58;64;47;35;16;3;11;0;5;0;1;0;43;3;24.17;26.67;19.58;14.58;6.67;1.25;4.58;0;2.08;0;0.42;0;14.73;1.25
30292;30;Saint-Pons-la-Calm;371;305;297;104;41;64;45;18;6;12;2;1;4;0;0;66;1;35.02;13.8;21.55;15.15;6.06;2.02;4.04;0.67;0.34;1.35;0;0;17.79;0.34
30293;30;Saint-Privat-de-Champclos;291;248;243;77;42;48;49;9;2;7;2;5;2;0;0;43;4;31.69;17.28;19.75;20.16;3.7;0.82;2.88;0.82;2.06;0.82;0;0;14.78;1.65
30294;30;Saint-Privat-des-Vieux;4104;3465;3375;1065;659;669;581;151;58;142;21;20;8;1;0;639;22;31.56;19.53;19.82;17.21;4.47;1.72;4.21;0.62;0.59;0.24;0.03;0;15.57;0.65
30295;30;Saint-Quentin-la-Poterie;2532;2031;1981;474;468;409;335;90;23;126;18;26;10;2;0;501;20;23.93;23.62;20.65;16.91;4.54;1.16;6.36;0.91;1.31;0.5;0.1;0;19.79;1.01
30296;30;Saint-Roman-de-Codières;197;160;154;24;65;30;10;1;2;17;1;3;0;1;0;37;2;15.58;42.21;19.48;6.49;0.65;1.3;11.04;0.65;1.95;0;0.65;0;18.78;1.3
30297;30;Saint-Sauveur-Camprieu;316;266;259;71;43;59;51;4;8;18;2;2;0;1;0;50;3;27.41;16.6;22.78;19.69;1.54;3.09;6.95;0.77;0.77;0;0.39;0;15.82;1.16
30298;30;Saint-Sébastien-d'Aigrefeuille;435;365;356;80;123;66;56;5;1;13;6;3;2;1;0;70;2;22.47;34.55;18.54;15.73;1.4;0.28;3.65;1.69;0.84;0.56;0.28;0;16.09;0.56
30299;30;Saint-Siffret;885;738;724;150;147;175;170;33;6;28;4;6;2;3;0;147;4;20.72;20.3;24.17;23.48;4.56;0.83;3.87;0.55;0.83;0.28;0.41;0;16.61;0.55
30300;30;Saint-Théodorit;344;299;296;84;70;57;32;16;7;21;3;6;0;0;0;45;1;28.38;23.65;19.26;10.81;5.41;2.36;7.09;1.01;2.03;0;0;0;13.08;0.34
30301;30;Saint-Victor-des-Oules;216;203;202;68;40;43;31;9;2;4;0;4;0;1;0;13;0;33.66;19.8;21.29;15.35;4.46;0.99;1.98;0;1.98;0;0.5;0;6.02;0
30302;30;Saint-Victor-la-Coste;1540;1345;1311;336;303;266;212;65;30;63;15;10;8;3;0;195;9;25.63;23.11;20.29;16.17;4.96;2.29;4.81;1.14;0.76;0.61;0.23;0;12.66;0.69
30303;30;Saint-Victor-de-Malcap;664;561;547;193;131;82;63;25;10;22;5;10;4;2;0;103;3;35.28;23.95;14.99;11.52;4.57;1.83;4.02;0.91;1.83;0.73;0.37;0;15.51;0.55
30304;30;Salazac;152;126;120;26;30;27;12;3;5;16;0;1;0;0;0;26;3;21.67;25;22.5;10;2.5;4.17;13.33;0;0.83;0;0;0;17.11;2.5
30305;30;Salindres;2639;2011;1962;734;441;333;196;66;25;91;25;30;16;5;0;628;15;37.41;22.48;16.97;9.99;3.36;1.27;4.64;1.27;1.53;0.82;0.25;0;23.8;0.76
30306;30;Salinelles;387;334;329;91;56;74;53;15;11;20;1;5;3;0;0;53;4;27.66;17.02;22.49;16.11;4.56;3.34;6.08;0.3;1.52;0.91;0;0;13.7;1.22
30307;30;Les Salles-du-Gardon;1798;1433;1396;402;538;172;117;37;30;56;14;19;8;3;0;365;11;28.8;38.54;12.32;8.38;2.65;2.15;4.01;1;1.36;0.57;0.21;0;20.3;0.79
30308;30;Sanilhac-Sagriès;731;556;535;123;111;126;81;31;10;30;5;11;6;1;0;175;6;22.99;20.75;23.55;15.14;5.79;1.87;5.61;0.93;2.06;1.12;0.19;0;23.94;1.12
30309;30;Sardan;230;192;184;48;42;33;33;7;4;8;3;5;1;0;0;38;0;26.09;22.83;17.93;17.93;3.8;2.17;4.35;1.63;2.72;0.54;0;0;16.52;0
30310;30;Saumane;218;187;179;45;67;31;16;2;7;9;0;1;1;0;0;31;1;25.14;37.43;17.32;8.94;1.12;3.91;5.03;0;0.56;0.56;0;0;14.22;0.56
30311;30;Sauve;1394;1140;1105;316;321;174;132;38;16;76;6;18;7;1;0;254;6;28.6;29.05;15.75;11.95;3.44;1.45;6.88;0.54;1.63;0.63;0.09;0;18.22;0.54
30312;30;Sauveterre;1664;1374;1344;357;283;272;272;57;11;62;7;12;8;3;0;290;10;26.56;21.06;20.24;20.24;4.24;0.82;4.61;0.52;0.89;0.6;0.22;0;17.43;0.74
30313;30;Sauzet;597;507;493;192;82;83;66;25;6;27;0;6;5;1;0;90;4;38.95;16.63;16.84;13.39;5.07;1.22;5.48;0;1.22;1.01;0.2;0;15.08;0.81
30314;30;Savignargues;178;149;144;41;45;26;14;4;3;6;2;2;1;0;0;29;1;28.47;31.25;18.06;9.72;2.78;2.08;4.17;1.39;1.39;0.69;0;0;16.29;0.69
30315;30;Saze;1535;1323;1294;431;225;250;227;72;14;56;8;7;4;0;0;212;7;33.31;17.39;19.32;17.54;5.56;1.08;4.33;0.62;0.54;0.31;0;0;13.81;0.54
30316;30;Sénéchas;234;213;205;51;60;39;23;6;10;12;1;2;0;1;0;21;3;24.88;29.27;19.02;11.22;2.93;4.88;5.85;0.49;0.98;0;0.49;0;8.97;1.46
30317;30;Sernhac;1167;985;959;390;167;150;121;45;13;45;12;9;5;2;0;182;7;40.67;17.41;15.64;12.62;4.69;1.36;4.69;1.25;0.94;0.52;0.21;0;15.6;0.73
30318;30;Servas;145;119;117;42;15;22;22;6;4;4;0;2;0;0;0;26;1;35.9;12.82;18.8;18.8;5.13;3.42;3.42;0;1.71;0;0;0;17.93;0.85
30319;30;Serviers-et-Labaume;422;363;360;101;76;62;68;23;6;19;2;3;0;0;0;59;0;28.06;21.11;17.22;18.89;6.39;1.67;5.28;0.56;0.83;0;0;0;13.98;0
30320;30;Seynes;140;118;110;30;27;18;19;5;2;6;1;2;0;0;0;22;0;27.27;24.55;16.36;17.27;4.55;1.82;5.45;0.91;1.82;0;0;0;15.71;0
30321;30;Sommières;3239;2432;2381;599;653;463;362;77;46;133;17;16;12;3;0;807;19;25.16;27.43;19.45;15.2;3.23;1.93;5.59;0.71;0.67;0.5;0.13;0;24.92;0.8
30322;30;Soudorgues;246;215;214;24;92;39;13;5;10;16;7;5;1;2;0;31;1;11.21;42.99;18.22;6.07;2.34;4.67;7.48;3.27;2.34;0.47;0.93;0;12.6;0.47
30323;30;Soustelle;126;104;104;34;29;19;12;1;0;6;1;2;0;0;0;22;0;32.69;27.88;18.27;11.54;0.96;0;5.77;0.96;1.92;0;0;0;17.46;0
30324;30;Souvignargues;672;594;576;139;132;117;103;30;6;36;6;3;3;1;0;78;3;24.13;22.92;20.31;17.88;5.21;1.04;6.25;1.04;0.52;0.52;0.17;0;11.61;0.52
30325;30;Sumène;1345;1125;1101;204;342;230;157;24;35;72;7;21;8;1;0;220;8;18.53;31.06;20.89;14.26;2.18;3.18;6.54;0.64;1.91;0.73;0.09;0;16.36;0.73
30326;30;Tavel;1492;1259;1233;344;263;247;226;48;16;61;12;9;5;2;0;233;3;27.9;21.33;20.03;18.33;3.89;1.3;4.95;0.97;0.73;0.41;0.16;0;15.62;0.24
30327;30;Tharaux;68;56;53;4;20;15;3;3;1;4;0;0;2;1;0;12;0;7.55;37.74;28.3;5.66;5.66;1.89;7.55;0;0;3.77;1.89;0;17.65;0
30328;30;Théziers;862;703;690;286;159;93;76;18;4;35;9;8;1;1;0;159;3;41.45;23.04;13.48;11.01;2.61;0.58;5.07;1.3;1.16;0.14;0.14;0;18.45;0.43
30329;30;Thoiras;371;319;312;48;109;39;62;13;7;17;6;8;3;0;0;52;1;15.38;34.94;12.5;19.87;4.17;2.24;5.45;1.92;2.56;0.96;0;0;14.02;0.32
30330;30;Tornac;716;605;594;162;135;89;146;11;9;26;11;2;2;1;0;111;4;27.27;22.73;14.98;24.58;1.85;1.52;4.38;1.85;0.34;0.34;0.17;0;15.5;0.67
30331;30;Tresques;1641;1342;1315;388;239;256;233;76;21;81;10;5;3;3;0;299;8;29.51;18.17;19.47;17.72;5.78;1.6;6.16;0.76;0.38;0.23;0.23;0;18.22;0.61
30332;30;Trèves;108;97;93;20;20;22;17;4;4;1;0;3;1;1;0;11;2;21.51;21.51;23.66;18.28;4.3;4.3;1.08;0;3.23;1.08;1.08;0;10.19;2.15
30333;30;Uchaud;3075;2500;2452;978;396;369;386;127;17;94;29;39;11;6;0;575;17;39.89;16.15;15.05;15.74;5.18;0.69;3.83;1.18;1.59;0.45;0.24;0;18.7;0.69
30334;30;Uzès;6615;4903;4800;823;1050;1126;1130;192;62;289;55;46;21;6;0;1712;27;17.15;21.88;23.46;23.54;4;1.29;6.02;1.15;0.96;0.44;0.13;0;25.88;0.56
30335;30;Vabres;96;85;82;16;29;16;7;2;0;6;5;0;1;0;0;11;2;19.51;35.37;19.51;8.54;2.44;0;7.32;6.1;0;1.22;0;0;11.46;2.44
30336;30;Vallabrègues;1010;858;826;340;143;125;132;29;15;30;6;3;3;0;0;152;10;41.16;17.31;15.13;15.98;3.51;1.82;3.63;0.73;0.36;0.36;0;0;15.05;1.21
30337;30;Vallabrix;298;269;260;65;76;54;37;5;7;10;3;1;1;1;0;29;1;25;29.23;20.77;14.23;1.92;2.69;3.85;1.15;0.38;0.38;0.38;0;9.73;0.38
30338;30;Vallérargues;117;104;101;17;31;29;11;6;0;4;2;1;0;0;0;13;0;16.83;30.69;28.71;10.89;5.94;0;3.96;1.98;0.99;0;0;0;11.11;0
30339;30;Valleraugue;960;777;752;124;168;191;119;33;29;67;5;8;5;3;0;183;9;16.49;22.34;25.4;15.82;4.39;3.86;8.91;0.66;1.06;0.66;0.4;0;19.06;1.2
30340;30;Valliguières;462;383;374;100;81;65;44;25;11;20;14;9;5;0;0;79;5;26.74;21.66;17.38;11.76;6.68;2.94;5.35;3.74;2.41;1.34;0;0;17.1;1.34
30341;30;Vauvert;8708;7069;6875;2545;1509;1080;925;261;96;297;59;62;28;13;0;1639;77;37.02;21.95;15.71;13.45;3.8;1.4;4.32;0.86;0.9;0.41;0.19;0;18.82;1.12
30342;30;Vénéjan;1017;912;891;289;167;157;136;57;13;46;10;14;1;1;0;105;5;32.44;18.74;17.62;15.26;6.4;1.46;5.16;1.12;1.57;0.11;0.11;0;10.32;0.56
30343;30;Verfeuil;477;395;385;126;78;73;36;20;12;25;5;6;3;1;0;82;4;32.73;20.26;18.96;9.35;5.19;3.12;6.49;1.3;1.56;0.78;0.26;0;17.19;1.04
30344;30;Vergèze;3936;3226;3145;962;753;543;465;154;32;157;32;22;20;5;0;710;12;30.59;23.94;17.27;14.79;4.9;1.02;4.99;1.02;0.7;0.64;0.16;0;18.04;0.38
30345;30;La Vernarède;313;235;233;61;116;19;11;5;1;12;0;5;3;0;0;78;2;26.18;49.79;8.15;4.72;2.15;0.43;5.15;0;2.15;1.29;0;0;24.92;0.86
30346;30;Vers-Pont-du-Gard;1386;1223;1193;357;262;202;193;49;20;74;13;10;7;6;0;163;9;29.92;21.96;16.93;16.18;4.11;1.68;6.2;1.09;0.84;0.59;0.5;0;11.76;0.75
30347;30;Vestric-et-Candiac;1069;852;843;402;135;123;85;35;7;39;2;13;0;2;0;217;2;47.69;16.01;14.59;10.08;4.15;0.83;4.63;0.24;1.54;0;0.24;0;20.3;0.24
30348;30;Vézénobres;1351;1133;1104;290;234;210;225;45;16;58;11;9;5;1;0;218;11;26.27;21.2;19.02;20.38;4.08;1.45;5.25;1;0.82;0.45;0.09;0;16.14;1
30349;30;Vic-le-Fesq;365;326;319;85;80;56;38;23;6;21;1;4;4;1;0;39;2;26.65;25.08;17.55;11.91;7.21;1.88;6.58;0.31;1.25;1.25;0.31;0;10.68;0.63
30350;30;Le Vigan;3115;2354;2292;409;782;450;291;71;50;161;29;26;19;4;0;761;19;17.84;34.12;19.63;12.7;3.1;2.18;7.02;1.27;1.13;0.83;0.17;0;24.43;0.83
30351;30;Villeneuve-lès-Avignon;10452;8437;8293;1423;1216;2141;2527;283;91;415;79;68;38;12;0;2015;33;17.16;14.66;25.82;30.47;3.41;1.1;5;0.95;0.82;0.46;0.14;0;19.28;0.4
30352;30;Villevieille;1384;1189;1159;281;197;281;241;62;14;61;9;8;4;1;0;195;11;24.25;17;24.25;20.79;5.35;1.21;5.26;0.78;0.69;0.35;0.09;0;14.09;0.95
30353;30;Vissec;70;66;63;15;12;10;4;8;2;12;0;0;0;0;0;4;0;23.81;19.05;15.87;6.35;12.7;3.17;19.05;0;0;0;0;0;5.71;0
30354;30;Montagnac;151;142;139;41;33;22;31;2;4;6;0;0;0;0;0;9;0;29.5;23.74;15.83;22.3;1.44;2.88;4.32;0;0;0;0;0;5.96;0
30355;30;Saint-Paul-les-Fonts;758;631;607;245;70;116;99;34;5;25;2;8;0;3;0;127;20;40.36;11.53;19.11;16.31;5.6;0.82;4.12;0.33;1.32;0;0.49;0;16.75;3.29
30356;30;Rodilhan;2225;1846;1803;610;319;341;312;87;17;76;11;12;15;3;0;379;7;33.83;17.69;18.91;17.3;4.83;0.94;4.22;0.61;0.67;0.83;0.17;0;17.03;0.39