insee;dep;nom;nb_inscrits;nb_votants;nb_exprimes;nb_voix1;nb_voix2;nb_voix3;nb_voix4;nb_voix5;nb_voix6;nb_voix7;nb_voix8;nb_voix9;nb_voix10;nb_voix11;nb_voix12;nb_voix13;nb_voix14;voix_1;voix_2;voix_3;voix_4;voix_5;voix_6;voix_7;voix_8;voix_9;voix_10;voix_11;voix_12;voix_13;voix_14
31001;31;Agassac;90;76;74;10;27;15;11;4;1;3;0;3;0;0;0;14;0;13.51;36.49;20.27;14.86;5.41;1.35;4.05;0;4.05;0;0;0;15.56;0
31002;31;Aignes;206;180;178;44;33;31;39;8;2;15;0;4;2;0;0;26;0;24.72;18.54;17.42;21.91;4.49;1.12;8.43;0;2.25;1.12;0;0;12.62;0
31003;31;Aigrefeuille;989;890;872;90;161;317;183;25;16;57;5;12;2;4;0;99;2;10.32;18.46;36.35;20.99;2.87;1.83;6.54;0.57;1.38;0.23;0.46;0;10.01;0.23
31004;31;Ayguesvives;2058;1831;1801;271;469;492;236;71;26;200;6;21;7;2;0;227;7;15.05;26.04;27.32;13.1;3.94;1.44;11.1;0.33;1.17;0.39;0.11;0;11.03;0.39
31005;31;Alan;251;201;196;47;40;38;24;11;8;26;1;1;0;0;0;50;1;23.98;20.41;19.39;12.24;5.61;4.08;13.27;0.51;0.51;0;0;0;19.92;0.51
31006;31;Albiac;170;155;148;28;28;48;17;9;6;12;0;0;0;0;0;15;6;18.92;18.92;32.43;11.49;6.08;4.05;8.11;0;0;0;0;0;8.82;4.05
31007;31;Ambax;63;58;58;20;8;7;15;1;3;3;0;0;1;0;0;5;0;34.48;13.79;12.07;25.86;1.72;5.17;5.17;0;0;1.72;0;0;7.94;0
31008;31;Anan;203;180;173;40;34;36;26;10;5;21;0;0;1;0;0;23;2;23.12;19.65;20.81;15.03;5.78;2.89;12.14;0;0;0.58;0;0;11.33;1.16
31009;31;Antichan-de-Frontignes;81;70;69;14;7;21;16;2;4;3;0;2;0;0;0;11;0;20.29;10.14;30.43;23.19;2.9;5.8;4.35;0;2.9;0;0;0;13.58;0
31010;31;Antignac;93;81;79;9;9;14;15;8;14;7;2;0;1;0;0;12;0;11.39;11.39;17.72;18.99;10.13;17.72;8.86;2.53;0;1.27;0;0;12.9;0
31011;31;Arbas;244;211;207;27;70;45;22;3;13;17;1;7;1;1;0;33;1;13.04;33.82;21.74;10.63;1.45;6.28;8.21;0.48;3.38;0.48;0.48;0;13.52;0.48
31012;31;Arbon;89;82;79;8;19;17;9;4;12;10;0;0;0;0;0;7;2;10.13;24.05;21.52;11.39;5.06;15.19;12.66;0;0;0;0;0;7.87;2.53
31013;31;Ardiège;289;251;242;44;45;72;49;12;1;11;5;2;1;0;0;38;0;18.18;18.6;29.75;20.25;4.96;0.41;4.55;2.07;0.83;0.41;0;0;13.15;0
31014;31;Arguenos;84;71;71;15;7;23;17;0;5;4;0;0;0;0;0;13;0;21.13;9.86;32.39;23.94;0;7.04;5.63;0;0;0;0;0;15.48;0
31015;31;Argut-Dessous;38;27;27;7;8;8;0;0;1;2;0;1;0;0;0;11;0;25.93;29.63;29.63;0;0;3.7;7.41;0;3.7;0;0;0;28.95;0
31017;31;Arlos;83;68;66;18;17;13;2;3;6;3;0;4;0;0;0;15;2;27.27;25.76;19.7;3.03;4.55;9.09;4.55;0;6.06;0;0;0;18.07;3.03
31018;31;Arnaud-Guilhem;212;164;162;38;46;27;12;4;10;20;3;2;0;0;0;48;0;23.46;28.4;16.67;7.41;2.47;6.17;12.35;1.85;1.23;0;0;0;22.64;0
31019;31;Artigue;39;30;28;6;1;8;7;0;2;4;0;0;0;0;0;9;2;21.43;3.57;28.57;25;0;7.14;14.29;0;0;0;0;0;23.08;7.14
31020;31;Aspet;843;637;627;116;158;160;62;8;64;45;4;4;5;1;0;206;2;18.5;25.2;25.52;9.89;1.28;10.21;7.18;0.64;0.64;0.8;0.16;0;24.44;0.32
31021;31;Aspret-Sarrat;125;105;103;22;22;25;19;1;7;7;0;0;0;0;0;20;1;21.36;21.36;24.27;18.45;0.97;6.8;6.8;0;0;0;0;0;16;0.97
31022;31;Aucamville;5898;4651;4517;956;1095;1115;626;208;87;334;33;40;16;7;0;1247;42;21.16;24.24;24.68;13.86;4.6;1.93;7.39;0.73;0.89;0.35;0.15;0;21.14;0.93
31023;31;Aulon;288;205;199;48;44;51;20;3;5;23;2;2;0;1;0;83;5;24.12;22.11;25.63;10.05;1.51;2.51;11.56;1.01;1.01;0;0.5;0;28.82;2.51
31024;31;Auragne;326;289;278;36;69;55;58;9;9;33;6;1;2;0;0;37;10;12.95;24.82;19.78;20.86;3.24;3.24;11.87;2.16;0.36;0.72;0;0;11.35;3.6
31025;31;Aureville;668;612;602;58;113;183;159;32;9;43;2;1;2;0;0;56;3;9.63;18.77;30.4;26.41;5.32;1.5;7.14;0.33;0.17;0.33;0;0;8.38;0.5
31026;31;Auriac-sur-Vendinelle;853;755;736;165;169;154;108;38;16;52;14;11;8;1;0;98;5;22.42;22.96;20.92;14.67;5.16;2.17;7.07;1.9;1.49;1.09;0.14;0;11.49;0.68
31027;31;Auribail;178;144;140;45;24;18;33;8;4;6;0;2;0;0;0;34;2;32.14;17.14;12.86;23.57;5.71;2.86;4.29;0;1.43;0;0;0;19.1;1.43
31028;31;Aurignac;796;646;620;106;117;156;111;21;22;67;7;10;3;0;0;150;6;17.1;18.87;25.16;17.9;3.39;3.55;10.81;1.13;1.61;0.48;0;0;18.84;0.97
31029;31;Aurin;250;218;213;59;44;32;56;7;2;7;3;1;1;1;0;32;2;27.7;20.66;15.02;26.29;3.29;0.94;3.29;1.41;0.47;0.47;0.47;0;12.8;0.94
31030;31;Ausseing;59;53;50;13;20;7;4;0;2;3;0;0;1;0;0;6;0;26;40;14;8;0;4;6;0;0;2;0;0;10.17;0
31031;31;Ausson;442;371;359;96;65;109;38;8;20;15;1;5;2;0;0;71;9;26.74;18.11;30.36;10.58;2.23;5.57;4.18;0.28;1.39;0.56;0;0;16.06;2.51
31032;31;Aussonne;5020;4150;4053;798;855;1081;657;195;70;309;28;34;20;6;0;870;41;19.69;21.1;26.67;16.21;4.81;1.73;7.62;0.69;0.84;0.49;0.15;0;17.33;1.01
31033;31;Auterive;6908;5510;5364;1466;1198;1099;756;242;120;348;43;54;30;8;0;1398;49;27.33;22.33;20.49;14.09;4.51;2.24;6.49;0.8;1.01;0.56;0.15;0;20.24;0.91
31034;31;Auzas;176;152;145;21;53;29;13;6;4;16;0;3;0;0;0;24;0;14.48;36.55;20;8.97;4.14;2.76;11.03;0;2.07;0;0;0;13.64;0
31035;31;Auzeville-Tolosane;2336;2086;2057;144;442;742;420;60;15;212;9;8;2;3;0;250;16;7;21.49;36.07;20.42;2.92;0.73;10.31;0.44;0.39;0.1;0.15;0;10.7;0.78
31036;31;Auzielle;1140;1046;1023;116;186;368;190;35;9;104;6;5;1;3;0;94;1;11.34;18.18;35.97;18.57;3.42;0.88;10.17;0.59;0.49;0.1;0.29;0;8.25;0.1
31037;31;Avignonet-Lauragais;1072;938;913;174;209;247;118;35;37;69;10;8;3;3;0;134;7;19.06;22.89;27.05;12.92;3.83;4.05;7.56;1.1;0.88;0.33;0.33;0;12.5;0.77
31038;31;Azas;477;440;434;77;87;113;83;29;6;25;4;5;4;1;0;37;3;17.74;20.05;26.04;19.12;6.68;1.38;5.76;0.92;1.15;0.92;0.23;0;7.76;0.69
31039;31;Bachas;57;49;47;9;19;4;4;1;2;7;0;0;1;0;0;8;1;19.15;40.43;8.51;8.51;2.13;4.26;14.89;0;0;2.13;0;0;14.04;2.13
31040;31;Bachos;44;34;32;7;10;6;3;0;0;3;2;1;0;0;0;10;2;21.88;31.25;18.75;9.38;0;0;9.38;6.25;3.13;0;0;0;22.73;6.25
31041;31;Bagiry;104;79;75;26;12;15;7;1;7;4;1;1;0;1;0;25;0;34.67;16;20;9.33;1.33;9.33;5.33;1.33;1.33;0;1.33;0;24.04;0
31042;31;Bagnères-de-Luchon;2332;1760;1717;243;307;377;451;76;58;169;13;15;5;3;0;572;15;14.15;17.88;21.96;26.27;4.43;3.38;9.84;0.76;0.87;0.29;0.17;0;24.53;0.87
31043;31;Balesta;148;113;110;19;25;22;27;3;12;1;0;1;0;0;0;35;1;17.27;22.73;20;24.55;2.73;10.91;0.91;0;0.91;0;0;0;23.65;0.91
31044;31;Balma;11247;9947;9740;1009;1513;3197;2639;340;137;713;84;58;34;16;0;1300;47;10.36;15.53;32.82;27.09;3.49;1.41;7.32;0.86;0.6;0.35;0.16;0;11.56;0.48
31045;31;Barbazan;307;249;246;47;65;53;31;15;6;21;0;6;1;1;0;58;0;19.11;26.42;21.54;12.6;6.1;2.44;8.54;0;2.44;0.41;0.41;0;18.89;0
31046;31;Baren;13;11;11;0;1;6;1;0;0;3;0;0;0;0;0;2;0;0;9.09;54.55;9.09;0;0;27.27;0;0;0;0;0;15.38;0
31047;31;Bax;88;71;67;7;33;10;2;3;4;7;0;1;0;0;0;17;1;10.45;49.25;14.93;2.99;4.48;5.97;10.45;0;1.49;0;0;0;19.32;1.49
31048;31;Baziège;2450;2150;2104;399;497;596;233;106;42;183;7;32;5;4;0;300;31;18.96;23.62;28.33;11.07;5.04;2;8.7;0.33;1.52;0.24;0.19;0;12.24;1.47
31049;31;Bazus;478;422;415;82;86;97;82;21;10;27;1;3;6;0;0;56;2;19.76;20.72;23.37;19.76;5.06;2.41;6.51;0.24;0.72;1.45;0;0;11.72;0.48
31050;31;Beauchalot;390;329;320;84;77;64;36;11;14;25;0;1;8;0;0;61;8;26.25;24.06;20;11.25;3.44;4.38;7.81;0;0.31;2.5;0;0;15.64;2.5
31051;31;Beaufort;298;258;250;68;55;61;22;8;8;22;3;3;0;0;0;40;1;27.2;22;24.4;8.8;3.2;3.2;8.8;1.2;1.2;0;0;0;13.42;0.4
31052;31;Beaumont-sur-Lèze;1229;1077;1059;265;227;242;154;55;25;62;8;16;2;3;0;152;5;25.02;21.44;22.85;14.54;5.19;2.36;5.85;0.76;1.51;0.19;0.28;0;12.37;0.47
31053;31;Beaupuy;922;845;825;132;154;256;177;33;7;51;3;9;3;0;0;77;9;16;18.67;31.03;21.45;4;0.85;6.18;0.36;1.09;0.36;0;0;8.35;1.09
31054;31;Beauteville;143;129;126;23;28;32;25;5;6;2;3;1;1;0;0;14;0;18.25;22.22;25.4;19.84;3.97;4.76;1.59;2.38;0.79;0.79;0;0;9.79;0
31055;31;Beauville;121;109;105;18;20;34;10;6;4;12;0;0;0;1;0;12;2;17.14;19.05;32.38;9.52;5.71;3.81;11.43;0;0;0;0.95;0;9.92;1.9
31056;31;Beauzelle;4499;3824;3726;631;824;1075;555;142;83;317;36;38;18;7;0;675;80;16.94;22.11;28.85;14.9;3.81;2.23;8.51;0.97;1.02;0.48;0.19;0;15;2.15
31057;31;Belberaud;1141;1037;1015;159;201;319;174;52;27;67;11;4;1;0;0;104;7;15.67;19.8;31.43;17.14;5.12;2.66;6.6;1.08;0.39;0.1;0;0;9.11;0.69
31058;31;Belbèze-de-Lauragais;89;79;77;14;14;21;15;2;3;5;0;2;1;0;0;10;1;18.18;18.18;27.27;19.48;2.6;3.9;6.49;0;2.6;1.3;0;0;11.24;1.3
31059;31;Belbèze-en-Comminges;102;84;82;9;22;17;17;3;4;9;0;0;0;1;0;18;2;10.98;26.83;20.73;20.73;3.66;4.88;10.98;0;0;0;1.22;0;17.65;2.44
31060;31;Bélesta-en-Lauragais;100;80;77;15;21;16;8;4;7;5;0;1;0;0;0;20;3;19.48;27.27;20.78;10.39;5.19;9.09;6.49;0;1.3;0;0;0;20;3.9
31061;31;Bellegarde-Sainte-Marie;162;140;138;24;26;31;28;5;9;12;0;2;1;0;0;22;0;17.39;18.84;22.46;20.29;3.62;6.52;8.7;0;1.45;0.72;0;0;13.58;0
31062;31;Bellesserre;81;70;67;16;21;11;10;0;2;3;2;1;1;0;0;11;1;23.88;31.34;16.42;14.93;0;2.99;4.48;2.99;1.49;1.49;0;0;13.58;1.49
31063;31;Benque;129;103;97;28;18;11;18;6;7;6;0;3;0;0;0;26;2;28.87;18.56;11.34;18.56;6.19;7.22;6.19;0;3.09;0;0;0;20.16;2.06
31064;31;Benque-Dessous-et-Dessus;39;32;32;1;6;14;4;0;2;2;0;2;0;1;0;7;0;3.13;18.75;43.75;12.5;0;6.25;6.25;0;6.25;0;3.13;0;17.95;0
31065;31;Bérat;2047;1750;1704;460;408;340;206;82;33;123;15;29;6;2;0;297;18;27;23.94;19.95;12.09;4.81;1.94;7.22;0.88;1.7;0.35;0.12;0;14.51;1.06
31066;31;Bessières;2665;2207;2161;511;424;502;359;109;47;147;15;29;14;4;0;458;16;23.65;19.62;23.23;16.61;5.04;2.17;6.8;0.69;1.34;0.65;0.19;0;17.19;0.74
31067;31;Bezins-Garraux;51;43;43;2;11;10;5;5;5;1;1;0;3;0;0;8;0;4.65;25.58;23.26;11.63;11.63;11.63;2.33;2.33;0;6.98;0;0;15.69;0
31068;31;Billière;36;28;28;3;2;6;10;0;5;2;0;0;0;0;0;8;0;10.71;7.14;21.43;35.71;0;17.86;7.14;0;0;0;0;0;22.22;0
31069;31;Blagnac;16022;13265;12955;1685;3145;3959;2047;438;228;1118;136;129;41;29;0;2757;94;13.01;24.28;30.56;15.8;3.38;1.76;8.63;1.05;1;0.32;0.22;0;17.21;0.73
31070;31;Blajan;316;268;264;65;39;60;43;14;21;15;1;3;1;2;0;48;3;24.62;14.77;22.73;16.29;5.3;7.95;5.68;0.38;1.14;0.38;0.76;0;15.19;1.14
31071;31;Bois-de-la-Pierre;266;227;221;76;53;36;20;13;5;13;2;1;2;0;0;39;0;34.39;23.98;16.29;9.05;5.88;2.26;5.88;0.9;0.45;0.9;0;0;14.66;0
31072;31;Boissède;67;56;54;5;5;20;16;5;0;3;0;0;0;0;0;11;1;9.26;9.26;37.04;29.63;9.26;0;5.56;0;0;0;0;0;16.42;1.85
31073;31;Bondigoux;384;343;338;86;75;91;32;23;7;15;5;3;0;1;0;41;1;25.44;22.19;26.92;9.47;6.8;2.07;4.44;1.48;0.89;0;0.3;0;10.68;0.3
31074;31;Bonrepos-Riquet;254;232;228;44;59;44;56;8;3;11;2;0;1;0;0;22;2;19.3;25.88;19.3;24.56;3.51;1.32;4.82;0.88;0;0.44;0;0;8.66;0.88
31075;31;Bonrepos-sur-Aussonnelle;850;752;744;152;175;189;105;35;16;45;13;8;5;1;0;98;5;20.43;23.52;25.4;14.11;4.7;2.15;6.05;1.75;1.08;0.67;0.13;0;11.53;0.67
31076;31;Bordes-de-Rivière;387;314;309;95;70;39;43;11;15;27;1;4;3;1;0;73;1;30.74;22.65;12.62;13.92;3.56;4.85;8.74;0.32;1.29;0.97;0.32;0;18.86;0.32
31077;31;Le Born;396;343;338;106;45;69;70;15;12;13;2;5;0;1;0;53;3;31.36;13.31;20.41;20.71;4.44;3.55;3.85;0.59;1.48;0;0.3;0;13.38;0.89
31078;31;Boudrac;118;103;102;16;25;17;20;2;5;11;5;0;0;1;0;15;0;15.69;24.51;16.67;19.61;1.96;4.9;10.78;4.9;0;0;0.98;0;12.71;0
31079;31;Bouloc;3459;2966;2881;590;568;751;480;160;56;200;27;28;18;3;0;493;21;20.48;19.72;26.07;16.66;5.55;1.94;6.94;0.94;0.97;0.62;0.1;0;14.25;0.73
31080;31;Boulogne-sur-Gesse;1022;845;819;179;113;184;184;30;51;57;6;8;6;1;0;177;12;21.86;13.8;22.47;22.47;3.66;6.23;6.96;0.73;0.98;0.73;0.12;0;17.32;1.47
31081;31;Bourg-d'Oueil;23;20;20;3;4;6;6;0;1;0;0;0;0;0;0;3;0;15;20;30;30;0;5;0;0;0;0;0;0;13.04;0
31082;31;Bourg-Saint-Bernard;744;672;662;146;126;151;124;27;17;54;5;8;3;1;0;72;0;22.05;19.03;22.81;18.73;4.08;2.57;8.16;0.76;1.21;0.45;0.15;0;9.68;0
31083;31;Boussan;209;185;183;38;55;35;12;9;4;27;0;2;1;0;0;24;0;20.77;30.05;19.13;6.56;4.92;2.19;14.75;0;1.09;0.55;0;0;11.48;0
31084;31;Boussens;832;688;675;184;152;150;61;27;24;47;4;21;5;0;0;144;3;27.26;22.52;22.22;9.04;4;3.56;6.96;0.59;3.11;0.74;0;0;17.31;0.44
31085;31;Boutx;312;256;251;44;84;44;29;11;18;18;2;1;0;0;0;56;0;17.53;33.47;17.53;11.55;4.38;7.17;7.17;0.8;0.4;0;0;0;17.95;0
31086;31;Bouzin;84;76;75;11;22;10;10;3;1;18;0;0;0;0;0;8;1;14.67;29.33;13.33;13.33;4;1.33;24;0;0;0;0;0;9.52;1.33
31087;31;Bragayrac;242;199;195;47;69;33;16;7;6;15;0;1;1;0;0;43;0;24.1;35.38;16.92;8.21;3.59;3.08;7.69;0;0.51;0.51;0;0;17.77;0
31088;31;Brax;2179;1933;1887;241;402;615;284;59;33;214;19;10;4;6;0;246;11;12.77;21.3;32.59;15.05;3.13;1.75;11.34;1.01;0.53;0.21;0.32;0;11.29;0.58
31089;31;Bretx;429;360;355;86;44;90;71;31;8;19;4;2;0;0;0;69;0;24.23;12.39;25.35;20;8.73;2.25;5.35;1.13;0.56;0;0;0;16.08;0
31090;31;Brignemont;302;257;252;78;52;51;28;15;9;12;1;4;1;1;0;45;1;30.95;20.63;20.24;11.11;5.95;3.57;4.76;0.4;1.59;0.4;0.4;0;14.9;0.4
31091;31;Bruguières;4076;3538;3445;659;711;945;620;158;54;203;51;32;5;7;0;538;26;19.13;20.64;27.43;18;4.59;1.57;5.89;1.48;0.93;0.15;0.2;0;13.2;0.75
31092;31;Burgalays;128;109;108;23;25;15;23;10;9;2;1;0;0;0;0;19;0;21.3;23.15;13.89;21.3;9.26;8.33;1.85;0.93;0;0;0;0;14.84;0
31093;31;Le Burgaud;615;532;519;131;137;100;54;38;11;31;3;10;3;1;0;83;4;25.24;26.4;19.27;10.4;7.32;2.12;5.97;0.58;1.93;0.58;0.19;0;13.5;0.77
31094;31;Buzet-sur-Tarn;1952;1623;1606;384;306;394;243;85;32;106;13;26;14;3;0;329;2;23.91;19.05;24.53;15.13;5.29;1.99;6.6;0.81;1.62;0.87;0.19;0;16.85;0.12
31095;31;Cabanac-Cazaux;107;82;80;13;23;14;8;1;7;11;0;1;2;0;0;25;2;16.25;28.75;17.5;10;1.25;8.75;13.75;0;1.25;2.5;0;0;23.36;2.5
31096;31;Cabanac-Séguenville;149;134;129;42;12;25;16;18;6;7;2;1;0;0;0;15;0;32.56;9.3;19.38;12.4;13.95;4.65;5.43;1.55;0.78;0;0;0;10.07;0
31097;31;Le Cabanial;263;234;231;45;85;38;20;16;9;11;1;5;1;0;0;29;1;19.48;36.8;16.45;8.66;6.93;3.9;4.76;0.43;2.16;0.43;0;0;11.03;0.43
31098;31;Cadours;742;620;599;167;126;145;79;21;14;27;7;10;1;2;0;122;19;27.88;21.04;24.21;13.19;3.51;2.34;4.51;1.17;1.67;0.17;0.33;0;16.44;3.17
31099;31;Caignac;256;225;220;35;50;60;38;5;5;14;12;1;0;0;0;31;0;15.91;22.73;27.27;17.27;2.27;2.27;6.36;5.45;0.45;0;0;0;12.11;0
31100;31;Calmont;1605;1350;1327;322;308;245;207;63;27;109;9;23;10;4;0;255;5;24.27;23.21;18.46;15.6;4.75;2.03;8.21;0.68;1.73;0.75;0.3;0;15.89;0.38
31101;31;Cambernard;373;329;324;95;68;79;22;24;11;19;0;4;2;0;0;44;1;29.32;20.99;24.38;6.79;7.41;3.4;5.86;0;1.23;0.62;0;0;11.8;0.31
31102;31;Cambiac;153;128;120;17;36;32;16;0;1;15;1;2;0;0;0;25;4;14.17;30;26.67;13.33;0;0.83;12.5;0.83;1.67;0;0;0;16.34;3.33
31103;31;Canens;51;45;44;7;16;10;4;3;2;1;0;0;0;1;0;6;0;15.91;36.36;22.73;9.09;6.82;4.55;2.27;0;0;0;2.27;0;11.76;0
31104;31;Capens;463;420;408;126;99;90;36;16;4;24;4;5;2;2;0;43;3;30.88;24.26;22.06;8.82;3.92;0.98;5.88;0.98;1.23;0.49;0.49;0;9.29;0.74
31105;31;Caragoudes;191;168;163;22;34;45;31;9;1;18;0;2;1;0;0;23;2;13.5;20.86;27.61;19.02;5.52;0.61;11.04;0;1.23;0.61;0;0;12.04;1.23
31106;31;Caraman;1888;1645;1597;380;349;361;234;75;44;105;14;17;8;10;0;243;46;23.79;21.85;22.6;14.65;4.7;2.76;6.57;0.88;1.06;0.5;0.63;0;12.87;2.88
31107;31;Carbonne;4343;3464;3381;790;868;662;482;149;76;263;32;30;26;3;0;879;22;23.37;25.67;19.58;14.26;4.41;2.25;7.78;0.95;0.89;0.77;0.09;0;20.24;0.65
31108;31;Cardeilhac;223;176;163;58;20;37;23;11;4;6;0;0;3;1;0;47;7;35.58;12.27;22.7;14.11;6.75;2.45;3.68;0;0;1.84;0.61;0;21.08;4.29
31109;31;Cassagnabère-Tournas;345;263;256;47;66;59;33;8;16;23;1;0;3;0;0;82;4;18.36;25.78;23.05;12.89;3.13;6.25;8.98;0.39;0;1.17;0;0;23.77;1.56
31110;31;Cassagne;560;464;454;107;104;119;41;13;29;30;5;4;2;0;0;96;2;23.57;22.91;26.21;9.03;2.86;6.39;6.61;1.1;0.88;0.44;0;0;17.14;0.44
31111;31;Castagnac;208;183;176;50;49;16;19;11;10;14;0;6;0;1;0;25;1;28.41;27.84;9.09;10.8;6.25;5.68;7.95;0;3.41;0;0.57;0;12.02;0.57
31112;31;Castagnède;153;122;114;39;26;18;15;5;5;1;0;3;1;1;0;31;4;34.21;22.81;15.79;13.16;4.39;4.39;0.88;0;2.63;0.88;0.88;0;20.26;3.51
31113;31;Castanet-Tolosan;9087;7740;7546;901;1777;2470;1098;238;112;795;62;61;20;12;0;1347;0;11.94;23.55;32.73;14.55;3.15;1.48;10.54;0.82;0.81;0.27;0.16;0;14.82;0
31114;31;Castelbiague;213;161;155;38;31;39;11;6;9;19;0;2;0;0;0;52;3;24.52;20;25.16;7.1;3.87;5.81;12.26;0;1.29;0;0;0;24.41;1.94
31115;31;Castelgaillard;52;45;45;15;4;10;8;2;3;2;0;1;0;0;0;7;0;33.33;8.89;22.22;17.78;4.44;6.67;4.44;0;2.22;0;0;0;13.46;0
31116;31;Castelginest;6923;6034;5875;1170;1262;1491;1058;290;103;347;48;68;31;7;0;889;45;19.91;21.48;25.38;18.01;4.94;1.75;5.91;0.82;1.16;0.53;0.12;0;12.84;0.77
31117;31;Castelmaurou;3255;2742;2685;452;540;759;532;113;39;199;23;13;11;4;0;513;9;16.83;20.11;28.27;19.81;4.21;1.45;7.41;0.86;0.48;0.41;0.15;0;15.76;0.34
31118;31;Castelnau-d'Estrétefonds;4061;3423;3342;799;697;814;537;179;45;194;15;40;14;8;0;638;18;23.91;20.86;24.36;16.07;5.36;1.35;5.8;0.45;1.2;0.42;0.24;0;15.71;0.54
31119;31;Castelnau-Picampeau;183;158;153;46;29;32;9;10;6;18;2;1;0;0;0;25;2;30.07;18.95;20.92;5.88;6.54;3.92;11.76;1.31;0.65;0;0;0;13.66;1.31
31120;31;Le Castéra;604;528;520;140;107;121;69;26;15;35;3;4;0;0;0;76;1;26.92;20.58;23.27;13.27;5;2.88;6.73;0.58;0.77;0;0;0;12.58;0.19
31121;31;Castéra-Vignoles;52;43;41;17;3;14;4;0;1;1;0;1;0;0;0;9;1;41.46;7.32;34.15;9.76;0;2.44;2.44;0;2.44;0;0;0;17.31;2.44
31122;31;Casties-Labrande;95;84;78;25;12;9;8;4;10;7;0;2;0;1;0;11;6;32.05;15.38;11.54;10.26;5.13;12.82;8.97;0;2.56;0;1.28;0;11.58;7.69
31123;31;Castillon-de-Larboust;65;57;55;7;4;20;5;8;4;7;0;0;0;0;0;8;0;12.73;7.27;36.36;9.09;14.55;7.27;12.73;0;0;0;0;0;12.31;0
31124;31;Castillon-de-Saint-Martory;294;253;246;67;64;56;18;5;10;20;2;2;2;0;0;41;2;27.24;26.02;22.76;7.32;2.03;4.07;8.13;0.81;0.81;0.81;0;0;13.95;0.81
31125;31;Cathervielle;40;35;34;2;10;9;2;0;3;7;1;0;0;0;0;5;0;5.88;29.41;26.47;5.88;0;8.82;20.59;2.94;0;0;0;0;12.5;0
31126;31;Caubiac;270;237;233;53;45;62;25;14;12;9;7;3;2;1;0;33;0;22.75;19.31;26.61;10.73;6.01;5.15;3.86;3;1.29;0.86;0.43;0;12.22;0
31127;31;Caubous;16;9;7;0;4;0;0;0;0;2;0;1;0;0;0;7;0;0;57.14;0;0;0;0;28.57;0;14.29;0;0;0;43.75;0
31128;31;Caujac;601;524;512;125;116;127;69;29;8;20;5;10;3;0;0;77;2;24.41;22.66;24.8;13.48;5.66;1.56;3.91;0.98;1.95;0.59;0;0;12.81;0.39
31129;31;Cazarilh-Laspènes;35;26;26;0;5;2;2;2;1;14;0;0;0;0;0;9;0;0;19.23;7.69;7.69;7.69;3.85;53.85;0;0;0;0;0;25.71;0
31130;31;Cazaril-Tambourès;75;62;59;7;13;13;6;4;7;8;0;1;0;0;0;13;1;11.86;22.03;22.03;10.17;6.78;11.86;13.56;0;1.69;0;0;0;17.33;1.69
31131;31;Cazaunous;71;57;57;11;21;10;10;0;2;0;0;2;1;0;0;14;0;19.3;36.84;17.54;17.54;0;3.51;0;0;3.51;1.75;0;0;19.72;0
31132;31;Cazaux-Layrisse;66;59;58;9;8;13;7;0;2;18;1;0;0;0;0;7;0;15.52;13.79;22.41;12.07;0;3.45;31.03;1.72;0;0;0;0;10.61;0
31133;31;Cazeaux-de-Larboust;73;68;68;5;8;16;13;6;11;7;0;1;1;0;0;5;0;7.35;11.76;23.53;19.12;8.82;16.18;10.29;0;1.47;1.47;0;0;6.85;0
31134;31;Cazeneuve-Montaut;65;52;51;3;22;7;5;4;1;7;0;2;0;0;0;13;0;5.88;43.14;13.73;9.8;7.84;1.96;13.73;0;3.92;0;0;0;20;0
31135;31;Cazères;3570;2752;2674;693;607;492;411;106;94;192;20;31;14;14;0;818;30;25.92;22.7;18.4;15.37;3.96;3.52;7.18;0.75;1.16;0.52;0.52;0;22.91;1.12
31136;31;Cépet;1058;928;908;212;227;216;115;46;11;62;5;9;3;2;0;130;8;23.35;25;23.79;12.67;5.07;1.21;6.83;0.55;0.99;0.33;0.22;0;12.29;0.88
31137;31;Cessales;134;114;111;30;16;26;26;4;0;7;0;1;0;1;0;20;0;27.03;14.41;23.42;23.42;3.6;0;6.31;0;0.9;0;0.9;0;14.93;0
31138;31;Charlas;183;160;153;34;22;37;26;3;8;18;2;3;0;0;0;23;6;22.22;14.38;24.18;16.99;1.96;5.23;11.76;1.31;1.96;0;0;0;12.57;3.92
31139;31;Chaum;159;127;126;36;18;29;14;4;10;10;1;1;3;0;0;32;0;28.57;14.29;23.02;11.11;3.17;7.94;7.94;0.79;0.79;2.38;0;0;20.13;0
31140;31;Chein-Dessus;185;150;148;35;23;29;24;3;14;18;0;2;0;0;0;35;1;23.65;15.54;19.59;16.22;2.03;9.46;12.16;0;1.35;0;0;0;18.92;0.68
31141;31;Ciadoux;194;152;147;40;41;29;13;8;5;9;1;1;0;0;0;42;0;27.21;27.89;19.73;8.84;5.44;3.4;6.12;0.68;0.68;0;0;0;21.65;0
31142;31;Cier-de-Luchon;207;167;167;30;36;43;28;6;12;8;3;0;1;0;0;40;0;17.96;21.56;25.75;16.77;3.59;7.19;4.79;1.8;0;0.6;0;0;19.32;0
31143;31;Cier-de-Rivière;248;186;179;45;43;37;27;8;8;11;0;0;0;0;0;62;4;25.14;24.02;20.67;15.08;4.47;4.47;6.15;0;0;0;0;0;25;2.23
31144;31;Cierp-Gaud;633;504;485;127;113;103;66;12;19;36;2;4;1;2;0;129;4;26.19;23.3;21.24;13.61;2.47;3.92;7.42;0.41;0.82;0.21;0.41;0;20.38;0.82
31145;31;Cintegabelle;2301;1936;1878;496;424;357;238;76;47;189;10;30;7;4;0;365;16;26.41;22.58;19.01;12.67;4.05;2.5;10.06;0.53;1.6;0.37;0.21;0;15.86;0.85
31146;31;Cirès;24;20;20;1;1;9;5;2;1;1;0;0;0;0;0;4;0;5;5;45;25;10;5;5;0;0;0;0;0;16.67;0
31147;31;Clarac;528;426;419;133;87;91;42;21;18;19;3;4;0;1;0;102;1;31.74;20.76;21.72;10.02;5.01;4.3;4.53;0.72;0.95;0;0.24;0;19.32;0.24
31148;31;Clermont-le-Fort;392;338;330;35;84;74;76;12;13;26;7;2;0;1;0;54;2;10.61;25.45;22.42;23.03;3.64;3.94;7.88;2.12;0.61;0;0.3;0;13.78;0.61
31149;31;Colomiers;23739;19740;19254;3226;4847;5473;2489;730;298;1701;162;193;106;29;0;3999;197;16.75;25.17;28.43;12.93;3.79;1.55;8.83;0.84;1;0.55;0.15;0;16.85;1.02
31150;31;Cornebarrieu;4416;3779;3703;701;721;1013;642;180;77;285;27;32;14;11;0;637;20;18.93;19.47;27.36;17.34;4.86;2.08;7.7;0.73;0.86;0.38;0.3;0;14.42;0.54
31151;31;Corronsac;633;592;567;45;139;176;105;12;11;72;1;5;1;0;0;41;4;7.94;24.51;31.04;18.52;2.12;1.94;12.7;0.18;0.88;0.18;0;0;6.48;0.71
31152;31;Coueilles;75;60;60;8;6;23;4;5;6;5;0;3;0;0;0;15;0;13.33;10;38.33;6.67;8.33;10;8.33;0;5;0;0;0;20;0
31153;31;Couladère;316;261;251;65;59;51;30;12;11;15;2;4;2;0;0;55;1;25.9;23.51;20.32;11.95;4.78;4.38;5.98;0.8;1.59;0.8;0;0;17.41;0.4
31155;31;Couret;171;143;138;24;24;41;16;9;6;13;0;3;1;1;0;28;0;17.39;17.39;29.71;11.59;6.52;4.35;9.42;0;2.17;0.72;0.72;0;16.37;0
31156;31;Cox;259;215;211;66;43;36;29;12;4;16;1;3;1;0;0;44;3;31.28;20.38;17.06;13.74;5.69;1.9;7.58;0.47;1.42;0.47;0;0;16.99;1.42
31157;31;Cugnaux;11748;9641;9439;1498;2147;2697;1552;397;142;798;65;89;41;13;0;2107;52;15.87;22.75;28.57;16.44;4.21;1.5;8.45;0.69;0.94;0.43;0.14;0;17.93;0.55
31158;31;Cuguron;196;136;134;32;31;25;19;7;6;11;1;2;0;0;0;60;1;23.88;23.13;18.66;14.18;5.22;4.48;8.21;0.75;1.49;0;0;0;30.61;0.75
31159;31;Le Cuing;310;251;250;88;43;43;34;10;10;18;1;3;0;0;0;59;0;35.2;17.2;17.2;13.6;4;4;7.2;0.4;1.2;0;0;0;19.03;0
31160;31;Daux;1599;1381;1347;279;272;324;232;70;28;99;19;13;7;4;0;218;7;20.71;20.19;24.05;17.22;5.2;2.08;7.35;1.41;0.97;0.52;0.3;0;13.63;0.52
31161;31;Deyme;860;769;754;110;154;249;104;43;16;67;2;9;0;0;0;91;4;14.59;20.42;33.02;13.79;5.7;2.12;8.89;0.27;1.19;0;0;0;10.58;0.53
31162;31;Donneville;821;727;714;115;150;234;86;21;19;64;4;13;6;2;0;94;6;16.11;21.01;32.77;12.04;2.94;2.66;8.96;0.56;1.82;0.84;0.28;0;11.45;0.84
31163;31;Drémil-Lafage;2207;1948;1903;294;399;514;383;85;25;170;13;12;7;1;0;259;7;15.45;20.97;27.01;20.13;4.47;1.31;8.93;0.68;0.63;0.37;0.05;0;11.74;0.37
31164;31;Drudas;168;153;144;46;37;28;19;5;0;7;1;1;0;0;0;15;1;31.94;25.69;19.44;13.19;3.47;0;4.86;0.69;0.69;0;0;0;8.93;0.69
31165;31;Eaunes;4246;3655;3577;947;703;838;494;211;72;219;24;37;26;6;0;591;19;26.47;19.65;23.43;13.81;5.9;2.01;6.12;0.67;1.03;0.73;0.17;0;13.92;0.53
31166;31;Empeaux;192;167;163;39;39;30;23;9;6;8;2;3;4;0;0;25;0;23.93;23.93;18.4;14.11;5.52;3.68;4.91;1.23;1.84;2.45;0;0;13.02;0
31167;31;Encausse-les-Thermes;504;429;416;81;96;96;66;9;21;38;4;1;2;2;0;75;2;19.47;23.08;23.08;15.87;2.16;5.05;9.13;0.96;0.24;0.48;0.48;0;14.88;0.48
31168;31;Eoux;108;72;69;5;17;19;15;2;3;6;0;2;0;0;0;36;2;7.25;24.64;27.54;21.74;2.9;4.35;8.7;0;2.9;0;0;0;33.33;2.9
31169;31;Escalquens;5236;4554;4462;602;969;1491;691;161;86;385;27;28;15;7;0;682;19;13.49;21.72;33.42;15.49;3.61;1.93;8.63;0.61;0.63;0.34;0.16;0;13.03;0.43
31170;31;Escanecrabe;177;152;143;23;38;34;15;4;16;7;0;5;1;0;0;25;6;16.08;26.57;23.78;10.49;2.8;11.19;4.9;0;3.5;0.7;0;0;14.12;4.2
31171;31;Espanès;243;227;224;33;51;70;35;14;2;14;1;4;0;0;0;16;0;14.73;22.77;31.25;15.63;6.25;0.89;6.25;0.45;1.79;0;0;0;6.58;0
31172;31;Esparron;46;40;39;14;6;3;7;1;2;6;0;0;0;0;0;6;1;35.9;15.38;7.69;17.95;2.56;5.13;15.38;0;0;0;0;0;13.04;2.56
31173;31;Esperce;218;190;182;34;49;33;30;4;7;16;3;5;1;0;0;28;4;18.68;26.92;18.13;16.48;2.2;3.85;8.79;1.65;2.75;0.55;0;0;12.84;2.2
31174;31;Estadens;429;349;340;57;78;80;35;7;38;37;3;5;0;0;0;80;5;16.76;22.94;23.53;10.29;2.06;11.18;10.88;0.88;1.47;0;0;0;18.65;1.47
31175;31;Estancarbon;513;428;422;105;75;116;50;25;14;27;4;5;1;0;0;85;2;24.88;17.77;27.49;11.85;5.92;3.32;6.4;0.95;1.18;0.24;0;0;16.57;0.47
31176;31;Esténos;164;134;131;40;22;27;30;3;3;2;0;2;2;0;0;30;1;30.53;16.79;20.61;22.9;2.29;2.29;1.53;0;1.53;1.53;0;0;18.29;0.76
31177;31;Eup;123;97;93;22;22;22;10;0;8;9;0;0;0;0;0;26;0;23.66;23.66;23.66;10.75;0;8.6;9.68;0;0;0;0;0;21.14;0
31178;31;Fabas;170;133;127;31;24;34;7;3;14;11;0;2;1;0;0;37;1;24.41;18.9;26.77;5.51;2.36;11.02;8.66;0;1.57;0.79;0;0;21.76;0.79
31179;31;Le Faget;264;232;224;35;83;37;27;10;9;17;0;4;2;0;0;32;2;15.63;37.05;16.52;12.05;4.46;4.02;7.59;0;1.79;0.89;0;0;12.12;0.89
31180;31;Falga;109;99;97;15;19;23;21;7;1;9;1;1;0;0;0;10;2;15.46;19.59;23.71;21.65;7.22;1.03;9.28;1.03;1.03;0;0;0;9.17;2.06
31181;31;Le Fauga;1423;1234;1202;358;260;275;153;61;15;59;3;10;7;1;0;189;9;29.78;21.63;22.88;12.73;5.07;1.25;4.91;0.25;0.83;0.58;0.08;0;13.28;0.75
31182;31;Fenouillet;3724;3071;2993;641;684;675;430;151;56;268;26;29;27;6;0;653;20;21.42;22.85;22.55;14.37;5.05;1.87;8.95;0.87;0.97;0.9;0.2;0;17.53;0.67
31183;31;Figarol;265;221;211;37;51;46;24;12;15;17;5;3;1;0;0;44;4;17.54;24.17;21.8;11.37;5.69;7.11;8.06;2.37;1.42;0.47;0;0;16.6;1.9
31184;31;Flourens;1348;1205;1181;157;253;367;233;42;18;82;9;11;7;2;0;143;7;13.29;21.42;31.08;19.73;3.56;1.52;6.94;0.76;0.93;0.59;0.17;0;10.61;0.59
31185;31;Folcarde;96;82;80;17;22;19;11;0;3;7;1;0;0;0;0;14;2;21.25;27.5;23.75;13.75;0;3.75;8.75;1.25;0;0;0;0;14.58;2.5
31186;31;Fonbeauzard;2223;1858;1800;432;488;413;231;60;26;117;6;18;4;5;0;365;25;24;27.11;22.94;12.83;3.33;1.44;6.5;0.33;1;0.22;0.28;0;16.42;1.39
31187;31;Fonsorbes;8835;7513;7336;1610;1654;1971;939;366;108;497;58;80;37;16;0;1322;73;21.95;22.55;26.87;12.8;4.99;1.47;6.77;0.79;1.09;0.5;0.22;0;14.96;1
31188;31;Fontenilles;3772;3365;3284;622;704;959;465;178;58;228;26;23;18;3;0;407;24;18.94;21.44;29.2;14.16;5.42;1.77;6.94;0.79;0.7;0.55;0.09;0;10.79;0.73
31189;31;Forgues;165;140;135;25;37;29;20;9;2;9;1;2;1;0;0;25;3;18.52;27.41;21.48;14.81;6.67;1.48;6.67;0.74;1.48;0.74;0;0;15.15;2.22
31190;31;Fos;235;186;183;28;45;35;38;3;18;12;1;3;0;0;0;49;2;15.3;24.59;19.13;20.77;1.64;9.84;6.56;0.55;1.64;0;0;0;20.85;1.09
31191;31;Fougaron;100;90;87;17;21;13;17;3;8;4;4;0;0;0;0;10;1;19.54;24.14;14.94;19.54;3.45;9.2;4.6;4.6;0;0;0;0;10;1.15
31192;31;Fourquevaux;670;597;585;68;117;173;132;19;11;49;3;5;7;1;0;73;3;11.62;20;29.57;22.56;3.25;1.88;8.38;0.51;0.85;1.2;0.17;0;10.9;0.51
31193;31;Le Fousseret;1339;1129;1093;277;259;207;150;43;32;78;13;19;11;4;0;210;11;25.34;23.7;18.94;13.72;3.93;2.93;7.14;1.19;1.74;1.01;0.37;0;15.68;1.01
31194;31;Francarville;128;114;114;26;28;19;17;8;2;8;4;1;0;1;0;14;0;22.81;24.56;16.67;14.91;7.02;1.75;7.02;3.51;0.88;0;0.88;0;10.94;0
31195;31;Francazal;25;25;25;5;9;5;3;0;1;0;2;0;0;0;0;0;0;20;36;20;12;0;4;0;8;0;0;0;0;0;0
31196;31;Francon;207;182;170;70;25;39;14;5;3;13;0;1;0;0;0;25;4;41.18;14.71;22.94;8.24;2.94;1.76;7.65;0;0.59;0;0;0;12.08;2.35
31197;31;Franquevielle;333;263;253;73;56;46;21;16;19;12;2;4;4;0;0;70;2;28.85;22.13;18.18;8.3;6.32;7.51;4.74;0.79;1.58;1.58;0;0;21.02;0.79
31198;31;Le Fréchet;110;86;79;21;22;14;9;5;1;5;0;1;1;0;0;24;3;26.58;27.85;17.72;11.39;6.33;1.27;6.33;0;1.27;1.27;0;0;21.82;3.8
31199;31;Fronsac;185;146;141;19;36;28;34;3;1;19;0;1;0;0;0;39;0;13.48;25.53;19.86;24.11;2.13;0.71;13.48;0;0.71;0;0;0;21.08;0
31200;31;Frontignan-de-Comminges;80;71;67;25;15;11;3;1;5;4;0;1;1;1;0;9;1;37.31;22.39;16.42;4.48;1.49;7.46;5.97;0;1.49;1.49;1.49;0;11.25;1.49
31201;31;Frontignan-Savès;51;46;45;16;9;3;8;1;0;4;4;0;0;0;0;5;1;35.56;20;6.67;17.78;2.22;0;8.89;8.89;0;0;0;0;9.8;2.22
31202;31;Fronton;4373;3771;3692;931;746;813;591;216;75;211;33;39;25;12;0;602;16;25.22;20.21;22.02;16.01;5.85;2.03;5.72;0.89;1.06;0.68;0.33;0;13.77;0.43
31203;31;Frouzins;6519;5528;5392;1092;1203;1406;742;283;93;430;48;58;28;9;0;991;40;20.25;22.31;26.08;13.76;5.25;1.72;7.97;0.89;1.08;0.52;0.17;0;15.2;0.74
31204;31;Fustignac;60;50;47;6;11;10;4;4;4;7;0;0;0;1;0;10;0;12.77;23.4;21.28;8.51;8.51;8.51;14.89;0;0;0;2.13;0;16.67;0
31205;31;Gagnac-sur-Garonne;2102;1781;1724;410;355;420;264;88;33;105;10;19;16;4;0;321;21;23.78;20.59;24.36;15.31;5.1;1.91;6.09;0.58;1.1;0.93;0.23;0;15.27;1.22
31206;31;Gaillac-Toulza;835;700;683;231;129;103;98;27;28;45;8;10;4;0;0;135;13;33.82;18.89;15.08;14.35;3.95;4.1;6.59;1.17;1.46;0.59;0;0;16.17;1.9
31207;31;Galié;78;67;64;14;19;8;5;2;5;10;1;0;0;0;0;11;0;21.88;29.69;12.5;7.81;3.13;7.81;15.63;1.56;0;0;0;0;14.1;0
31208;31;Ganties;255;198;196;41;57;33;18;7;15;25;0;0;0;0;0;57;0;20.92;29.08;16.84;9.18;3.57;7.65;12.76;0;0;0;0;0;22.35;0
31209;31;Garac;147;126;125;39;22;31;15;3;2;6;2;5;0;0;0;21;0;31.2;17.6;24.8;12;2.4;1.6;4.8;1.6;4;0;0;0;14.29;0
31210;31;Gardouch;992;842;816;151;191;194;109;52;21;83;3;7;4;1;0;150;3;18.5;23.41;23.77;13.36;6.37;2.57;10.17;0.37;0.86;0.49;0.12;0;15.12;0.37
31211;31;Gargas;572;523;508;149;86;122;78;29;9;28;3;2;2;0;0;49;2;29.33;16.93;24.02;15.35;5.71;1.77;5.51;0.59;0.39;0.39;0;0;8.57;0.39
31212;31;Garidech;1184;1065;1034;213;169;274;210;38;18;87;13;6;6;0;0;119;9;20.6;16.34;26.5;20.31;3.68;1.74;8.41;1.26;0.58;0.58;0;0;10.05;0.87
31213;31;Garin;141;113;109;7;37;24;10;1;19;10;0;0;1;0;0;28;2;6.42;33.94;22.02;9.17;0.92;17.43;9.17;0;0;0.92;0;0;19.86;1.83
31215;31;Gauré;414;385;381;78;58;100;82;19;7;28;3;6;0;0;0;29;3;20.47;15.22;26.25;21.52;4.99;1.84;7.35;0.79;1.57;0;0;0;7;0.79
31216;31;Gémil;221;205;202;39;56;39;45;10;2;7;2;0;2;0;0;16;0;19.31;27.72;19.31;22.28;4.95;0.99;3.47;0.99;0;0.99;0;0;7.24;0
31217;31;Génos;73;52;52;2;9;13;10;3;3;8;1;3;0;0;0;21;0;3.85;17.31;25;19.23;5.77;5.77;15.38;1.92;5.77;0;0;0;28.77;0
31218;31;Gensac-de-Boulogne;124;92;89;11;41;17;8;2;6;2;0;1;1;0;0;32;1;12.36;46.07;19.1;8.99;2.25;6.74;2.25;0;1.12;1.12;0;0;25.81;1.12
31219;31;Gensac-sur-Garonne;346;295;286;84;60;58;33;8;8;23;4;6;0;2;0;51;2;29.37;20.98;20.28;11.54;2.8;2.8;8.04;1.4;2.1;0;0.7;0;14.74;0.7
31220;31;Gibel;255;231;226;57;54;40;43;9;2;15;2;0;1;3;0;24;1;25.22;23.89;17.7;19.03;3.98;0.88;6.64;0.88;0;0.44;1.33;0;9.41;0.44
31221;31;Gouaux-de-Larboust;90;76;75;10;12;17;19;4;5;7;0;0;1;0;0;14;0;13.33;16;22.67;25.33;5.33;6.67;9.33;0;0;1.33;0;0;15.56;0
31222;31;Gouaux-de-Luchon;47;37;37;7;2;9;4;2;8;4;0;0;0;1;0;10;0;18.92;5.41;24.32;10.81;5.41;21.62;10.81;0;0;0;2.7;0;21.28;0
31223;31;Goudex;46;43;42;10;7;6;6;2;6;2;3;0;0;0;0;3;1;23.81;16.67;14.29;14.29;4.76;14.29;4.76;7.14;0;0;0;0;6.52;2.38
31224;31;Gourdan-Polignan;955;694;680;161;153;144;95;25;29;53;4;11;3;2;0;261;4;23.68;22.5;21.18;13.97;3.68;4.26;7.79;0.59;1.62;0.44;0.29;0;27.33;0.59
31225;31;Goutevernisse;137;118;115;18;21;29;16;3;8;18;1;1;0;0;0;19;0;15.65;18.26;25.22;13.91;2.61;6.96;15.65;0.87;0.87;0;0;0;13.87;0
31226;31;Gouzens;79;68;66;10;21;8;9;4;6;5;0;2;1;0;0;11;1;15.15;31.82;12.12;13.64;6.06;9.09;7.58;0;3.03;1.52;0;0;13.92;1.52
31227;31;Goyrans;754;676;663;76;86;222;187;28;5;55;0;4;0;0;0;78;2;11.46;12.97;33.48;28.21;4.22;0.75;8.3;0;0.6;0;0;0;10.34;0.3
31228;31;Gragnague;1558;1325;1290;218;277;348;206;59;25;127;7;14;6;3;0;233;5;16.9;21.47;26.98;15.97;4.57;1.94;9.84;0.54;1.09;0.47;0.23;0;14.96;0.39
31229;31;Gratens;520;443;431;115;95;68;47;22;5;49;11;11;4;4;0;77;6;26.68;22.04;15.78;10.9;5.1;1.16;11.37;2.55;2.55;0.93;0.93;0;14.81;1.39
31230;31;Gratentour;2668;2382;2319;411;476;664;381;134;40;154;16;31;9;3;0;286;17;17.72;20.53;28.63;16.43;5.78;1.72;6.64;0.69;1.34;0.39;0.13;0;10.72;0.73
31231;31;Grazac;503;407;397;110;120;64;51;12;10;24;2;3;0;1;0;96;2;27.71;30.23;16.12;12.85;3.02;2.52;6.05;0.5;0.76;0;0.25;0;19.09;0.5
31232;31;Grenade;5673;4870;4746;1048;1069;1076;721;216;102;360;54;68;24;8;0;803;36;22.08;22.52;22.67;15.19;4.55;2.15;7.59;1.14;1.43;0.51;0.17;0;14.15;0.76
31233;31;Grépiac;772;677;657;137;141;162;90;32;14;63;5;7;4;2;0;95;5;20.85;21.46;24.66;13.7;4.87;2.13;9.59;0.76;1.07;0.61;0.3;0;12.31;0.76
31234;31;Le Grès;305;264;259;61;50;64;37;6;11;18;6;5;0;1;0;41;1;23.55;19.31;24.71;14.29;2.32;4.25;6.95;2.32;1.93;0;0.39;0;13.44;0.39
31235;31;Guran;56;42;42;6;8;12;5;1;5;5;0;0;0;0;0;14;0;14.29;19.05;28.57;11.9;2.38;11.9;11.9;0;0;0;0;0;25;0
31236;31;Herran;82;68;66;14;19;14;6;0;6;7;0;0;0;0;0;14;2;21.21;28.79;21.21;9.09;0;9.09;10.61;0;0;0;0;0;17.07;3.03
31237;31;His;182;153;151;35;22;38;24;7;12;6;4;1;1;1;0;29;0;23.18;14.57;25.17;15.89;4.64;7.95;3.97;2.65;0.66;0.66;0.66;0;15.93;0
31238;31;Huos;381;285;276;74;80;41;34;5;15;24;0;3;0;0;0;96;2;26.81;28.99;14.86;12.32;1.81;5.43;8.7;0;1.09;0;0;0;25.2;0.72
31239;31;L'Isle-en-Dodon;1353;1112;1082;280;190;235;191;46;52;58;12;11;7;0;0;241;14;25.88;17.56;21.72;17.65;4.25;4.81;5.36;1.11;1.02;0.65;0;0;17.81;1.29
31240;31;Issus;395;357;347;52;75;83;56;22;11;38;1;7;0;2;0;38;3;14.99;21.61;23.92;16.14;6.34;3.17;10.95;0.29;2.02;0;0.58;0;9.62;0.86
31241;31;Izaut-de-l'Hôtel;266;224;220;46;37;44;45;7;17;15;4;3;2;0;0;42;2;20.91;16.82;20;20.45;3.18;7.73;6.82;1.82;1.36;0.91;0;0;15.79;0.91
31242;31;Jurvielle;28;25;22;0;6;9;3;0;3;1;0;0;0;0;0;3;2;0;27.27;40.91;13.64;0;13.64;4.55;0;0;0;0;0;10.71;9.09
31243;31;Juzes;77;63;61;11;20;13;10;1;1;5;0;0;0;0;0;14;1;18.03;32.79;21.31;16.39;1.64;1.64;8.2;0;0;0;0;0;18.18;1.64
31244;31;Juzet-de-Luchon;327;267;264;39;44;85;51;5;15;19;1;5;0;0;0;60;0;14.77;16.67;32.2;19.32;1.89;5.68;7.2;0.38;1.89;0;0;0;18.35;0
31245;31;Juzet-d'Izaut;183;148;144;23;31;39;17;7;11;12;0;4;0;0;0;35;0;15.97;21.53;27.08;11.81;4.86;7.64;8.33;0;2.78;0;0;0;19.13;0
31246;31;Labarthe-Inard;689;559;540;172;115;122;49;22;19;31;1;3;5;1;0;130;8;31.85;21.3;22.59;9.07;4.07;3.52;5.74;0.19;0.56;0.93;0.19;0;18.87;1.48
31247;31;Labarthe-Rivière;1117;874;859;205;188;197;128;38;24;62;3;6;6;2;0;243;3;23.86;21.89;22.93;14.9;4.42;2.79;7.22;0.35;0.7;0.7;0.23;0;21.75;0.35
31248;31;Labarthe-sur-Lèze;4180;3670;3572;823;806;854;460;178;77;277;25;43;18;11;0;510;23;23.04;22.56;23.91;12.88;4.98;2.16;7.75;0.7;1.2;0.5;0.31;0;12.2;0.64
31249;31;Labastide-Beauvoir;871;771;756;153;164;200;109;39;13;64;4;5;4;1;0;100;15;20.24;21.69;26.46;14.42;5.16;1.72;8.47;0.53;0.66;0.53;0.13;0;11.48;1.98
31250;31;Labastide-Clermont;527;391;378;129;81;62;37;15;17;25;0;7;4;1;0;136;9;34.13;21.43;16.4;9.79;3.97;4.5;6.61;0;1.85;1.06;0.26;0;25.81;2.38
31251;31;Labastide-Paumès;121;107;101;37;11;26;17;4;2;3;0;1;0;0;0;14;6;36.63;10.89;25.74;16.83;3.96;1.98;2.97;0;0.99;0;0;0;11.57;5.94
31252;31;Labastide-Saint-Sernin;1519;1316;1284;305;287;294;171;67;22;109;9;12;8;0;0;203;12;23.75;22.35;22.9;13.32;5.22;1.71;8.49;0.7;0.93;0.62;0;0;13.36;0.93
31253;31;Labastidette;1764;1533;1497;439;298;335;161;93;39;93;12;15;9;3;0;231;6;29.33;19.91;22.38;10.75;6.21;2.61;6.21;0.8;1;0.6;0.2;0;13.1;0.4
31254;31;Labège;2522;2144;2103;280;466;640;347;94;40;186;18;24;4;4;0;378;10;13.31;22.16;30.43;16.5;4.47;1.9;8.84;0.86;1.14;0.19;0.19;0;14.99;0.48
31255;31;Labroquère;284;225;220;37;46;45;50;14;9;9;2;3;4;1;0;59;1;16.82;20.91;20.45;22.73;6.36;4.09;4.09;0.91;1.36;1.82;0.45;0;20.77;0.45
31256;31;Labruyère-Dorsa;208;192;184;38;24;51;32;13;2;20;2;1;1;0;0;16;2;20.65;13.04;27.72;17.39;7.07;1.09;10.87;1.09;0.54;0.54;0;0;7.69;1.09
31258;31;Lacaugne;167;142;138;26;45;25;18;9;3;9;0;2;1;0;0;25;1;18.84;32.61;18.12;13.04;6.52;2.17;6.52;0;1.45;0.72;0;0;14.97;0.72
31259;31;Lacroix-Falgarde;1496;1309;1274;120;281;376;317;44;20;94;9;8;4;1;0;187;8;9.42;22.06;29.51;24.88;3.45;1.57;7.38;0.71;0.63;0.31;0.08;0;12.5;0.63
31260;31;Laffite-Toupière;90;75;74;21;18;17;8;1;5;2;1;0;0;1;0;15;0;28.38;24.32;22.97;10.81;1.35;6.76;2.7;1.35;0;0;1.35;0;16.67;0
31261;31;Lafitte-Vigordane;806;700;682;180;127;178;101;37;16;32;4;7;0;0;0;106;3;26.39;18.62;26.1;14.81;5.43;2.35;4.69;0.59;1.03;0;0;0;13.15;0.44
31262;31;Lagarde;333;293;285;65;79;59;32;10;11;15;4;3;5;2;0;40;2;22.81;27.72;20.7;11.23;3.51;3.86;5.26;1.4;1.05;1.75;0.7;0;12.01;0.7
31263;31;Lagardelle-sur-Lèze;2049;1800;1743;447;396;408;184;92;37;126;14;28;11;0;0;249;17;25.65;22.72;23.41;10.56;5.28;2.12;7.23;0.8;1.61;0.63;0;0;12.15;0.98
31264;31;Lagrâce-Dieu;353;323;320;61;65;80;50;19;14;21;4;1;3;2;0;30;0;19.06;20.31;25;15.63;5.94;4.38;6.56;1.25;0.31;0.94;0.63;0;8.5;0
31265;31;Lagraulet-Saint-Nicolas;205;161;154;23;51;27;26;6;7;11;2;1;0;0;0;44;0;14.94;33.12;17.53;16.88;3.9;4.55;7.14;1.3;0.65;0;0;0;21.46;0
31266;31;Lahage;149;123;116;43;26;11;7;6;3;10;2;7;0;1;0;26;1;37.07;22.41;9.48;6.03;5.17;2.59;8.62;1.72;6.03;0;0.86;0;17.45;0.86
31267;31;Lahitère;51;44;41;3;13;9;8;1;5;2;0;0;0;0;0;7;2;7.32;31.71;21.95;19.51;2.44;12.2;4.88;0;0;0;0;0;13.73;4.88
31268;31;Lalouret-Laffiteau;133;105;102;17;35;18;13;5;5;7;0;2;0;0;0;28;1;16.67;34.31;17.65;12.75;4.9;4.9;6.86;0;1.96;0;0;0;21.05;0.98
31269;31;Lamasquère;1008;884;863;242;177;210;105;48;20;48;8;4;1;0;0;124;6;28.04;20.51;24.33;12.17;5.56;2.32;5.56;0.93;0.46;0.12;0;0;12.3;0.7
31270;31;Landorthe;847;709;700;158;146;164;128;36;34;25;3;1;5;0;0;138;4;22.57;20.86;23.43;18.29;5.14;4.86;3.57;0.43;0.14;0.71;0;0;16.29;0.57
31271;31;Lanta;1529;1327;1298;254;277;316;210;73;35;98;17;10;4;4;0;202;8;19.57;21.34;24.35;16.18;5.62;2.7;7.55;1.31;0.77;0.31;0.31;0;13.21;0.62
31272;31;Lapeyrère;60;42;42;9;21;2;3;2;0;5;0;0;0;0;0;18;0;21.43;50;4.76;7.14;4.76;0;11.9;0;0;0;0;0;30;0
31273;31;Lapeyrouse-Fossat;2386;2094;2040;331;366;626;435;88;27;137;18;9;3;0;0;292;10;16.23;17.94;30.69;21.32;4.31;1.32;6.72;0.88;0.44;0.15;0;0;12.24;0.49
31274;31;Larcan;165;141;130;39;25;25;17;6;9;6;1;1;1;0;0;24;4;30;19.23;19.23;13.08;4.62;6.92;4.62;0.77;0.77;0.77;0;0;14.55;3.08
31275;31;Laréole;130;110;108;27;21;15;21;5;3;12;4;0;0;0;0;20;1;25;19.44;13.89;19.44;4.63;2.78;11.11;3.7;0;0;0;0;15.38;0.93
31276;31;Larroque;309;242;237;63;51;44;40;10;11;12;1;1;3;1;0;67;5;26.58;21.52;18.57;16.88;4.22;4.64;5.06;0.42;0.42;1.27;0.42;0;21.68;2.11
31277;31;Lasserre;725;645;631;125;135;164;95;22;9;70;1;8;2;0;0;80;4;19.81;21.39;25.99;15.06;3.49;1.43;11.09;0.16;1.27;0.32;0;0;11.03;0.63
31278;31;Latoue;283;210;205;39;58;58;20;4;7;17;1;1;0;0;0;73;1;19.02;28.29;28.29;9.76;1.95;3.41;8.29;0.49;0.49;0;0;0;25.8;0.49
31279;31;Latour;74;57;56;6;21;6;14;4;1;3;0;1;0;0;0;17;0;10.71;37.5;10.71;25;7.14;1.79;5.36;0;1.79;0;0;0;22.97;0
31280;31;Latrape;274;234;229;51;79;31;25;7;8;24;0;3;1;0;0;40;2;22.27;34.5;13.54;10.92;3.06;3.49;10.48;0;1.31;0.44;0;0;14.6;0.87
31281;31;Launac;1038;853;836;237;184;170;93;59;28;47;7;6;3;2;0;185;8;28.35;22.01;20.33;11.12;7.06;3.35;5.62;0.84;0.72;0.36;0.24;0;17.82;0.96
31282;31;Launaguet;6027;4852;4738;865;1188;1217;711;179;87;378;44;43;20;6;0;1175;46;18.26;25.07;25.69;15.01;3.78;1.84;7.98;0.93;0.91;0.42;0.13;0;19.5;0.97
31283;31;Lautignac;232;190;188;44;36;39;27;8;8;21;0;4;0;1;0;42;2;23.4;19.15;20.74;14.36;4.26;4.26;11.17;0;2.13;0;0.53;0;18.1;1.06
31284;31;Lauzerville;1265;1144;1126;156;165;394;275;37;14;75;4;3;1;2;0;121;8;13.85;14.65;34.99;24.42;3.29;1.24;6.66;0.36;0.27;0.09;0.18;0;9.57;0.71
31285;31;Lavalette;599;537;528;91;93;102;153;25;12;39;7;4;2;0;0;62;1;17.23;17.61;19.32;28.98;4.73;2.27;7.39;1.33;0.76;0.38;0;0;10.35;0.19
31286;31;Lavelanet-de-Comminges;462;396;379;100;80;72;67;4;19;27;1;5;3;1;0;66;10;26.39;21.11;19;17.68;1.06;5.01;7.12;0.26;1.32;0.79;0.26;0;14.29;2.64
31287;31;Lavernose-Lacasse;2241;1941;1879;493;434;404;249;94;58;110;9;11;12;5;0;300;18;26.24;23.1;21.5;13.25;5;3.09;5.85;0.48;0.59;0.64;0.27;0;13.39;0.96
31288;31;Layrac-sur-Tarn;275;228;221;49;36;57;49;13;5;10;0;1;0;1;0;47;4;22.17;16.29;25.79;22.17;5.88;2.26;4.52;0;0.45;0;0.45;0;17.09;1.81
31289;31;Lécussan;207;162;160;41;28;56;14;9;3;7;2;0;0;0;0;45;2;25.63;17.5;35;8.75;5.63;1.88;4.38;1.25;0;0;0;0;21.74;1.25
31290;31;Lège;45;36;36;2;5;19;4;1;1;4;0;0;0;0;0;9;0;5.56;13.89;52.78;11.11;2.78;2.78;11.11;0;0;0;0;0;20;0
31291;31;Léguevin;6490;5640;5513;989;1253;1589;781;295;99;373;52;48;27;7;0;850;35;17.94;22.73;28.82;14.17;5.35;1.8;6.77;0.94;0.87;0.49;0.13;0;13.1;0.63
31292;31;Lescuns;44;35;34;7;12;9;0;3;0;1;0;2;0;0;0;9;1;20.59;35.29;26.47;0;8.82;0;2.94;0;5.88;0;0;0;20.45;2.94
31293;31;Lespinasse;1818;1597;1555;442;339;345;159;96;35;92;19;12;13;3;0;221;14;28.42;21.8;22.19;10.23;6.17;2.25;5.92;1.22;0.77;0.84;0.19;0;12.16;0.9
31294;31;Lespiteau;76;70;68;22;12;11;5;1;8;5;0;4;0;0;0;6;0;32.35;17.65;16.18;7.35;1.47;11.76;7.35;0;5.88;0;0;0;7.89;0
31295;31;Lespugue;73;62;58;7;7;7;23;7;4;3;0;0;0;0;0;11;1;12.07;12.07;12.07;39.66;12.07;6.9;5.17;0;0;0;0;0;15.07;1.72
31296;31;Lestelle-de-Saint-Martory;355;297;282;65;72;53;28;6;19;31;0;6;2;0;0;58;2;23.05;25.53;18.79;9.93;2.13;6.74;10.99;0;2.13;0.71;0;0;16.34;0.71
31297;31;Lévignac;1503;1288;1259;207;254;385;191;47;26;116;6;18;6;3;0;215;17;16.44;20.17;30.58;15.17;3.73;2.07;9.21;0.48;1.43;0.48;0.24;0;14.3;1.35
31298;31;Lez;59;44;42;8;10;7;10;0;2;3;0;1;1;0;0;15;1;19.05;23.81;16.67;23.81;0;4.76;7.14;0;2.38;2.38;0;0;25.42;2.38
31299;31;Lherm;2774;2310;2235;592;474;487;269;112;60;168;29;29;11;4;0;464;29;26.49;21.21;21.79;12.04;5.01;2.68;7.52;1.3;1.3;0.49;0.18;0;16.73;1.3
31300;31;Liéoux;132;104;99;27;22;5;21;5;2;11;5;1;0;0;0;28;1;27.27;22.22;5.05;21.21;5.05;2.02;11.11;5.05;1.01;0;0;0;21.21;1.01
31301;31;Lilhac;104;86;84;21;19;18;12;4;3;4;1;2;0;0;0;18;0;25;22.62;21.43;14.29;4.76;3.57;4.76;1.19;2.38;0;0;0;17.31;0
31302;31;Lodes;225;169;166;70;25;28;20;5;4;10;2;0;2;0;0;56;3;42.17;15.06;16.87;12.05;3.01;2.41;6.02;1.2;0;1.2;0;0;24.89;1.81
31303;31;Longages;2203;1826;1792;517;434;293;232;86;57;126;17;16;10;4;0;377;8;28.85;24.22;16.35;12.95;4.8;3.18;7.03;0.95;0.89;0.56;0.22;0;17.11;0.45
31304;31;Loubens-Lauragais;343;306;300;40;88;76;38;8;7;33;5;4;0;1;0;37;0;13.33;29.33;25.33;12.67;2.67;2.33;11;1.67;1.33;0;0.33;0;10.79;0
31305;31;Loudet;181;146;140;36;26;26;21;4;5;14;4;0;4;0;0;35;4;25.71;18.57;18.57;15;2.86;3.57;10;2.86;0;2.86;0;0;19.34;2.86
31306;31;Lourde;116;91;90;14;18;18;21;1;2;12;0;4;0;0;0;25;0;15.56;20;20;23.33;1.11;2.22;13.33;0;4.44;0;0;0;21.55;0
31308;31;Luscan;52;43;42;9;12;15;3;0;0;3;0;0;0;0;0;9;1;21.43;28.57;35.71;7.14;0;0;7.14;0;0;0;0;0;17.31;2.38
31309;31;Lussan-Adeilhac;188;154;146;52;31;20;27;3;2;5;2;2;2;0;0;34;3;35.62;21.23;13.7;18.49;2.05;1.37;3.42;1.37;1.37;1.37;0;0;18.09;2.05
31310;31;Lux;224;201;199;50;45;35;23;15;7;19;2;3;0;0;0;23;1;25.13;22.61;17.59;11.56;7.54;3.52;9.55;1.01;1.51;0;0;0;10.27;0.5
31311;31;La Magdelaine-sur-Tarn;726;650;628;174;129;140;78;46;15;36;3;3;2;2;0;76;14;27.71;20.54;22.29;12.42;7.32;2.39;5.73;0.48;0.48;0.32;0.32;0;10.47;2.23
31312;31;Mailholas;39;36;35;3;4;8;7;2;3;7;0;1;0;0;0;3;0;8.57;11.43;22.86;20;5.71;8.57;20;0;2.86;0;0;0;7.69;0
31313;31;Malvezie;112;96;94;16;27;13;12;3;10;10;0;2;1;0;0;16;0;17.02;28.72;13.83;12.77;3.19;10.64;10.64;0;2.13;1.06;0;0;14.29;0
31314;31;Mancioux;329;273;263;61;69;51;39;14;6;13;5;2;2;1;0;56;3;23.19;26.24;19.39;14.83;5.32;2.28;4.94;1.9;0.76;0.76;0.38;0;17.02;1.14
31315;31;Mane;799;616;600;144;105;138;103;22;23;47;4;9;4;1;0;183;2;24;17.5;23;17.17;3.67;3.83;7.83;0.67;1.5;0.67;0.17;0;22.9;0.33
31316;31;Marignac;455;378;367;70;118;72;29;17;10;37;2;6;6;0;0;77;4;19.07;32.15;19.62;7.9;4.63;2.72;10.08;0.54;1.63;1.63;0;0;16.92;1.09
31317;31;Marignac-Lasclares;362;306;298;68;84;46;25;29;10;29;0;6;1;0;0;56;4;22.82;28.19;15.44;8.39;9.73;3.36;9.73;0;2.01;0.34;0;0;15.47;1.34
31318;31;Marignac-Laspeyres;161;148;143;31;34;24;21;8;8;11;1;4;1;0;0;13;0;21.68;23.78;16.78;14.69;5.59;5.59;7.69;0.7;2.8;0.7;0;0;8.07;0
31319;31;Marliac;102;87;84;25;21;13;12;4;1;6;1;1;0;0;0;15;0;29.76;25;15.48;14.29;4.76;1.19;7.14;1.19;1.19;0;0;0;14.71;0
31320;31;Marquefave;815;709;692;184;151;141;83;36;16;68;3;7;3;0;0;106;5;26.59;21.82;20.38;11.99;5.2;2.31;9.83;0.43;1.01;0.43;0;0;13.01;0.72
31321;31;Marsoulas;137;113;108;24;36;16;8;5;7;8;4;0;0;0;0;24;1;22.22;33.33;14.81;7.41;4.63;6.48;7.41;3.7;0;0;0;0;17.52;0.93
31322;31;Martisserre;50;41;41;4;10;14;8;0;2;1;1;1;0;0;0;9;0;9.76;24.39;34.15;19.51;0;4.88;2.44;2.44;2.44;0;0;0;18;0
31323;31;Martres-de-Rivière;301;267;263;64;61;70;28;5;14;16;1;3;0;1;0;34;1;24.33;23.19;26.62;10.65;1.9;5.32;6.08;0.38;1.14;0;0.38;0;11.3;0.38
31324;31;Martres-Tolosane;1871;1524;1475;409;274;282;205;70;59;140;8;20;6;2;0;347;17;27.73;18.58;19.12;13.9;4.75;4;9.49;0.54;1.36;0.41;0.14;0;18.55;1.15
31325;31;Mascarville;170;151;148;23;28;37;24;16;11;7;1;1;0;0;0;19;0;15.54;18.92;25;16.22;10.81;7.43;4.73;0.68;0.68;0;0;0;11.18;0
31326;31;Massabrac;76;68;65;14;13;17;6;4;4;6;0;0;1;0;0;8;1;21.54;20;26.15;9.23;6.15;6.15;9.23;0;0;1.54;0;0;10.53;1.54
31327;31;Mauran;158;136;129;34;23;18;15;5;10;15;4;4;1;0;0;22;2;26.36;17.83;13.95;11.63;3.88;7.75;11.63;3.1;3.1;0.78;0;0;13.92;1.55
31328;31;Mauremont;237;212;208;31;27;79;42;9;4;14;2;0;0;0;0;25;1;14.9;12.98;37.98;20.19;4.33;1.92;6.73;0.96;0;0;0;0;10.55;0.48
31329;31;Maurens;161;135;129;36;23;38;17;5;2;4;0;4;0;0;0;26;3;27.91;17.83;29.46;13.18;3.88;1.55;3.1;0;3.1;0;0;0;16.15;2.33
31330;31;Mauressac;330;301;291;70;73;70;24;17;5;26;3;3;0;0;0;29;1;24.05;25.09;24.05;8.25;5.84;1.72;8.93;1.03;1.03;0;0;0;8.79;0.34
31331;31;Maureville;269;242;235;53;45;65;31;12;7;15;1;3;0;3;0;27;2;22.55;19.15;27.66;13.19;5.11;2.98;6.38;0.43;1.28;0;1.28;0;10.04;0.85
31332;31;Mauvaisin;193;166;164;36;45;22;38;6;5;10;0;1;1;0;0;27;1;21.95;27.44;13.41;23.17;3.66;3.05;6.1;0;0.61;0.61;0;0;13.99;0.61
31333;31;Mauvezin;48;39;37;16;3;7;5;0;2;2;0;2;0;0;0;9;1;43.24;8.11;18.92;13.51;0;5.41;5.41;0;5.41;0;0;0;18.75;2.7
31334;31;Mauzac;936;810;787;189;177;203;126;32;8;38;3;8;2;1;0;126;4;24.02;22.49;25.79;16.01;4.07;1.02;4.83;0.38;1.02;0.25;0.13;0;13.46;0.51
31335;31;Mayrègne;38;31;30;5;7;11;1;0;1;4;0;1;0;0;0;7;0;16.67;23.33;36.67;3.33;0;3.33;13.33;0;3.33;0;0;0;18.42;0
31336;31;Mazères-sur-Salat;533;468;451;96;121;96;44;18;18;42;5;7;2;2;0;65;5;21.29;26.83;21.29;9.76;3.99;3.99;9.31;1.11;1.55;0.44;0.44;0;12.2;1.11
31337;31;Melles;152;116;112;22;29;20;25;2;7;5;1;1;0;0;0;36;3;19.64;25.89;17.86;22.32;1.79;6.25;4.46;0.89;0.89;0;0;0;23.68;2.68
31338;31;Menville;538;453;441;94;115;94;50;28;14;37;4;4;0;1;0;85;2;21.32;26.08;21.32;11.34;6.35;3.17;8.39;0.91;0.91;0;0.23;0;15.8;0.45
31339;31;Mérenvielle;367;330;321;48;89;86;46;15;8;19;2;5;2;1;0;37;2;14.95;27.73;26.79;14.33;4.67;2.49;5.92;0.62;1.56;0.62;0.31;0;10.08;0.62
31340;31;Mervilla;217;194;190;20;15;59;71;4;6;13;0;1;1;0;0;23;0;10.53;7.89;31.05;37.37;2.11;3.16;6.84;0;0.53;0.53;0;0;10.6;0
31341;31;Merville;3670;3149;3068;752;650;655;484;189;55;199;26;29;22;7;0;521;22;24.51;21.19;21.35;15.78;6.16;1.79;6.49;0.85;0.95;0.72;0.23;0;14.2;0.72
31342;31;Milhas;155;137;134;20;35;12;13;2;44;4;1;3;0;0;0;18;0;14.93;26.12;8.96;9.7;1.49;32.84;2.99;0.75;2.24;0;0;0;11.61;0
31343;31;Mirambeau;60;49;47;8;9;6;11;2;2;9;0;0;0;0;0;11;0;17.02;19.15;12.77;23.4;4.26;4.26;19.15;0;0;0;0;0;18.33;0
31344;31;Miramont-de-Comminges;559;449;431;128;112;70;42;12;19;41;3;2;2;0;0;110;6;29.7;25.99;16.24;9.74;2.78;4.41;9.51;0.7;0.46;0.46;0;0;19.68;1.39
31345;31;Miremont;1688;1381;1340;398;260;286;167;80;28;90;13;10;4;4;0;307;6;29.7;19.4;21.34;12.46;5.97;2.09;6.72;0.97;0.75;0.3;0.3;0;18.19;0.45
31346;31;Mirepoix-sur-Tarn;715;603;587;139;148;132;51;38;20;44;2;8;4;1;0;112;4;23.68;25.21;22.49;8.69;6.47;3.41;7.5;0.34;1.36;0.68;0.17;0;15.66;0.68
31347;31;Molas;128;111;107;39;20;9;13;11;9;5;0;0;1;0;0;17;2;36.45;18.69;8.41;12.15;10.28;8.41;4.67;0;0;0.93;0;0;13.28;1.87
31348;31;Moncaup;56;48;47;6;9;10;13;1;6;0;0;1;1;0;0;8;1;12.77;19.15;21.28;27.66;2.13;12.77;0;0;2.13;2.13;0;0;14.29;2.13
31349;31;Mondavezan;669;558;541;135;131;101;49;30;35;39;5;11;3;2;0;111;4;24.95;24.21;18.67;9.06;5.55;6.47;7.21;0.92;2.03;0.55;0.37;0;16.59;0.74
31350;31;Mondilhan;62;57;56;17;9;14;7;2;5;0;0;2;0;0;0;5;1;30.36;16.07;25;12.5;3.57;8.93;0;0;3.57;0;0;0;8.06;1.79
31351;31;Mondonville;3050;2543;2489;509;529;664;313;146;72;188;24;26;9;9;0;507;14;20.45;21.25;26.68;12.58;5.87;2.89;7.55;0.96;1.04;0.36;0.36;0;16.62;0.56
31352;31;Mondouzil;187;177;177;29;17;55;54;4;2;15;0;1;0;0;0;10;0;16.38;9.6;31.07;30.51;2.26;1.13;8.47;0;0.56;0;0;0;5.35;0
31353;31;Monès;58;51;51;9;19;8;5;3;2;4;0;1;0;0;0;7;0;17.65;37.25;15.69;9.8;5.88;3.92;7.84;0;1.96;0;0;0;12.07;0
31354;31;Monestrol;44;40;38;2;7;5;11;3;4;0;2;4;0;0;0;4;2;5.26;18.42;13.16;28.95;7.89;10.53;0;5.26;10.53;0;0;0;9.09;5.26
31355;31;Mons;1362;1220;1205;152;181;412;291;67;13;74;7;4;3;1;0;142;5;12.61;15.02;34.19;24.15;5.56;1.08;6.14;0.58;0.33;0.25;0.08;0;10.43;0.41
31356;31;Montaigut-sur-Save;1170;1044;1026;208;226;276;150;46;19;69;5;17;7;3;0;126;2;20.27;22.03;26.9;14.62;4.48;1.85;6.73;0.49;1.66;0.68;0.29;0;10.77;0.19
31357;31;Montastruc-de-Salies;264;231;227;35;41;59;30;10;17;30;3;0;2;0;0;33;3;15.42;18.06;25.99;13.22;4.41;7.49;13.22;1.32;0;0.88;0;0;12.5;1.32
31358;31;Montastruc-la-Conseillère;2673;2333;2280;351;475;613;455;121;42;169;19;23;5;7;0;340;39;15.39;20.83;26.89;19.96;5.31;1.84;7.41;0.83;1.01;0.22;0.31;0;12.72;1.71
31359;31;Montastruc-Savès;58;52;52;11;8;13;7;4;4;4;0;1;0;0;0;6;0;21.15;15.38;25;13.46;7.69;7.69;7.69;0;1.92;0;0;0;10.34;0
31360;31;Montauban-de-Luchon;365;266;259;39;47;74;47;13;16;20;0;3;0;0;0;99;2;15.06;18.15;28.57;18.15;5.02;6.18;7.72;0;1.16;0;0;0;27.12;0.77
31361;31;Montaut;407;369;358;104;69;98;50;6;7;15;4;3;2;0;0;38;4;29.05;19.27;27.37;13.97;1.68;1.96;4.19;1.12;0.84;0.56;0;0;9.34;1.12
31362;31;Montberaud;194;162;158;47;38;35;17;8;4;7;0;1;1;0;0;32;2;29.75;24.05;22.15;10.76;5.06;2.53;4.43;0;0.63;0.63;0;0;16.49;1.27
31363;31;Montbernard;180;150;144;35;17;38;21;5;7;14;1;4;2;0;0;30;5;24.31;11.81;26.39;14.58;3.47;4.86;9.72;0.69;2.78;1.39;0;0;16.67;3.47
31364;31;Montberon;2270;1959;1907;362;434;520;297;79;39;138;20;13;2;3;0;311;7;18.98;22.76;27.27;15.57;4.14;2.05;7.24;1.05;0.68;0.1;0.16;0;13.7;0.37
31365;31;Montbrun-Bocage;353;289;279;36;129;44;19;4;6;31;4;5;1;0;0;64;3;12.9;46.24;15.77;6.81;1.43;2.15;11.11;1.43;1.79;0.36;0;0;18.13;1.08
31366;31;Montbrun-Lauragais;504;466;456;54;128;121;72;19;15;39;1;5;2;0;0;38;2;11.84;28.07;26.54;15.79;4.17;3.29;8.55;0.22;1.1;0.44;0;0;7.54;0.44
31367;31;Montclar-de-Comminges;85;71;69;20;19;4;14;3;0;6;0;1;1;1;0;14;1;28.99;27.54;5.8;20.29;4.35;0;8.7;0;1.45;1.45;1.45;0;16.47;1.45
31368;31;Montclar-Lauragais;178;163;160;28;30;40;23;13;6;16;0;1;2;1;0;15;1;17.5;18.75;25;14.38;8.13;3.75;10;0;0.63;1.25;0.63;0;8.43;0.63
31369;31;Mont-de-Galié;38;34;34;1;5;6;13;3;1;3;2;0;0;0;0;4;0;2.94;14.71;17.65;38.24;8.82;2.94;8.82;5.88;0;0;0;0;10.53;0
31370;31;Montégut-Bourjac;128;116;116;34;17;23;18;8;6;5;3;0;2;0;0;12;0;29.31;14.66;19.83;15.52;6.9;5.17;4.31;2.59;0;1.72;0;0;9.38;0
31371;31;Montégut-Lauragais;420;339;329;95;76;71;41;7;13;17;4;1;3;1;0;81;2;28.88;23.1;21.58;12.46;2.13;3.95;5.17;1.22;0.3;0.91;0.3;0;19.29;0.61
31372;31;Montespan;403;320;307;70;80;54;43;7;24;24;1;0;1;3;0;83;4;22.8;26.06;17.59;14.01;2.28;7.82;7.82;0.33;0;0.33;0.98;0;20.6;1.3
31373;31;Montesquieu-Guittaut;121;102;97;21;21;24;3;13;3;7;4;1;0;0;0;19;0;21.65;21.65;24.74;3.09;13.4;3.09;7.22;4.12;1.03;0;0;0;15.7;0
31374;31;Montesquieu-Lauragais;695;695;678;127;159;157;96;32;26;59;10;7;1;4;0;0;4;18.73;23.45;23.16;14.16;4.72;3.83;8.7;1.47;1.03;0.15;0.59;0;0;0.59
31375;31;Montesquieu-Volvestre;2302;1910;1842;429;474;353;227;78;62;162;13;18;21;5;0;392;23;23.29;25.73;19.16;12.32;4.23;3.37;8.79;0.71;0.98;1.14;0.27;0;17.03;1.25
31376;31;Montgaillard-de-Salies;95;71;69;26;8;8;8;0;16;2;0;0;1;0;0;24;1;37.68;11.59;11.59;11.59;0;23.19;2.9;0;0;1.45;0;0;25.26;1.45
31377;31;Montgaillard-Lauragais;534;471;460;92;121;103;62;12;16;40;6;7;0;1;0;63;5;20;26.3;22.39;13.48;2.61;3.48;8.7;1.3;1.52;0;0.22;0;11.8;1.09
31378;31;Montgaillard-sur-Save;57;51;51;16;11;6;8;2;1;7;0;0;0;0;0;6;0;31.37;21.57;11.76;15.69;3.92;1.96;13.73;0;0;0;0;0;10.53;0
31379;31;Montgazin;125;114;110;31;22;18;16;4;5;11;0;3;0;0;0;11;1;28.18;20;16.36;14.55;3.64;4.55;10;0;2.73;0;0;0;8.8;0.91
31380;31;Montgeard;336;298;286;49;60;79;38;14;5;34;4;3;0;0;0;38;4;17.13;20.98;27.62;13.29;4.9;1.75;11.89;1.4;1.05;0;0;0;11.31;1.4
31381;31;Montgiscard;1817;1581;1531;244;329;438;228;65;34;159;9;21;4;0;0;236;13;15.94;21.49;28.61;14.89;4.25;2.22;10.39;0.59;1.37;0.26;0;0;12.99;0.85
31382;31;Montgras;92;76;75;21;14;14;14;1;8;3;0;0;0;0;0;16;0;28;18.67;18.67;18.67;1.33;10.67;4;0;0;0;0;0;17.39;0
31383;31;Montjoire;1025;879;851;239;144;200;130;50;29;38;5;8;7;1;0;146;9;28.08;16.92;23.5;15.28;5.88;3.41;4.47;0.59;0.94;0.82;0.12;0;14.24;1.06
31384;31;Montlaur;1108;1001;979;139;240;295;138;48;24;62;7;17;7;2;0;107;6;14.2;24.51;30.13;14.1;4.9;2.45;6.33;0.72;1.74;0.72;0.2;0;9.66;0.61
31385;31;Montmaurin;189;159;152;26;53;33;15;5;8;11;0;0;1;0;0;30;2;17.11;34.87;21.71;9.87;3.29;5.26;7.24;0;0;0.66;0;0;15.87;1.32
31386;31;Montoulieu-Saint-Bernard;150;130;126;36;16;24;21;1;5;11;3;8;1;0;0;20;4;28.57;12.7;19.05;16.67;0.79;3.97;8.73;2.38;6.35;0.79;0;0;13.33;3.17
31387;31;Montoussin;84;76;73;17;24;16;9;1;1;4;1;0;0;0;0;8;2;23.29;32.88;21.92;12.33;1.37;1.37;5.48;1.37;0;0;0;0;9.52;2.74
31388;31;Montpitol;322;291;285;39;77;66;66;14;3;13;0;3;4;0;0;31;2;13.68;27.02;23.16;23.16;4.91;1.05;4.56;0;1.05;1.4;0;0;9.63;0.7
31389;31;Montrabé;3109;2782;2725;402;480;851;565;118;32;220;15;25;12;5;0;327;12;14.75;17.61;31.23;20.73;4.33;1.17;8.07;0.55;0.92;0.44;0.18;0;10.52;0.44
31390;31;Montréjeau;1941;1454;1425;356;363;251;214;57;52;93;16;16;3;4;0;487;7;24.98;25.47;17.61;15.02;4;3.65;6.53;1.12;1.12;0.21;0.28;0;25.09;0.49
31391;31;Montsaunès;387;322;316;57;63;84;56;11;15;21;4;2;2;1;0;65;3;18.04;19.94;26.58;17.72;3.48;4.75;6.65;1.27;0.63;0.63;0.32;0;16.8;0.95
31392;31;Mourvilles-Basses;63;58;56;10;8;13;18;2;3;1;0;0;1;0;0;5;0;17.86;14.29;23.21;32.14;3.57;5.36;1.79;0;0;1.79;0;0;7.94;0
31393;31;Mourvilles-Hautes;147;136;135;18;43;32;14;9;6;13;0;0;0;0;0;11;0;13.33;31.85;23.7;10.37;6.67;4.44;9.63;0;0;0;0;0;7.48;0
31394;31;Moustajon;127;94;93;32;12;17;15;2;7;6;0;2;0;0;0;33;1;34.41;12.9;18.28;16.13;2.15;7.53;6.45;0;2.15;0;0;0;25.98;1.08
31395;31;Muret;17061;13236;12896;2980;2735;3034;2050;542;218;997;101;136;79;24;0;3825;115;23.11;21.21;23.53;15.9;4.2;1.69;7.73;0.78;1.05;0.61;0.19;0;22.42;0.89
31396;31;Nailloux;2149;1905;1868;382;432;466;252;100;40;144;14;25;10;3;0;244;12;20.45;23.13;24.95;13.49;5.35;2.14;7.71;0.75;1.34;0.54;0.16;0;11.35;0.64
31397;31;Nénigan;46;35;30;8;4;8;5;2;0;2;0;1;0;0;0;11;0;26.67;13.33;26.67;16.67;6.67;0;6.67;0;3.33;0;0;0;23.91;0
31398;31;Nizan-Gesse;65;46;44;4;10;7;3;3;4;10;3;0;0;0;0;19;2;9.09;22.73;15.91;6.82;6.82;9.09;22.73;6.82;0;0;0;0;29.23;4.55
31399;31;Noé;2075;1724;1688;477;383;347;227;56;38;111;17;18;11;3;0;351;15;28.26;22.69;20.56;13.45;3.32;2.25;6.58;1.01;1.07;0.65;0.18;0;16.92;0.89
31400;31;Nogaret;62;61;59;14;7;10;9;7;5;3;0;2;0;2;0;1;1;23.73;11.86;16.95;15.25;11.86;8.47;5.08;0;3.39;0;3.39;0;1.61;1.69
31401;31;Noueilles;293;254;248;60;62;58;19;9;10;25;2;3;0;0;0;39;3;24.19;25;23.39;7.66;3.63;4.03;10.08;0.81;1.21;0;0;0;13.31;1.21
31402;31;Odars;714;649;638;65;92;237;131;38;13;45;7;5;3;2;0;65;1;10.19;14.42;37.15;20.53;5.96;2.04;7.05;1.1;0.78;0.47;0.31;0;9.1;0.16
31403;31;Ondes;508;433;426;98;99;91;75;22;6;25;5;2;1;2;0;75;3;23;23.24;21.36;17.61;5.16;1.41;5.87;1.17;0.47;0.23;0.47;0;14.76;0.7
31404;31;Oô;97;84;79;8;16;24;11;2;12;6;0;0;0;0;0;13;4;10.13;20.25;30.38;13.92;2.53;15.19;7.59;0;0;0;0;0;13.4;5.06
31405;31;Ore;102;85;80;25;12;18;4;2;1;12;5;0;0;1;0;17;0;31.25;15;22.5;5;2.5;1.25;15;6.25;0;0;1.25;0;16.67;0
31406;31;Palaminy;621;521;508;134;116;105;78;17;17;34;3;1;1;2;0;100;5;26.38;22.83;20.67;15.35;3.35;3.35;6.69;0.59;0.2;0.2;0.39;0;16.1;0.98
31407;31;Paulhac;955;851;822;181;184;199;133;45;21;42;5;4;7;1;0;104;8;22.02;22.38;24.21;16.18;5.47;2.55;5.11;0.61;0.49;0.85;0.12;0;10.89;0.97
31408;31;Payssous;87;70;64;14;9;12;16;2;3;4;1;0;3;0;0;17;2;21.88;14.06;18.75;25;3.13;4.69;6.25;1.56;0;4.69;0;0;19.54;3.13
31409;31;Péchabou;1681;1474;1450;144;304;531;203;71;22;145;16;8;4;2;0;207;6;9.93;20.97;36.62;14;4.9;1.52;10;1.1;0.55;0.28;0.14;0;12.31;0.41
31410;31;Pechbonnieu;3141;2771;2707;421;624;789;419;141;54;186;29;26;9;9;0;370;52;15.55;23.05;29.15;15.48;5.21;1.99;6.87;1.07;0.96;0.33;0.33;0;11.78;1.92
31411;31;Pechbusque;708;622;614;36;99;250;153;22;4;43;1;5;1;0;0;86;1;5.86;16.12;40.72;24.92;3.58;0.65;7;0.16;0.81;0.16;0;0;12.15;0.16
31412;31;Péguilhan;239;201;193;49;28;41;37;10;16;4;2;4;1;1;0;38;1;25.39;14.51;21.24;19.17;5.18;8.29;2.07;1.04;2.07;0.52;0.52;0;15.9;0.52
31413;31;Pelleport;393;327;315;85;64;74;39;29;8;10;3;1;1;1;0;66;3;26.98;20.32;23.49;12.38;9.21;2.54;3.17;0.95;0.32;0.32;0.32;0;16.79;0.95
31414;31;Peyrissas;76;57;55;13;11;14;5;10;1;1;0;0;0;0;0;19;0;23.64;20;25.45;9.09;18.18;1.82;1.82;0;0;0;0;0;25;0
31415;31;Peyrouzet;83;74;73;15;13;27;9;2;1;6;0;0;0;0;0;9;1;20.55;17.81;36.99;12.33;2.74;1.37;8.22;0;0;0;0;0;10.84;1.37
31416;31;Peyssies;402;364;357;110;87;58;40;9;10;35;2;2;2;2;0;38;1;30.81;24.37;16.25;11.2;2.52;2.8;9.8;0.56;0.56;0.56;0.56;0;9.45;0.28
31417;31;Pibrac;6761;5696;5601;715;1018;1756;1212;241;84;464;37;54;11;9;0;1065;25;12.77;18.18;31.35;21.64;4.3;1.5;8.28;0.66;0.96;0.2;0.16;0;15.75;0.45
31418;31;Pin-Balma;801;708;699;104;63;175;292;20;4;27;8;2;4;0;0;93;2;14.88;9.01;25.04;41.77;2.86;0.57;3.86;1.14;0.29;0.57;0;0;11.61;0.29
31419;31;Le Pin-Murelet;143;115;111;35;22;24;13;3;4;7;2;1;0;0;0;28;3;31.53;19.82;21.62;11.71;2.7;3.6;6.31;1.8;0.9;0;0;0;19.58;2.7
31420;31;Pinsaguel;2174;1861;1819;403;365;478;274;90;39;136;8;18;8;0;0;313;8;22.16;20.07;26.28;15.06;4.95;2.14;7.48;0.44;0.99;0.44;0;0;14.4;0.44
31421;31;Pins-Justaret;3468;2993;2903;647;669;766;335;125;45;234;24;39;15;4;0;475;33;22.29;23.05;26.39;11.54;4.31;1.55;8.06;0.83;1.34;0.52;0.14;0;13.7;1.14
31422;31;Plagne;95;79;76;26;16;11;8;1;7;5;0;2;0;0;0;16;1;34.21;21.05;14.47;10.53;1.32;9.21;6.58;0;2.63;0;0;0;16.84;1.32
31423;31;Plagnole;258;210;206;59;51;43;24;4;8;11;5;1;0;0;0;48;4;28.64;24.76;20.87;11.65;1.94;3.88;5.34;2.43;0.49;0;0;0;18.6;1.94
31424;31;Plaisance-du-Touch;13573;11210;10952;1749;2626;3252;1598;465;176;851;93;74;47;21;0;2363;87;15.97;23.98;29.69;14.59;4.25;1.61;7.77;0.85;0.68;0.43;0.19;0;17.41;0.79
31425;31;Le Plan;377;335;325;72;98;65;26;14;19;24;0;5;0;2;0;42;3;22.15;30.15;20;8;4.31;5.85;7.38;0;1.54;0;0.62;0;11.14;0.92
31426;31;Pointis-de-Rivière;609;503;486;131;109;124;38;19;24;24;8;6;1;2;0;106;2;26.95;22.43;25.51;7.82;3.91;4.94;4.94;1.65;1.23;0.21;0.41;0;17.41;0.41
31427;31;Pointis-Inard;718;590;577;151;113;124;66;28;41;36;5;9;3;1;0;128;5;26.17;19.58;21.49;11.44;4.85;7.11;6.24;0.87;1.56;0.52;0.17;0;17.83;0.87
31428;31;Polastron;53;36;33;12;6;6;4;1;1;3;0;0;0;0;0;17;0;36.36;18.18;18.18;12.12;3.03;3.03;9.09;0;0;0;0;0;32.08;0
31429;31;Pompertuzat;1643;1478;1441;155;283;502;255;72;27;127;5;8;3;4;0;165;9;10.76;19.64;34.84;17.7;5;1.87;8.81;0.35;0.56;0.21;0.28;0;10.04;0.62
31430;31;Ponlat-Taillebourg;505;388;379;120;72;76;39;20;18;27;0;4;3;0;0;117;1;31.66;19;20.05;10.29;5.28;4.75;7.12;0;1.06;0.79;0;0;23.17;0.26
31431;31;Portet-d'Aspet;82;71;69;9;13;13;13;6;9;5;0;1;0;0;0;11;2;13.04;18.84;18.84;18.84;8.7;13.04;7.25;0;1.45;0;0;0;13.41;2.9
31432;31;Portet-de-Luchon;30;25;23;1;3;4;5;1;3;5;1;0;0;0;0;5;0;4.35;13.04;17.39;21.74;4.35;13.04;21.74;4.35;0;0;0;0;16.67;0
31433;31;Portet-sur-Garonne;6649;5499;5366;1165;1223;1245;815;178;105;489;48;67;21;10;0;1150;40;21.71;22.79;23.2;15.19;3.32;1.96;9.11;0.89;1.25;0.39;0.19;0;17.3;0.75
31434;31;Poubeau;70;54;51;3;12;19;8;1;3;5;0;0;0;0;0;16;3;5.88;23.53;37.25;15.69;1.96;5.88;9.8;0;0;0;0;0;22.86;5.88
31435;31;Poucharramet;708;626;606;172;124;99;90;38;14;53;4;9;3;0;0;82;4;28.38;20.46;16.34;14.85;6.27;2.31;8.75;0.66;1.49;0.5;0;0;11.58;0.66
31436;31;Pouy-de-Touges;312;266;257;73;61;47;34;8;9;19;2;2;1;1;0;46;5;28.4;23.74;18.29;13.23;3.11;3.5;7.39;0.78;0.78;0.39;0.39;0;14.74;1.95
31437;31;Pouze;84;73;71;8;18;20;12;1;3;7;2;0;0;0;0;11;0;11.27;25.35;28.17;16.9;1.41;4.23;9.86;2.82;0;0;0;0;13.1;0
31438;31;Pradère-les-Bourguets;319;289;279;60;62;66;44;15;6;18;2;3;1;2;0;30;2;21.51;22.22;23.66;15.77;5.38;2.15;6.45;0.72;1.08;0.36;0.72;0;9.4;0.72
31439;31;Préserville;547;472;467;75;82;129;111;27;13;22;3;3;2;0;0;75;1;16.06;17.56;27.62;23.77;5.78;2.78;4.71;0.64;0.64;0.43;0;0;13.71;0.21
31440;31;Proupiary;55;47;46;5;15;16;1;0;4;3;1;1;0;0;0;8;0;10.87;32.61;34.78;2.17;0;8.7;6.52;2.17;2.17;0;0;0;14.55;0
31441;31;Prunet;125;115;110;19;32;23;19;8;2;7;0;0;0;0;0;10;2;17.27;29.09;20.91;17.27;7.27;1.82;6.36;0;0;0;0;0;8;1.82
31442;31;Puydaniel;361;322;314;96;74;54;39;12;16;15;2;3;3;0;0;39;7;30.57;23.57;17.2;12.42;3.82;5.1;4.78;0.64;0.96;0.96;0;0;10.8;2.23
31443;31;Puymaurin;250;221;211;58;34;42;27;21;17;9;1;2;0;0;0;29;6;27.49;16.11;19.91;12.8;9.95;8.06;4.27;0.47;0.95;0;0;0;11.6;2.84
31444;31;Puysségur;105;81;80;27;18;11;16;4;0;4;0;0;0;0;0;24;1;33.75;22.5;13.75;20;5;0;5;0;0;0;0;0;22.86;1.25
31445;31;Quint-Fonsegrives;4383;3917;3829;523;667;1215;867;144;63;259;34;31;16;10;0;466;9;13.66;17.42;31.73;22.64;3.76;1.65;6.76;0.89;0.81;0.42;0.26;0;10.63;0.24
31446;31;Ramonville-Saint-Agne;9426;7801;7654;600;2132;2341;1237;196;115;837;67;78;26;25;0;1625;60;7.84;27.85;30.59;16.16;2.56;1.5;10.94;0.88;1.02;0.34;0.33;0;17.24;0.78
31447;31;Razecueillé;56;49;49;13;3;10;8;1;8;5;0;0;1;0;0;7;0;26.53;6.12;20.41;16.33;2.04;16.33;10.2;0;0;2.04;0;0;12.5;0
31448;31;Rebigue;399;369;360;44;55;107;93;17;2;36;3;2;1;0;0;30;1;12.22;15.28;29.72;25.83;4.72;0.56;10;0.83;0.56;0.28;0;0;7.52;0.28
31449;31;Régades;120;98;94;22;25;24;10;3;2;7;0;1;0;0;0;22;0;23.4;26.6;25.53;10.64;3.19;2.13;7.45;0;1.06;0;0;0;18.33;0
31450;31;Renneville;382;344;326;82;48;88;52;15;10;26;2;3;0;0;0;38;4;25.15;14.72;26.99;15.95;4.6;3.07;7.98;0.61;0.92;0;0;0;9.95;1.23
31451;31;Revel;7240;5960;5809;1243;1149;1342;1124;291;159;356;46;67;26;6;0;1280;54;21.4;19.78;23.1;19.35;5.01;2.74;6.13;0.79;1.15;0.45;0.1;0;17.68;0.93
31452;31;Rieucazé;40;35;35;7;6;11;4;0;0;5;0;1;0;1;0;5;0;20;17.14;31.43;11.43;0;0;14.29;0;2.86;0;2.86;0;12.5;0
31453;31;Rieumajou;116;102;98;20;36;13;15;3;1;8;1;1;0;0;0;14;3;20.41;36.73;13.27;15.31;3.06;1.02;8.16;1.02;1.02;0;0;0;12.07;3.06
31454;31;Rieumes;2497;2084;2022;522;427;379;344;70;62;151;16;31;18;2;0;413;23;25.82;21.12;18.74;17.01;3.46;3.07;7.47;0.79;1.53;0.89;0.1;0;16.54;1.14
31455;31;Rieux-Volvestre;1871;1611;1563;368;372;324;210;52;61;127;16;23;7;3;0;260;18;23.54;23.8;20.73;13.44;3.33;3.9;8.13;1.02;1.47;0.45;0.19;0;13.9;1.15
31456;31;Riolas;39;33;31;6;3;10;3;0;5;4;0;0;0;0;0;6;0;19.35;9.68;32.26;9.68;0;16.13;12.9;0;0;0;0;0;15.38;0
31457;31;Roquefort-sur-Garonne;643;524;511;130;129;104;62;14;23;31;10;2;5;1;0;119;8;25.44;25.24;20.35;12.13;2.74;4.5;6.07;1.96;0.39;0.98;0.2;0;18.51;1.57
31458;31;Roques;3200;2568;2513;514;529;616;412;112;62;208;26;19;12;3;0;632;14;20.45;21.05;24.51;16.39;4.46;2.47;8.28;1.03;0.76;0.48;0.12;0;19.75;0.56
31459;31;Roquesérière;546;485;475;85;102;108;91;23;21;34;5;5;1;0;0;61;1;17.89;21.47;22.74;19.16;4.84;4.42;7.16;1.05;1.05;0.21;0;0;11.17;0.21
31460;31;Roquettes;3207;2852;2775;550;560;764;419;148;49;212;25;22;21;5;0;355;21;19.82;20.18;27.53;15.1;5.33;1.77;7.64;0.9;0.79;0.76;0.18;0;11.07;0.76
31461;31;Rouède;226;173;170;33;61;18;18;7;15;12;1;4;1;0;0;53;2;19.41;35.88;10.59;10.59;4.12;8.82;7.06;0.59;2.35;0.59;0;0;23.45;1.18
31462;31;Rouffiac-Tolosan;1664;1442;1423;180;190;443;460;41;20;76;8;3;1;1;0;222;2;12.65;13.35;31.13;32.33;2.88;1.41;5.34;0.56;0.21;0.07;0.07;0;13.34;0.14
31463;31;Roumens;193;174;169;49;29;51;16;6;6;11;0;1;0;0;0;19;0;28.99;17.16;30.18;9.47;3.55;3.55;6.51;0;0.59;0;0;0;9.84;0
31464;31;Sabonnères;231;203;203;63;45;42;19;10;1;18;0;5;0;0;0;28;0;31.03;22.17;20.69;9.36;4.93;0.49;8.87;0;2.46;0;0;0;12.12;0
31465;31;Saccourvielle;18;15;15;0;5;2;1;0;4;0;3;0;0;0;0;3;0;0;33.33;13.33;6.67;0;26.67;0;20;0;0;0;0;16.67;0
31466;31;Saiguède;579;514;499;112;104;118;88;22;18;25;3;4;3;2;0;65;2;22.44;20.84;23.65;17.64;4.41;3.61;5.01;0.6;0.8;0.6;0.4;0;11.23;0.4
31467;31;Saint-Alban;4538;3667;3552;838;863;819;478;198;77;194;21;40;18;6;0;871;27;23.59;24.3;23.06;13.46;5.57;2.17;5.46;0.59;1.13;0.51;0.17;0;19.19;0.76
31468;31;Saint-André;164;138;130;30;23;12;27;15;14;6;0;2;1;0;0;26;4;23.08;17.69;9.23;20.77;11.54;10.77;4.62;0;1.54;0.77;0;0;15.85;3.08
31469;31;Saint-Araille;144;115;110;33;24;18;8;7;5;9;3;3;0;0;0;29;1;30;21.82;16.36;7.27;6.36;4.55;8.18;2.73;2.73;0;0;0;20.14;0.91
31470;31;Saint-Aventin;83;67;66;3;17;18;20;2;2;3;0;0;0;1;0;16;0;4.55;25.76;27.27;30.3;3.03;3.03;4.55;0;0;0;1.52;0;19.28;0
31471;31;Saint-Béat;293;231;227;44;57;44;30;9;17;19;4;1;2;0;0;62;2;19.38;25.11;19.38;13.22;3.96;7.49;8.37;1.76;0.44;0.88;0;0;21.16;0.88
31472;31;Saint-Bertrand-de-Comminges;222;176;166;32;15;41;31;3;14;27;1;1;1;0;0;46;5;19.28;9.04;24.7;18.67;1.81;8.43;16.27;0.6;0.6;0.6;0;0;20.72;3.01
31473;31;Saint-Cézert;291;264;255;56;74;55;37;11;8;12;0;2;0;0;0;27;2;21.96;29.02;21.57;14.51;4.31;3.14;4.71;0;0.78;0;0;0;9.28;0.78
31474;31;Saint-Christaud;236;201;198;61;41;24;27;10;8;16;5;5;1;0;0;35;1;30.81;20.71;12.12;13.64;5.05;4.04;8.08;2.53;2.53;0.51;0;0;14.83;0.51
31475;31;Saint-Clar-de-Rivière;951;858;837;218;183;173;110;48;18;62;5;12;5;3;0;93;7;26.05;21.86;20.67;13.14;5.73;2.15;7.41;0.6;1.43;0.6;0.36;0;9.78;0.84
31476;31;Saint-Elix-le-Château;674;558;547;134;135;95;93;31;8;35;8;5;1;2;0;116;2;24.5;24.68;17.37;17;5.67;1.46;6.4;1.46;0.91;0.18;0.37;0;17.21;0.37
31477;31;Saint-Elix-Séglan;42;36;33;9;4;8;3;0;4;5;0;0;0;0;0;6;1;27.27;12.12;24.24;9.09;0;12.12;15.15;0;0;0;0;0;14.29;3.03
31478;31;Saint-Félix-Lauragais;1124;924;895;199;177;211;156;29;28;56;15;14;9;1;0;200;19;22.23;19.78;23.58;17.43;3.24;3.13;6.26;1.68;1.56;1.01;0.11;0;17.79;2.12
31479;31;Saint-Ferréol;65;50;49;10;4;7;15;3;8;1;0;1;0;0;0;15;0;20.41;8.16;14.29;30.61;6.12;16.33;2.04;0;2.04;0;0;0;23.08;0
31480;31;Sainte-Foy-d'Aigrefeuille;1730;1518;1482;232;308;466;236;67;32;108;15;14;4;0;0;212;20;15.65;20.78;31.44;15.92;4.52;2.16;7.29;1.01;0.94;0.27;0;0;12.25;1.35
31481;31;Sainte-Foy-de-Peyrolières;1518;1331;1298;376;300;247;159;56;34;85;16;16;5;4;0;187;20;28.97;23.11;19.03;12.25;4.31;2.62;6.55;1.23;1.23;0.39;0.31;0;12.32;1.54
31482;31;Saint-Frajou;154;130;125;18;33;22;26;3;5;8;4;4;1;1;0;24;0;14.4;26.4;17.6;20.8;2.4;4;6.4;3.2;3.2;0.8;0.8;0;15.58;0
31483;31;Saint-Gaudens;8315;5958;5791;1297;1074;1385;1063;241;188;416;40;52;25;10;0;2357;57;22.4;18.55;23.92;18.36;4.16;3.25;7.18;0.69;0.9;0.43;0.17;0;28.35;0.98
31484;31;Saint-Geniès-Bellevue;1848;1627;1603;259;295;483;332;71;28;101;15;12;6;1;0;221;16;16.16;18.4;30.13;20.71;4.43;1.75;6.3;0.94;0.75;0.37;0.06;0;11.96;1
31485;31;Saint-Germier;88;70;68;10;16;20;7;3;0;8;2;0;2;0;0;18;1;14.71;23.53;29.41;10.29;4.41;0;11.76;2.94;0;2.94;0;0;20.45;1.47
31486;31;Saint-Hilaire;862;747;729;193;151;168;102;36;14;49;3;8;5;0;0;115;6;26.47;20.71;23.05;13.99;4.94;1.92;6.72;0.41;1.1;0.69;0;0;13.34;0.82
31487;31;Saint-Ignan;192;157;153;37;24;30;29;13;11;5;0;2;2;0;0;35;2;24.18;15.69;19.61;18.95;8.5;7.19;3.27;0;1.31;1.31;0;0;18.23;1.31
31488;31;Saint-Jean;8133;6722;6585;919;1336;2034;1249;298;113;519;41;38;29;9;0;1411;43;13.96;20.29;30.89;18.97;4.53;1.72;7.88;0.62;0.58;0.44;0.14;0;17.35;0.65
31489;31;Saint-Jean-Lherm;287;267;258;39;52;72;72;8;4;9;0;1;1;0;0;20;1;15.12;20.16;27.91;27.91;3.1;1.55;3.49;0;0.39;0.39;0;0;6.97;0.39
31490;31;Saint-Jory;4332;3457;3374;891;719;698;513;189;71;181;47;46;14;5;0;875;25;26.41;21.31;20.69;15.2;5.6;2.1;5.36;1.39;1.36;0.41;0.15;0;20.2;0.74
31491;31;Saint-Julia;306;261;254;36;76;52;42;10;6;22;3;4;3;0;0;45;0;14.17;29.92;20.47;16.54;3.94;2.36;8.66;1.18;1.57;1.18;0;0;14.71;0
31492;31;Saint-Julien;387;331;315;108;74;55;27;14;8;20;2;5;2;0;0;56;4;34.29;23.49;17.46;8.57;4.44;2.54;6.35;0.63;1.59;0.63;0;0;14.47;1.27
31493;31;Saint-Lary-Boujean;108;88;81;17;16;14;15;3;2;11;0;2;1;0;0;20;7;20.99;19.75;17.28;18.52;3.7;2.47;13.58;0;2.47;1.23;0;0;18.52;8.64
31494;31;Saint-Laurent;137;114;110;16;29;16;19;2;12;11;2;2;1;0;0;23;0;14.55;26.36;14.55;17.27;1.82;10.91;10;1.82;1.82;0.91;0;0;16.79;0
31495;31;Saint-Léon;968;831;811;175;177;201;92;26;16;90;12;13;8;1;0;137;7;21.58;21.82;24.78;11.34;3.21;1.97;11.1;1.48;1.6;0.99;0.12;0;14.15;0.86
31496;31;Sainte-Livrade;228;206;197;41;42;50;33;7;6;15;1;1;0;1;0;22;2;20.81;21.32;25.38;16.75;3.55;3.05;7.61;0.51;0.51;0;0.51;0;9.65;1.02
31497;31;Saint-Loup-Cammas;1673;1478;1442;276;281;405;219;85;31;117;5;16;6;1;0;195;11;19.14;19.49;28.09;15.19;5.89;2.15;8.11;0.35;1.11;0.42;0.07;0;11.66;0.76
31498;31;Saint-Loup-en-Comminges;35;26;26;4;6;6;3;4;1;1;1;0;0;0;0;9;0;15.38;23.08;23.08;11.54;15.38;3.85;3.85;3.85;0;0;0;0;25.71;0
31499;31;Saint-Lys;6516;5487;5359;1244;1284;1284;613;288;117;371;52;70;26;10;0;1029;37;23.21;23.96;23.96;11.44;5.37;2.18;6.92;0.97;1.31;0.49;0.19;0;15.79;0.69
31500;31;Saint-Mamet;458;342;332;76;52;90;64;8;22;13;1;3;2;1;0;116;4;22.89;15.66;27.11;19.28;2.41;6.63;3.92;0.3;0.9;0.6;0.3;0;25.33;1.2
31501;31;Saint-Marcel-Paulel;382;345;339;67;86;43;105;10;7;17;2;0;1;1;0;37;1;19.76;25.37;12.68;30.97;2.95;2.06;5.01;0.59;0;0.29;0.29;0;9.69;0.29
31502;31;Saint-Marcet;312;259;254;65;58;49;31;11;12;23;1;4;0;0;0;53;2;25.59;22.83;19.29;12.2;4.33;4.72;9.06;0.39;1.57;0;0;0;16.99;0.79
31503;31;Saint-Martory;736;578;562;169;102;120;63;16;29;41;8;8;6;0;0;158;5;30.07;18.15;21.35;11.21;2.85;5.16;7.3;1.42;1.42;1.07;0;0;21.47;0.89
31504;31;Saint-Médard;188;155;150;35;42;26;20;4;6;14;0;3;0;0;0;33;0;23.33;28;17.33;13.33;2.67;4;9.33;0;2;0;0;0;17.55;0
31505;31;Saint-Michel;284;235;229;35;55;47;46;11;9;15;1;4;5;1;0;49;5;15.28;24.02;20.52;20.09;4.8;3.93;6.55;0.44;1.75;2.18;0.44;0;17.25;2.18
31506;31;Saint-Orens-de-Gameville;8497;7548;7410;960;1468;2339;1539;256;120;579;44;68;24;13;0;949;37;12.96;19.81;31.57;20.77;3.45;1.62;7.81;0.59;0.92;0.32;0.18;0;11.17;0.5
31507;31;Saint-Paul-sur-Save;957;837;808;203;188;195;85;36;21;64;2;8;4;2;0;120;5;25.12;23.27;24.13;10.52;4.46;2.6;7.92;0.25;0.99;0.5;0.25;0;12.54;0.62
31508;31;Saint-Paul-d'Oueil;36;31;31;6;3;11;6;1;3;1;0;0;0;0;0;5;0;19.35;9.68;35.48;19.35;3.23;9.68;3.23;0;0;0;0;0;13.89;0
31509;31;Saint-Pé-d'Ardet;157;117;114;15;32;24;14;5;2;17;1;0;4;0;0;40;3;13.16;28.07;21.05;12.28;4.39;1.75;14.91;0.88;0;3.51;0;0;25.48;2.63
31510;31;Saint-Pé-Delbosc;110;86;85;21;11;17;14;4;9;6;0;1;2;0;0;24;0;24.71;12.94;20;16.47;4.71;10.59;7.06;0;1.18;2.35;0;0;21.82;0
31511;31;Saint-Pierre;208;174;172;40;33;43;29;7;4;13;0;3;0;0;0;34;2;23.26;19.19;25;16.86;4.07;2.33;7.56;0;1.74;0;0;0;16.35;1.16
31512;31;Saint-Pierre-de-Lages;598;540;529;65;105;169;99;20;18;38;3;7;1;4;0;58;2;12.29;19.85;31.95;18.71;3.78;3.4;7.18;0.57;1.32;0.19;0.76;0;9.7;0.38
31513;31;Saint-Plancard;331;260;254;54;38;70;36;10;19;16;3;7;1;0;0;71;2;21.26;14.96;27.56;14.17;3.94;7.48;6.3;1.18;2.76;0.39;0;0;21.45;0.79
31514;31;Saint-Rome;54;48;46;5;10;14;13;0;2;2;0;0;0;0;0;6;1;10.87;21.74;30.43;28.26;0;4.35;4.35;0;0;0;0;0;11.11;2.17
31515;31;Saint-Rustice;360;325;316;80;78;68;46;15;4;19;4;2;0;0;0;35;3;25.32;24.68;21.52;14.56;4.75;1.27;6.01;1.27;0.63;0;0;0;9.72;0.95
31516;31;Saint-Sauveur;1318;1143;1111;259;202;255;219;71;34;52;5;11;2;1;0;175;8;23.31;18.18;22.95;19.71;6.39;3.06;4.68;0.45;0.99;0.18;0.09;0;13.28;0.72
31517;31;Saint-Sulpice-sur-Lèze;1546;1331;1294;353;317;277;130;54;15;112;8;14;11;3;0;215;10;27.28;24.5;21.41;10.05;4.17;1.16;8.66;0.62;1.08;0.85;0.23;0;13.91;0.77
31518;31;Saint-Thomas;464;397;394;98;83;65;65;26;9;32;5;5;6;0;0;67;1;24.87;21.07;16.5;16.5;6.6;2.28;8.12;1.27;1.27;1.52;0;0;14.44;0.25
31519;31;Saint-Vincent;144;125;123;19;37;31;13;6;2;12;0;2;0;1;0;19;1;15.45;30.08;25.2;10.57;4.88;1.63;9.76;0;1.63;0;0.81;0;13.19;0.81
31520;31;Sajas;98;74;74;20;23;9;7;2;2;8;2;1;0;0;0;24;0;27.03;31.08;12.16;9.46;2.7;2.7;10.81;2.7;1.35;0;0;0;24.49;0
31521;31;Saleich;306;259;249;46;35;75;34;13;30;12;0;1;3;0;0;47;5;18.47;14.06;30.12;13.65;5.22;12.05;4.82;0;0.4;1.2;0;0;15.36;2.01
31522;31;Salerm;52;34;32;6;3;9;3;1;3;2;3;1;0;1;0;18;0;18.75;9.38;28.13;9.38;3.13;9.38;6.25;9.38;3.13;0;3.13;0;34.62;0
31523;31;Salies-du-Salat;1358;962;925;208;194;217;135;33;28;80;12;9;8;1;0;396;14;22.49;20.97;23.46;14.59;3.57;3.03;8.65;1.3;0.97;0.86;0.11;0;29.16;1.51
31524;31;Salles-et-Pratviel;100;79;73;11;22;13;5;3;7;12;0;0;0;0;0;21;2;15.07;30.14;17.81;6.85;4.11;9.59;16.44;0;0;0;0;0;21;2.74
31525;31;Salles-sur-Garonne;448;369;357;109;95;68;37;19;8;10;4;2;5;0;0;79;4;30.53;26.61;19.05;10.36;5.32;2.24;2.8;1.12;0.56;1.4;0;0;17.63;1.12
31526;31;La Salvetat-Saint-Gilles;6031;5105;4986;926;1088;1474;617;250;79;423;42;45;31;11;0;926;47;18.57;21.82;29.56;12.37;5.01;1.58;8.48;0.84;0.9;0.62;0.22;0;15.35;0.94
31527;31;La Salvetat-Lauragais;116;105;102;29;14;24;20;5;3;5;0;1;0;1;0;11;0;28.43;13.73;23.53;19.61;4.9;2.94;4.9;0;0.98;0;0.98;0;9.48;0
31528;31;Saman;116;96;92;22;19;13;8;6;9;13;1;1;0;0;0;20;0;23.91;20.65;14.13;8.7;6.52;9.78;14.13;1.09;1.09;0;0;0;17.24;0
31529;31;Samouillan;86;69;63;15;20;10;12;0;3;2;1;0;0;0;0;17;1;23.81;31.75;15.87;19.05;0;4.76;3.17;1.59;0;0;0;0;19.77;1.59
31530;31;Sana;196;165;160;44;41;27;18;5;7;10;3;5;0;0;0;31;3;27.5;25.63;16.88;11.25;3.13;4.38;6.25;1.88;3.13;0;0;0;15.82;1.88
31531;31;Sarrecave;65;47;45;14;12;6;9;0;2;2;0;0;0;0;0;18;0;31.11;26.67;13.33;20;0;4.44;4.44;0;0;0;0;0;27.69;0
31532;31;Sarremezan;62;57;55;9;22;4;5;1;3;11;0;0;0;0;0;5;1;16.36;40;7.27;9.09;1.82;5.45;20;0;0;0;0;0;8.06;1.82
31533;31;Saubens;1423;1330;1315;266;249;367;226;58;28;84;12;9;13;3;0;93;3;20.23;18.94;27.91;17.19;4.41;2.13;6.39;0.91;0.68;0.99;0.23;0;6.54;0.23
31534;31;Saussens;157;141;138;26;20;33;30;9;10;4;5;1;0;0;0;16;1;18.84;14.49;23.91;21.74;6.52;7.25;2.9;3.62;0.72;0;0;0;10.19;0.72
31535;31;Sauveterre-de-Comminges;544;451;444;94;99;105;48;16;36;33;1;5;4;3;0;93;2;21.17;22.3;23.65;10.81;3.6;8.11;7.43;0.23;1.13;0.9;0.68;0;17.1;0.45
31536;31;Saux-et-Pomarède;236;192;186;45;35;51;25;8;12;8;1;1;0;0;0;44;0;24.19;18.82;27.42;13.44;4.3;6.45;4.3;0.54;0.54;0;0;0;18.64;0
31537;31;Savarthès;140;113;110;39;16;25;14;3;4;6;1;1;1;0;0;27;1;35.45;14.55;22.73;12.73;2.73;3.64;5.45;0.91;0.91;0.91;0;0;19.29;0.91
31538;31;Savères;172;145;141;45;33;25;14;6;2;14;0;0;1;1;0;27;2;31.91;23.4;17.73;9.93;4.26;1.42;9.93;0;0;0.71;0.71;0;15.7;1.42
31539;31;Sédeilhac;56;42;41;7;4;9;10;3;2;4;0;2;0;0;0;14;0;17.07;9.76;21.95;24.39;7.32;4.88;9.76;0;4.88;0;0;0;25;0
31540;31;Ségreville;219;190;184;48;36;41;32;6;4;12;1;3;1;0;0;29;1;26.09;19.57;22.28;17.39;3.26;2.17;6.52;0.54;1.63;0.54;0;0;13.24;0.54
31541;31;Seilh;2161;1861;1815;320;286;505;455;76;34;114;7;7;7;4;0;300;10;17.63;15.76;27.82;25.07;4.19;1.87;6.28;0.39;0.39;0.39;0.22;0;13.88;0.55
31542;31;Seilhan;194;151;146;38;24;34;26;6;9;8;1;0;0;0;0;43;0;26.03;16.44;23.29;17.81;4.11;6.16;5.48;0.68;0;0;0;0;22.16;0
31543;31;Sénarens;94;79;76;15;14;24;7;6;2;7;0;1;0;0;0;15;2;19.74;18.42;31.58;9.21;7.89;2.63;9.21;0;1.32;0;0;0;15.96;2.63
31544;31;Sengouagnet;206;170;166;18;50;38;24;2;18;10;1;2;2;1;0;36;3;10.84;30.12;22.89;14.46;1.2;10.84;6.02;0.6;1.2;1.2;0.6;0;17.48;1.81
31545;31;Sepx;181;147;143;38;23;27;19;11;2;18;0;1;3;1;0;34;0;26.57;16.08;18.88;13.29;7.69;1.4;12.59;0;0.7;2.1;0.7;0;18.78;0
31546;31;Seyre;100;91;86;20;16;18;14;4;1;11;1;1;0;0;0;9;1;23.26;18.6;20.93;16.28;4.65;1.16;12.79;1.16;1.16;0;0;0;9;1.16
31547;31;Seysses;5503;4596;4484;1126;928;1049;614;215;96;342;38;38;27;11;0;907;26;25.11;20.7;23.39;13.69;4.79;2.14;7.63;0.85;0.85;0.6;0.25;0;16.48;0.58
31548;31;Signac;48;38;38;2;10;7;13;0;1;5;0;0;0;0;0;10;0;5.26;26.32;18.42;34.21;0;2.63;13.16;0;0;0;0;0;20.83;0
31549;31;Sode;23;19;19;0;0;6;0;3;4;3;0;3;0;0;0;4;0;0;0;31.58;0;15.79;21.05;15.79;0;15.79;0;0;0;17.39;0
31550;31;Soueich;466;374;365;76;84;101;36;12;15;33;3;2;3;0;0;92;1;20.82;23.01;27.67;9.86;3.29;4.11;9.04;0.82;0.55;0.82;0;0;19.74;0.27
31551;31;Tarabel;348;316;305;59;79;61;52;13;5;28;1;1;6;0;0;32;1;19.34;25.9;20;17.05;4.26;1.64;9.18;0.33;0.33;1.97;0;0;9.2;0.33
31552;31;Terrebasse;121;97;96;25;20;8;13;9;9;10;1;0;1;0;0;24;0;26.04;20.83;8.33;13.54;9.38;9.38;10.42;1.04;0;1.04;0;0;19.83;0
31553;31;Thil;874;725;708;167;175;133;92;41;16;60;4;16;4;0;0;149;0;23.59;24.72;18.79;12.99;5.79;2.26;8.47;0.56;2.26;0.56;0;0;17.05;0
31554;31;Touille;203;174;165;36;32;28;29;12;10;15;0;0;2;1;0;29;2;21.82;19.39;16.97;17.58;7.27;6.06;9.09;0;0;1.21;0.61;0;14.29;1.21
31555;31;Toulouse;268837;198072;194592;18311;56769;53040;34384;4868;2409;20134;1735;1912;704;326;0;70765;945;9.41;29.17;27.26;17.67;2.5;1.24;10.35;0.89;0.98;0.36;0.17;0;26.32;0.49
31556;31;Les Tourreilles;309;254;245;80;46;45;34;14;7;13;1;3;2;0;0;55;2;32.65;18.78;18.37;13.88;5.71;2.86;5.31;0.41;1.22;0.82;0;0;17.8;0.82
31557;31;Tournefeuille;21208;17239;16884;2079;3341;5733;3173;549;230;1458;111;122;58;30;0;3969;115;12.31;19.79;33.96;18.79;3.25;1.36;8.64;0.66;0.72;0.34;0.18;0;18.71;0.68
31558;31;Toutens;206;188;185;42;52;42;15;13;5;10;1;3;1;1;0;18;0;22.7;28.11;22.7;8.11;7.03;2.7;5.41;0.54;1.62;0.54;0.54;0;8.74;0
31559;31;Trébons-de-Luchon;15;12;12;0;1;3;2;0;5;1;0;0;0;0;0;3;0;0;8.33;25;16.67;0;41.67;8.33;0;0;0;0;0;20;0
31560;31;Trébons-sur-la-Grasse;342;311;308;58;65;78;55;12;5;29;2;2;2;0;0;31;1;18.83;21.1;25.32;17.86;3.9;1.62;9.42;0.65;0.65;0.65;0;0;9.06;0.32
31561;31;L'Union;9672;8302;8133;1112;1564;2463;1776;310;127;599;74;65;28;15;0;1370;46;13.67;19.23;30.28;21.84;3.81;1.56;7.37;0.91;0.8;0.34;0.18;0;14.16;0.57
31562;31;Urau;109;95;94;11;22;11;7;6;26;5;0;4;2;0;0;14;0;11.7;23.4;11.7;7.45;6.38;27.66;5.32;0;4.26;2.13;0;0;12.84;0
31563;31;Vacquiers;1013;876;855;157;163;264;152;43;16;45;4;7;2;2;0;137;7;18.36;19.06;30.88;17.78;5.03;1.87;5.26;0.47;0.82;0.23;0.23;0;13.52;0.82
31564;31;Valcabrère;154;126;121;13;32;23;26;3;18;3;1;1;1;0;0;28;1;10.74;26.45;19.01;21.49;2.48;14.88;2.48;0.83;0.83;0.83;0;0;18.18;0.83
31565;31;Valentine;641;542;527;107;162;108;67;18;20;31;5;8;1;0;0;99;3;20.3;30.74;20.49;12.71;3.42;3.8;5.88;0.95;1.52;0.19;0;0;15.44;0.57
31566;31;Vallègue;415;382;371;73;79;90;54;22;9;33;0;2;8;1;0;33;3;19.68;21.29;24.26;14.56;5.93;2.43;8.89;0;0.54;2.16;0.27;0;7.95;0.81
31567;31;Vallesvilles;290;261;254;33;55;81;45;11;9;14;2;4;0;0;0;29;1;12.99;21.65;31.89;17.72;4.33;3.54;5.51;0.79;1.57;0;0;0;10;0.39
31568;31;Varennes;210;184;177;33;38;41;39;7;6;9;3;1;0;0;0;26;2;18.64;21.47;23.16;22.03;3.95;3.39;5.08;1.69;0.56;0;0;0;12.38;1.13
31569;31;Vaudreuille;324;271;265;58;56;60;49;11;12;13;1;2;2;1;0;53;2;21.89;21.13;22.64;18.49;4.15;4.53;4.91;0.38;0.75;0.75;0.38;0;16.36;0.75
31570;31;Vaux;251;201;194;65;34;28;41;10;4;6;5;1;0;0;0;50;1;33.51;17.53;14.43;21.13;5.15;2.06;3.09;2.58;0.52;0;0;0;19.92;0.52
31571;31;Vendine;227;202;195;44;49;37;25;13;8;12;5;2;0;0;0;25;0;22.56;25.13;18.97;12.82;6.67;4.1;6.15;2.56;1.03;0;0;0;11.01;0
31572;31;Venerque;2017;1786;1755;298;433;426;315;81;34;134;8;15;5;6;0;231;5;16.98;24.67;24.27;17.95;4.62;1.94;7.64;0.46;0.85;0.28;0.34;0;11.45;0.28
31573;31;Verfeil;2630;2253;2204;413;481;535;374;109;49;181;13;29;15;5;0;377;12;18.74;21.82;24.27;16.97;4.95;2.22;8.21;0.59;1.32;0.68;0.23;0;14.33;0.54
31574;31;Vernet;2035;1782;1738;408;470;391;178;82;44;126;10;19;6;4;0;253;18;23.48;27.04;22.5;10.24;4.72;2.53;7.25;0.58;1.09;0.35;0.23;0;12.43;1.04
31575;31;Vieille-Toulouse;977;892;882;34;90;270;402;28;9;43;4;1;0;1;0;85;3;3.85;10.2;30.61;45.58;3.17;1.02;4.88;0.45;0.11;0;0.11;0;8.7;0.34
31576;31;Vieillevigne;235;201;192;27;56;53;17;10;8;21;0;0;0;0;0;34;2;14.06;29.17;27.6;8.85;5.21;4.17;10.94;0;0;0;0;0;14.47;1.04
31577;31;Vignaux;118;101;95;15;20;20;10;9;3;14;2;2;0;0;0;17;2;15.79;21.05;21.05;10.53;9.47;3.16;14.74;2.11;2.11;0;0;0;14.41;2.11
31578;31;Vigoulet-Auzil;834;735;725;46;89;260;263;11;7;43;3;2;0;1;0;99;0;6.34;12.28;35.86;36.28;1.52;0.97;5.93;0.41;0.28;0;0.14;0;11.87;0
31579;31;Villariès;617;545;533;110;134;128;74;26;11;36;5;9;0;0;0;72;2;20.64;25.14;24.02;13.88;4.88;2.06;6.75;0.94;1.69;0;0;0;11.67;0.38
31580;31;Villate;699;608;590;127;116;143;79;46;11;54;1;11;2;0;0;91;17;21.53;19.66;24.24;13.39;7.8;1.86;9.15;0.17;1.86;0.34;0;0;13.02;2.88
31581;31;Villaudric;1115;966;943;250;226;211;122;31;20;62;7;6;6;2;0;149;5;26.51;23.97;22.38;12.94;3.29;2.12;6.57;0.74;0.64;0.64;0.21;0;13.36;0.53
31582;31;Villefranche-de-Lauragais;3351;2730;2656;546;549;685;394;106;72;244;21;19;14;6;0;621;21;20.56;20.67;25.79;14.83;3.99;2.71;9.19;0.79;0.72;0.53;0.23;0;18.53;0.79
31583;31;Villematier;838;736;717;226;110;155;127;33;18;24;12;5;5;2;0;102;4;31.52;15.34;21.62;17.71;4.6;2.51;3.35;1.67;0.7;0.7;0.28;0;12.17;0.56
31584;31;Villemur-sur-Tarn;4473;3552;3445;943;742;693;524;150;84;192;32;46;28;11;0;921;31;27.37;21.54;20.12;15.21;4.35;2.44;5.57;0.93;1.34;0.81;0.32;0;20.59;0.9
31585;31;Villeneuve-de-Rivière;1364;1145;1118;276;200;267;217;42;33;60;4;4;11;4;0;219;17;24.69;17.89;23.88;19.41;3.76;2.95;5.37;0.36;0.36;0.98;0.36;0;16.06;1.52
31586;31;Villeneuve-Lécussan;474;364;354;98;83;94;38;10;13;12;1;3;1;1;0;110;4;27.68;23.45;26.55;10.73;2.82;3.67;3.39;0.28;0.85;0.28;0.28;0;23.21;1.13
31587;31;Villeneuve-lès-Bouloc;1072;928;913;237;159;239;153;33;21;47;8;6;6;4;0;144;5;25.96;17.42;26.18;16.76;3.61;2.3;5.15;0.88;0.66;0.66;0.44;0;13.43;0.55
31588;31;Villeneuve-Tolosane;6818;5813;5660;1066;1241;1540;909;242;101;422;44;57;27;11;0;1005;45;18.83;21.93;27.21;16.06;4.28;1.78;7.46;0.78;1.01;0.48;0.19;0;14.74;0.8
31589;31;Villenouvelle;981;871;842;163;224;191;102;33;14;99;5;5;6;0;0;110;5;19.36;26.6;22.68;12.11;3.92;1.66;11.76;0.59;0.59;0.71;0;0;11.21;0.59
31590;31;Binos;47;37;36;5;8;3;6;0;2;11;0;0;1;0;0;10;0;13.89;22.22;8.33;16.67;0;5.56;30.56;0;0;2.78;0;0;21.28;0
31591;31;Escoulis;84;64;61;9;11;19;9;0;7;4;0;0;2;0;0;20;3;14.75;18.03;31.15;14.75;0;11.48;6.56;0;0;3.28;0;0;23.81;4.92
31592;31;Larra;1235;1105;1083;280;240;208;140;72;26;82;16;8;7;4;0;130;5;25.85;22.16;19.21;12.93;6.65;2.4;7.57;1.48;0.74;0.65;0.37;0;10.53;0.46
31593;31;Cazac;80;62;59;10;8;22;7;2;4;4;1;1;0;0;0;18;1;16.95;13.56;37.29;11.86;3.39;6.78;6.78;1.69;1.69;0;0;0;22.5;1.69