insee;dep;nom;nb_inscrits;nb_votants;nb_exprimes;nb_voix1;nb_voix2;nb_voix3;nb_voix4;nb_voix5;nb_voix6;nb_voix7;nb_voix8;nb_voix9;nb_voix10;nb_voix11;nb_voix12;nb_voix13;nb_voix14;voix_1;voix_2;voix_3;voix_4;voix_5;voix_6;voix_7;voix_8;voix_9;voix_10;voix_11;voix_12;voix_13;voix_14
34001;34;Abeilhan;1306;1077;1050;421;186;174;155;36;12;38;8;11;8;1;0;229;8;40.1;17.71;16.57;14.76;3.43;1.14;3.62;0.76;1.05;0.76;0.1;0;17.53;0.76
34002;34;Adissan;870;720;701;252;136;128;89;31;11;35;8;5;4;2;0;150;5;35.95;19.4;18.26;12.7;4.42;1.57;4.99;1.14;0.71;0.57;0.29;0;17.24;0.71
34003;34;Agde;23522;18307;17934;6136;2862;3100;4041;651;191;606;137;121;74;15;0;5215;119;34.21;15.96;17.29;22.53;3.63;1.07;3.38;0.76;0.67;0.41;0.08;0;22.17;0.66
34004;34;Agel;179;150;148;29;37;27;35;2;6;8;2;2;0;0;0;29;1;19.59;25;18.24;23.65;1.35;4.05;5.41;1.35;1.35;0;0;0;16.2;0.68
34005;34;Agonès;202;179;179;36;45;31;38;7;0;17;0;4;1;0;0;23;0;20.11;25.14;17.32;21.23;3.91;0;9.5;0;2.23;0.56;0;0;11.39;0
34006;34;Aigne;186;157;153;30;26;41;41;1;2;11;1;0;0;0;0;29;2;19.61;16.99;26.8;26.8;0.65;1.31;7.19;0.65;0;0;0;0;15.59;1.31
34007;34;Aigues-Vives;344;295;287;81;56;39;59;9;2;35;0;3;1;2;0;49;4;28.22;19.51;13.59;20.56;3.14;0.7;12.2;0;1.05;0.35;0.7;0;14.24;1.39
34008;34;Les Aires;478;395;383;88;111;72;61;15;8;18;5;3;2;0;0;83;2;22.98;28.98;18.8;15.93;3.92;2.09;4.7;1.31;0.78;0.52;0;0;17.36;0.52
34009;34;Alignan-du-Vent;1359;1129;1096;354;236;156;158;47;27;76;12;21;6;3;0;230;10;32.3;21.53;14.23;14.42;4.29;2.46;6.93;1.09;1.92;0.55;0.27;0;16.92;0.91
34010;34;Aniane;2407;1902;1843;520;559;315;204;65;25;97;22;27;6;3;0;505;18;28.21;30.33;17.09;11.07;3.53;1.36;5.26;1.19;1.47;0.33;0.16;0;20.98;0.98
34011;34;Arboras;86;73;69;9;29;16;8;0;0;6;0;0;1;0;0;13;1;13.04;42.03;23.19;11.59;0;0;8.7;0;0;1.45;0;0;15.12;1.45
34012;34;Argelliers;763;651;642;167;156;122;102;17;12;46;10;6;3;1;0;112;3;26.01;24.3;19;15.89;2.65;1.87;7.17;1.56;0.93;0.47;0.16;0;14.68;0.47
34013;34;Aspiran;1147;927;903;318;217;138;117;45;14;31;5;11;5;2;0;220;8;35.22;24.03;15.28;12.96;4.98;1.55;3.43;0.55;1.22;0.55;0.22;0;19.18;0.89
34014;34;Assas;1424;1250;1223;160;224;355;310;39;17;96;8;9;4;1;0;174;10;13.08;18.32;29.03;25.35;3.19;1.39;7.85;0.65;0.74;0.33;0.08;0;12.22;0.82
34015;34;Assignan;134;97;96;17;13;17;33;4;1;9;0;2;0;0;0;37;0;17.71;13.54;17.71;34.38;4.17;1.04;9.38;0;2.08;0;0;0;27.61;0
34016;34;Aumelas;453;395;391;93;115;81;47;15;3;26;4;3;4;0;0;58;1;23.79;29.41;20.72;12.02;3.84;0.77;6.65;1.02;0.77;1.02;0;0;12.8;0.26
34017;34;Aumes;402;342;339;89;70;53;69;26;3;25;2;1;0;1;0;60;0;26.25;20.65;15.63;20.35;7.67;0.88;7.37;0.59;0.29;0;0.29;0;14.93;0
34018;34;Autignac;697;573;555;164;143;88;93;23;5;20;7;9;2;1;0;124;7;29.55;25.77;15.86;16.76;4.14;0.9;3.6;1.26;1.62;0.36;0.18;0;17.79;1.26
34019;34;Avène;295;237;230;58;49;40;40;5;16;17;1;4;0;0;0;58;4;25.22;21.3;17.39;17.39;2.17;6.96;7.39;0.43;1.74;0;0;0;19.66;1.74
34020;34;Azillanet;333;272;267;56;85;50;35;12;12;13;0;2;1;1;0;61;0;20.97;31.84;18.73;13.11;4.49;4.49;4.87;0;0.75;0.37;0.37;0;18.32;0
34021;34;Babeau-Bouldoux;244;194;186;42;36;35;32;5;11;16;3;2;4;0;0;50;1;22.58;19.35;18.82;17.2;2.69;5.91;8.6;1.61;1.08;2.15;0;0;20.49;0.54
34022;34;Baillargues;5270;4424;4337;1077;845;969;967;159;45;171;51;32;13;8;0;846;26;24.83;19.48;22.34;22.3;3.67;1.04;3.94;1.18;0.74;0.3;0.18;0;16.05;0.6
34023;34;Balaruc-les-Bains;6003;4867;4775;1597;963;760;912;209;57;174;35;42;20;6;0;1136;29;33.45;20.17;15.92;19.1;4.38;1.19;3.64;0.73;0.88;0.42;0.13;0;18.92;0.61
34024;34;Balaruc-le-Vieux;1990;1729;1686;619;301;289;260;84;20;72;19;9;10;3;0;261;13;36.71;17.85;17.14;15.42;4.98;1.19;4.27;1.13;0.53;0.59;0.18;0;13.12;0.77
34025;34;Bassan;1641;1388;1346;501;205;247;242;45;39;48;5;9;3;2;0;253;6;37.22;15.23;18.35;17.98;3.34;2.9;3.57;0.37;0.67;0.22;0.15;0;15.42;0.45
34026;34;Beaufort;134;124;120;28;19;24;30;5;7;6;0;1;0;0;0;10;0;23.33;15.83;20;25;4.17;5.83;5;0;0.83;0;0;0;7.46;0
34027;34;Beaulieu;1437;1209;1181;283;209;273;226;69;24;73;6;12;5;1;0;228;8;23.96;17.7;23.12;19.14;5.84;2.03;6.18;0.51;1.02;0.42;0.08;0;15.87;0.68
34028;34;Bédarieux;4409;3217;3150;797;1034;513;383;89;60;181;23;46;18;6;0;1192;25;25.3;32.83;16.29;12.16;2.83;1.9;5.75;0.73;1.46;0.57;0.19;0;27.04;0.79
34029;34;Bélarga;435;370;365;111;95;80;34;14;5;14;3;5;4;0;0;65;0;30.41;26.03;21.92;9.32;3.84;1.37;3.84;0.82;1.37;1.1;0;0;14.94;0
34030;34;Berlou;176;143;141;32;29;39;21;8;5;3;0;2;2;0;0;33;1;22.7;20.57;27.66;14.89;5.67;3.55;2.13;0;1.42;1.42;0;0;18.75;0.71
34031;34;Bessan;3678;3044;2965;1226;683;372;347;110;47;101;22;27;21;9;0;634;15;41.35;23.04;12.55;11.7;3.71;1.59;3.41;0.74;0.91;0.71;0.3;0;17.24;0.51
34032;34;Béziers;47286;35149;34495;10774;6997;6056;6592;1189;466;1672;305;254;135;55;0;12137;218;31.23;20.28;17.56;19.11;3.45;1.35;4.85;0.88;0.74;0.39;0.16;0;25.67;0.63
34033;34;Boisseron;1460;1222;1197;315;244;255;247;46;18;52;6;6;8;0;0;238;2;26.32;20.38;21.3;20.63;3.84;1.5;4.34;0.5;0.5;0.67;0;0;16.3;0.17
34034;34;Boisset;43;32;32;6;6;2;6;0;4;5;0;2;1;0;0;11;0;18.75;18.75;6.25;18.75;0;12.5;15.63;0;6.25;3.13;0;0;25.58;0
34035;34;La Boissière;804;693;674;146;201;128;107;30;16;33;3;7;3;0;0;111;9;21.66;29.82;18.99;15.88;4.45;2.37;4.9;0.45;1.04;0.45;0;0;13.81;1.34
34036;34;Le Bosc;1062;869;857;234;198;167;147;34;10;42;7;11;6;1;0;193;5;27.3;23.1;19.49;17.15;3.97;1.17;4.9;0.82;1.28;0.7;0.12;0;18.17;0.58
34037;34;Boujan-sur-Libron;2519;2085;2025;665;354;369;417;84;28;72;7;16;11;2;0;434;16;32.84;17.48;18.22;20.59;4.15;1.38;3.56;0.35;0.79;0.54;0.1;0;17.23;0.79
34038;34;Le Bousquet-d'Orb;1188;928;910;259;280;159;108;29;6;43;12;8;5;1;0;260;8;28.46;30.77;17.47;11.87;3.19;0.66;4.73;1.32;0.88;0.55;0.11;0;21.89;0.88
34039;34;Bouzigues;1449;1190;1163;373;174;231;261;45;15;37;8;5;12;2;0;259;6;32.07;14.96;19.86;22.44;3.87;1.29;3.18;0.69;0.43;1.03;0.17;0;17.87;0.52
34040;34;Brenas;57;50;50;3;25;8;8;0;3;2;0;1;0;0;0;7;0;6;50;16;16;0;6;4;0;2;0;0;0;12.28;0
34041;34;Brignac;598;521;512;158;156;67;61;21;10;24;6;5;1;3;0;77;0;30.86;30.47;13.09;11.91;4.1;1.95;4.69;1.17;0.98;0.2;0.59;0;12.88;0
34042;34;Brissac;522;461;451;102;139;76;68;17;10;25;1;9;3;1;0;61;7;22.62;30.82;16.85;15.08;3.77;2.22;5.54;0.22;2;0.67;0.22;0;11.69;1.55
34043;34;Buzignargues;251;215;211;44;43;37;45;19;5;12;3;1;1;1;0;36;0;20.85;20.38;17.54;21.33;9;2.37;5.69;1.42;0.47;0.47;0.47;0;14.34;0
34044;34;Cabrerolles;272;224;214;71;56;20;33;4;7;21;0;1;0;1;0;48;1;33.18;26.17;9.35;15.42;1.87;3.27;9.81;0;0.47;0;0.47;0;17.65;0.47
34045;34;Cabrières;365;311;305;71;86;51;37;5;9;30;5;8;3;0;0;54;1;23.28;28.2;16.72;12.13;1.64;2.95;9.84;1.64;2.62;0.98;0;0;14.79;0.33
34046;34;Cambon-et-Salvergues;80;65;64;13;15;22;7;0;3;3;1;0;0;0;0;15;0;20.31;23.44;34.38;10.94;0;4.69;4.69;1.56;0;0;0;0;18.75;0
34047;34;Campagnan;502;407;398;85;116;80;57;14;7;26;6;5;0;2;0;95;1;21.36;29.15;20.1;14.32;3.52;1.76;6.53;1.51;1.26;0;0.5;0;18.92;0.25
34048;34;Campagne;225;185;181;57;33;26;35;13;2;12;0;3;0;0;0;40;2;31.49;18.23;14.36;19.34;7.18;1.1;6.63;0;1.66;0;0;0;17.78;1.1
34049;34;Camplong;192;162;161;32;58;36;10;3;2;18;0;2;0;0;0;30;0;19.88;36.02;22.36;6.21;1.86;1.24;11.18;0;1.24;0;0;0;15.63;0
34050;34;Candillargues;1148;990;966;302;182;207;159;49;15;38;4;6;3;1;0;158;5;31.26;18.84;21.43;16.46;5.07;1.55;3.93;0.41;0.62;0.31;0.1;0;13.76;0.52
34051;34;Canet;2616;2194;2148;754;472;360;288;81;32;104;15;29;10;3;0;422;29;35.1;21.97;16.76;13.41;3.77;1.49;4.84;0.7;1.35;0.47;0.14;0;16.13;1.35
34052;34;Capestang;2401;1947;1902;646;424;333;220;70;31;127;15;19;17;0;0;454;16;33.96;22.29;17.51;11.57;3.68;1.63;6.68;0.79;1;0.89;0;0;18.91;0.84
34053;34;Carlencas-et-Levas;87;77;74;23;12;15;5;4;9;2;3;0;1;0;0;10;1;31.08;16.22;20.27;6.76;5.41;12.16;2.7;4.05;0;1.35;0;0;11.49;1.35
34054;34;Cassagnoles;95;67;66;6;38;8;3;0;3;6;0;2;0;0;0;28;0;9.09;57.58;12.12;4.55;0;4.55;9.09;0;3.03;0;0;0;29.47;0
34055;34;Castanet-le-Haut;165;138;136;41;42;24;9;5;8;5;0;1;0;1;0;27;1;30.15;30.88;17.65;6.62;3.68;5.88;3.68;0;0.74;0;0.74;0;16.36;0.74
34056;34;Castelnau-de-Guers;986;817;801;173;178;156;167;38;12;50;6;15;5;1;0;169;4;21.6;22.22;19.48;20.85;4.74;1.5;6.24;0.75;1.87;0.62;0.12;0;17.14;0.5
34057;34;Castelnau-le-Lez;14320;11682;11471;1734;2217;3161;2822;426;92;764;122;94;25;14;0;2638;70;15.12;19.33;27.56;24.6;3.71;0.8;6.66;1.06;0.82;0.22;0.12;0;18.42;0.61
34058;34;Castries;4928;4093;3998;886;735;977;869;172;36;234;42;31;10;6;0;835;31;22.16;18.38;24.44;21.74;4.3;0.9;5.85;1.05;0.78;0.25;0.15;0;16.94;0.78
34059;34;La Caunette;251;218;212;41;80;24;30;8;8;14;0;3;3;1;0;33;0;19.34;37.74;11.32;14.15;3.77;3.77;6.6;0;1.42;1.42;0.47;0;13.15;0
34060;34;Causse-de-la-Selle;376;321;312;48;73;66;40;13;10;48;5;3;3;3;0;55;1;15.38;23.4;21.15;12.82;4.17;3.21;15.38;1.6;0.96;0.96;0.96;0;14.63;0.32
34061;34;Causses-et-Veyran;460;379;372;125;85;55;62;11;9;18;4;2;0;1;0;81;1;33.6;22.85;14.78;16.67;2.96;2.42;4.84;1.08;0.54;0;0.27;0;17.61;0.27
34062;34;Caussiniojouls;107;96;90;34;11;8;28;3;3;2;0;1;0;0;0;11;1;37.78;12.22;8.89;31.11;3.33;3.33;2.22;0;1.11;0;0;0;10.28;1.11
34063;34;Caux;1931;1636;1604;505;323;276;279;92;19;69;10;22;8;1;0;295;12;31.48;20.14;17.21;17.39;5.74;1.18;4.3;0.62;1.37;0.5;0.06;0;15.28;0.75
34064;34;Le Caylar;390;319;310;69;76;59;56;8;15;18;3;3;2;1;0;71;2;22.26;24.52;19.03;18.06;2.58;4.84;5.81;0.97;0.97;0.65;0.32;0;18.21;0.65
34065;34;Cazedarnes;440;361;349;108;71;73;38;13;11;19;3;10;3;0;0;79;4;30.95;20.34;20.92;10.89;3.72;3.15;5.44;0.86;2.87;0.86;0;0;17.95;1.15
34066;34;Cazevieille;201;162;157;31;20;41;51;4;1;7;0;2;0;0;0;39;4;19.75;12.74;26.11;32.48;2.55;0.64;4.46;0;1.27;0;0;0;19.4;2.55
34067;34;Cazilhac;1176;1004;985;299;185;153;194;51;20;60;11;4;5;3;0;172;4;30.36;18.78;15.53;19.7;5.18;2.03;6.09;1.12;0.41;0.51;0.3;0;14.63;0.41
34068;34;Cazouls-d'Hérault;291;248;243;66;73;41;27;11;4;14;1;6;0;0;0;43;0;27.16;30.04;16.87;11.11;4.53;1.65;5.76;0.41;2.47;0;0;0;14.78;0
34069;34;Cazouls-lès-Béziers;3457;2842;2763;1021;548;456;322;120;55;174;18;32;17;0;0;615;29;36.95;19.83;16.5;11.65;4.34;1.99;6.3;0.65;1.16;0.62;0;0;17.79;1.05
34070;34;Cébazan;442;358;348;115;75;65;43;17;8;22;0;2;1;0;0;84;2;33.05;21.55;18.68;12.36;4.89;2.3;6.32;0;0.57;0.29;0;0;19;0.57
34071;34;Ceilhes-et-Rocozels;259;210;210;42;47;46;36;7;9;12;4;4;3;0;0;49;0;20;22.38;21.9;17.14;3.33;4.29;5.71;1.9;1.9;1.43;0;0;18.92;0
34072;34;Celles;24;21;20;1;11;0;1;0;0;5;0;2;0;0;0;3;0;5;55;0;5;0;0;25;0;10;0;0;0;12.5;0
34073;34;Cers;1975;1538;1495;556;278;261;249;60;26;43;5;8;6;3;0;437;13;37.19;18.6;17.46;16.66;4.01;1.74;2.88;0.33;0.54;0.4;0.2;0;22.13;0.87
34074;34;Cessenon-sur-Orb;1727;1474;1428;460;310;249;200;54;41;74;7;20;11;2;0;253;13;32.21;21.71;17.44;14.01;3.78;2.87;5.18;0.49;1.4;0.77;0.14;0;14.65;0.91
34075;34;Cesseras;284;238;232;45;65;40;46;14;13;6;1;1;0;1;0;46;1;19.4;28.02;17.24;19.83;6.03;5.6;2.59;0.43;0.43;0;0.43;0;16.2;0.43
34076;34;Ceyras;978;805;780;178;201;164;111;35;16;51;14;8;2;0;0;173;25;22.82;25.77;21.03;14.23;4.49;2.05;6.54;1.79;1.03;0.26;0;0;17.69;3.21
34077;34;Clapiers;4124;3687;3600;479;828;1103;682;86;43;299;35;31;10;4;0;437;25;13.31;23;30.64;18.94;2.39;1.19;8.31;0.97;0.86;0.28;0.11;0;10.6;0.69
34078;34;Claret;1252;1047;1034;199;261;235;147;44;21;101;4;20;1;1;0;205;4;19.25;25.24;22.73;14.22;4.26;2.03;9.77;0.39;1.93;0.1;0.1;0;16.37;0.39
34079;34;Clermont-l'Hérault;6193;4701;4601;1274;1127;866;656;170;67;285;54;65;31;6;0;1492;26;27.69;24.49;18.82;14.26;3.69;1.46;6.19;1.17;1.41;0.67;0.13;0;24.09;0.57
34080;34;Colombières-sur-Orb;406;339;332;58;102;68;39;17;12;30;0;5;0;1;0;67;4;17.47;30.72;20.48;11.75;5.12;3.61;9.04;0;1.51;0;0.3;0;16.5;1.2
34081;34;Colombiers;1961;1672;1632;681;282;229;263;61;25;59;17;12;1;2;0;289;9;41.73;17.28;14.03;16.12;3.74;1.53;3.62;1.04;0.74;0.06;0.12;0;14.74;0.55
34082;34;Combaillaux;1335;1166;1133;210;226;310;229;40;12;77;15;11;2;1;0;169;7;18.53;19.95;27.36;20.21;3.53;1.06;6.8;1.32;0.97;0.18;0.09;0;12.66;0.62
34083;34;Combes;186;149;144;28;42;23;28;3;2;13;2;2;1;0;0;37;4;19.44;29.17;15.97;19.44;2.08;1.39;9.03;1.39;1.39;0.69;0;0;19.89;2.78
34084;34;Corneilhan;1304;1095;1072;358;198;196;202;49;11;37;6;9;5;1;0;209;14;33.4;18.47;18.28;18.84;4.57;1.03;3.45;0.56;0.84;0.47;0.09;0;16.03;1.31
34085;34;Coulobres;284;242;237;92;50;35;28;18;4;3;3;2;2;0;0;42;0;38.82;21.1;14.77;11.81;7.59;1.69;1.27;1.27;0.84;0.84;0;0;14.79;0
34086;34;Courniou;514;432;415;135;92;53;52;20;10;28;8;10;7;0;0;82;3;32.53;22.17;12.77;12.53;4.82;2.41;6.75;1.93;2.41;1.69;0;0;15.95;0.72
34087;34;Cournonsec;2286;1919;1871;557;467;378;199;72;29;127;12;18;9;3;0;367;15;29.77;24.96;20.2;10.64;3.85;1.55;6.79;0.64;0.96;0.48;0.16;0;16.05;0.8
34088;34;Cournonterral;4776;3832;3739;1198;886;697;448;177;50;203;30;36;13;1;0;944;19;32.04;23.7;18.64;11.98;4.73;1.34;5.43;0.8;0.96;0.35;0.03;0;19.77;0.51
34089;34;Creissan;930;813;787;263;160;170;92;25;20;43;4;8;2;0;0;117;7;33.42;20.33;21.6;11.69;3.18;2.54;5.46;0.51;1.02;0.25;0;0;12.58;0.89
34090;34;Le Crès;7418;6056;5899;1347;1246;1448;1084;241;57;368;59;28;12;9;0;1362;49;22.83;21.12;24.55;18.38;4.09;0.97;6.24;1;0.47;0.2;0.15;0;18.36;0.83
34091;34;Le Cros;76;65;65;15;21;11;15;0;1;2;0;0;0;0;0;11;0;23.08;32.31;16.92;23.08;0;1.54;3.08;0;0;0;0;0;14.47;0
34092;34;Cruzy;764;650;636;191;145;126;92;24;13;29;4;7;4;1;0;114;3;30.03;22.8;19.81;14.47;3.77;2.04;4.56;0.63;1.1;0.63;0.16;0;14.92;0.47
34093;34;Dio-et-Valquières;162;128;126;21;37;26;14;9;6;9;4;0;0;0;0;34;1;16.67;29.37;20.63;11.11;7.14;4.76;7.14;3.17;0;0;0;0;20.99;0.79
34094;34;Espondeilhan;827;708;693;274;98;125;110;30;6;35;5;5;3;2;0;119;6;39.54;14.14;18.04;15.87;4.33;0.87;5.05;0.72;0.72;0.43;0.29;0;14.39;0.87
34095;34;Fabrègues;5773;4740;4629;1427;908;885;778;259;67;198;41;37;19;10;0;1033;33;30.83;19.62;19.12;16.81;5.6;1.45;4.28;0.89;0.8;0.41;0.22;0;17.89;0.71
34096;34;Faugères;391;328;323;66;86;55;65;9;9;21;3;3;5;1;0;63;1;20.43;26.63;17.03;20.12;2.79;2.79;6.5;0.93;0.93;1.55;0.31;0;16.11;0.31
34097;34;Félines-Minervois;367;306;302;56;92;57;32;13;9;23;7;10;2;1;0;61;2;18.54;30.46;18.87;10.6;4.3;2.98;7.62;2.32;3.31;0.66;0.33;0;16.62;0.66
34098;34;Ferrals-les-Montagnes;124;104;102;28;37;12;4;4;5;7;1;2;2;0;0;20;2;27.45;36.27;11.76;3.92;3.92;4.9;6.86;0.98;1.96;1.96;0;0;16.13;1.96
34099;34;Ferrières-les-Verreries;62;50;50;11;8;18;7;4;0;0;2;0;0;0;0;12;0;22;16;36;14;8;0;0;4;0;0;0;0;19.35;0
34100;34;Ferrières-Poussarou;87;77;72;19;8;10;11;4;6;13;0;1;0;0;0;10;1;26.39;11.11;13.89;15.28;5.56;8.33;18.06;0;1.39;0;0;0;11.49;1.39
34101;34;Florensac;3727;3068;2979;1030;611;498;456;108;41;161;20;34;18;2;0;659;25;34.58;20.51;16.72;15.31;3.63;1.38;5.4;0.67;1.14;0.6;0.07;0;17.68;0.84
34102;34;Fontanès;304;262;254;50;31;78;53;10;4;21;5;0;1;1;0;42;2;19.69;12.2;30.71;20.87;3.94;1.57;8.27;1.97;0;0.39;0.39;0;13.82;0.79
34103;34;Fontès;751;604;593;160;144;107;104;15;12;31;7;4;7;2;0;147;11;26.98;24.28;18.04;17.54;2.53;2.02;5.23;1.18;0.67;1.18;0.34;0;19.57;1.85
34104;34;Fos;93;73;70;10;20;24;8;1;2;4;0;0;1;0;0;20;2;14.29;28.57;34.29;11.43;1.43;2.86;5.71;0;0;1.43;0;0;21.51;2.86
34105;34;Fouzilhon;179;153;149;52;31;26;16;2;4;8;4;4;2;0;0;26;1;34.9;20.81;17.45;10.74;1.34;2.68;5.37;2.68;2.68;1.34;0;0;14.53;0.67
34106;34;Fozières;172;143;142;18;45;23;24;7;1;11;7;2;3;1;0;29;1;12.68;31.69;16.2;16.9;4.93;0.7;7.75;4.93;1.41;2.11;0.7;0;16.86;0.7
34107;34;Fraisse-sur-Agout;288;235;229;58;67;41;32;6;8;10;1;3;1;2;0;53;3;25.33;29.26;17.9;13.97;2.62;3.49;4.37;0.44;1.31;0.44;0.87;0;18.4;1.31
34108;34;Frontignan;18706;14527;14162;4891;3171;2453;1794;544;227;732;121;133;68;28;0;4179;149;34.54;22.39;17.32;12.67;3.84;1.6;5.17;0.85;0.94;0.48;0.2;0;22.34;1.05
34109;34;Gabian;679;553;538;172;143;67;92;18;13;19;4;8;1;1;0;126;7;31.97;26.58;12.45;17.1;3.35;2.42;3.53;0.74;1.49;0.19;0.19;0;18.56;1.3
34110;34;Galargues;571;468;454;123;107;87;79;16;10;21;6;4;1;0;0;103;5;27.09;23.57;19.16;17.4;3.52;2.2;4.63;1.32;0.88;0.22;0;0;18.04;1.1
34111;34;Ganges;2912;2302;2230;550;660;354;326;72;37;151;27;27;19;7;0;610;20;24.66;29.6;15.87;14.62;3.23;1.66;6.77;1.21;1.21;0.85;0.31;0;20.95;0.9
34112;34;Garrigues;155;141;137;29;23;41;25;10;1;6;0;2;0;0;0;14;0;21.17;16.79;29.93;18.25;7.3;0.73;4.38;0;1.46;0;0;0;9.03;0
34113;34;Gigean;4634;3657;3579;1233;833;588;427;188;57;191;29;22;7;4;0;977;25;34.45;23.27;16.43;11.93;5.25;1.59;5.34;0.81;0.61;0.2;0.11;0;21.08;0.7
34114;34;Gignac;4367;3667;3578;983;1058;645;415;134;49;186;44;44;18;2;0;700;30;27.47;29.57;18.03;11.6;3.75;1.37;5.2;1.23;1.23;0.5;0.06;0;16.03;0.84
34115;34;Gorniès;138;122;121;23;26;44;16;1;4;5;0;1;1;0;0;16;0;19.01;21.49;36.36;13.22;0.83;3.31;4.13;0;0.83;0.83;0;0;11.59;0
34116;34;Grabels;5435;4544;4463;763;1195;1097;831;157;47;278;39;35;12;9;0;891;22;17.1;26.78;24.58;18.62;3.52;1.05;6.23;0.87;0.78;0.27;0.2;0;16.39;0.49
34117;34;Graissessac;478;386;376;93;119;68;33;11;9;29;6;4;3;1;0;92;0;24.73;31.65;18.09;8.78;2.93;2.39;7.71;1.6;1.06;0.8;0.27;0;19.25;0
34118;34;Guzargues;423;342;338;71;52;90;91;13;7;9;2;1;1;1;0;81;3;21.01;15.38;26.63;26.92;3.85;2.07;2.66;0.59;0.3;0.3;0.3;0;19.15;0.89
34119;34;Hérépian;1155;968;940;290;210;166;143;42;22;39;6;9;11;2;0;187;6;30.85;22.34;17.66;15.21;4.47;2.34;4.15;0.64;0.96;1.17;0.21;0;16.19;0.64
34120;34;Jacou;4760;4110;4010;753;1022;1049;548;190;42;301;44;35;19;7;0;650;29;18.78;25.49;26.16;13.67;4.74;1.05;7.51;1.1;0.87;0.47;0.17;0;13.66;0.72
34121;34;Joncels;232;201;192;42;60;47;15;4;6;10;1;3;4;0;0;31;1;21.88;31.25;24.48;7.81;2.08;3.13;5.21;0.52;1.56;2.08;0;0;13.36;0.52
34122;34;Jonquières;352;308;303;62;71;65;60;13;5;16;8;1;2;0;0;44;1;20.46;23.43;21.45;19.8;4.29;1.65;5.28;2.64;0.33;0.66;0;0;12.5;0.33
34123;34;Juvignac;7530;6030;5924;1252;1243;1406;1218;231;61;338;82;64;17;12;0;1500;25;21.13;20.98;23.73;20.56;3.9;1.03;5.71;1.38;1.08;0.29;0.2;0;19.92;0.42
34124;34;Lacoste;228;204;198;52;45;27;42;6;4;12;7;2;1;0;0;24;6;26.26;22.73;13.64;21.21;3.03;2.02;6.06;3.54;1.01;0.51;0;0;10.53;3.03
34125;34;Lagamas;113;99;96;22;18;12;23;5;3;5;4;3;1;0;0;14;2;22.92;18.75;12.5;23.96;5.21;3.13;5.21;4.17;3.13;1.04;0;0;12.39;2.08
34126;34;Lamalou-les-Bains;1741;1320;1284;289;261;226;280;72;44;75;16;11;8;2;0;421;16;22.51;20.33;17.6;21.81;5.61;3.43;5.84;1.25;0.86;0.62;0.16;0;24.18;1.25
34127;34;Lansargues;2396;2015;1976;542;380;452;347;60;44;106;15;23;5;2;0;381;10;27.43;19.23;22.87;17.56;3.04;2.23;5.36;0.76;1.16;0.25;0.1;0;15.9;0.51
34128;34;Laroque;1266;1008;981;322;211;169;155;48;13;49;3;3;5;3;0;258;9;32.82;21.51;17.23;15.8;4.89;1.33;4.99;0.31;0.31;0.51;0.31;0;20.38;0.92
34129;34;Lattes;13639;11188;10969;2592;1727;2635;2752;449;136;447;114;66;24;27;0;2451;69;23.63;15.74;24.02;25.09;4.09;1.24;4.08;1.04;0.6;0.22;0.25;0;17.97;0.63
34130;34;Laurens;1146;960;942;334;195;157;132;43;13;35;13;11;8;1;0;186;6;35.46;20.7;16.67;14.01;4.56;1.38;3.72;1.38;1.17;0.85;0.11;0;16.23;0.64
34131;34;Lauret;461;405;402;46;126;92;63;11;7;49;4;3;1;0;0;56;1;11.44;31.34;22.89;15.67;2.74;1.74;12.19;1;0.75;0.25;0;0;12.15;0.25
34132;34;Lauroux;220;173;169;31;58;28;30;3;4;12;3;0;0;0;0;47;1;18.34;34.32;16.57;17.75;1.78;2.37;7.1;1.78;0;0;0;0;21.36;0.59
34133;34;Lavalette;51;42;40;16;7;5;11;0;0;1;0;0;0;0;0;9;0;40;17.5;12.5;27.5;0;0;2.5;0;0;0;0;0;17.65;0
34134;34;Lavérune;2458;2060;2011;540;498;440;301;71;24;98;13;18;8;0;0;398;21;26.85;24.76;21.88;14.97;3.53;1.19;4.87;0.65;0.9;0.4;0;0;16.19;1.04
34135;34;Lespignan;2584;2168;2120;814;436;352;254;84;36;92;13;19;18;2;0;416;8;38.4;20.57;16.6;11.98;3.96;1.7;4.34;0.61;0.9;0.85;0.09;0;16.1;0.38
34136;34;Lézignan-la-Cèbe;1099;946;926;354;164;158;131;43;6;41;13;13;3;0;0;153;3;38.23;17.71;17.06;14.15;4.64;0.65;4.43;1.4;1.4;0.32;0;0;13.92;0.32
34137;34;Liausson;129;112;108;20;21;12;43;5;1;3;1;2;0;0;0;17;0;18.52;19.44;11.11;39.81;4.63;0.93;2.78;0.93;1.85;0;0;0;13.18;0
34138;34;Lieuran-Cabrières;248;213;209;52;49;49;23;12;5;13;1;4;1;0;0;35;2;24.88;23.44;23.44;11;5.74;2.39;6.22;0.48;1.91;0.48;0;0;14.11;0.96
34139;34;Lieuran-lès-Béziers;1106;935;917;357;166;144;140;44;18;36;6;2;3;1;0;171;6;38.93;18.1;15.7;15.27;4.8;1.96;3.93;0.65;0.22;0.33;0.11;0;15.46;0.65
34140;34;Lignan-sur-Orb;2562;2179;2136;823;375;285;395;106;31;83;17;15;4;2;0;383;11;38.53;17.56;13.34;18.49;4.96;1.45;3.89;0.8;0.7;0.19;0.09;0;14.95;0.51
34141;34;La Livinière;409;338;334;98;80;61;49;14;9;15;3;1;4;0;0;71;2;29.34;23.95;18.26;14.67;4.19;2.69;4.49;0.9;0.3;1.2;0;0;17.36;0.6
34142;34;Lodève;5382;4084;3987;1027;1166;684;589;101;55;241;56;46;17;5;0;1298;36;25.76;29.25;17.16;14.77;2.53;1.38;6.04;1.4;1.15;0.43;0.13;0;24.12;0.9
34143;34;Loupian;1710;1432;1403;468;286;271;185;64;27;65;13;13;8;3;0;278;4;33.36;20.38;19.32;13.19;4.56;1.92;4.63;0.93;0.93;0.57;0.21;0;16.26;0.29
34144;34;Lunas;572;466;445;93;166;87;51;15;6;19;4;2;2;0;0;106;9;20.9;37.3;19.55;11.46;3.37;1.35;4.27;0.9;0.45;0.45;0;0;18.53;2.02
34145;34;Lunel;17420;13351;13024;3970;3032;2305;2073;459;170;637;160;136;63;19;0;4069;121;30.48;23.28;17.7;15.92;3.52;1.31;4.89;1.23;1.04;0.48;0.15;0;23.36;0.93
34146;34;Lunel-Viel;2884;2399;2331;813;477;444;346;65;38;94;15;25;12;2;0;485;15;34.88;20.46;19.05;14.84;2.79;1.63;4.03;0.64;1.07;0.51;0.09;0;16.82;0.64
34147;34;Magalas;2442;2047;1992;719;357;341;306;105;34;83;12;24;8;3;0;395;11;36.09;17.92;17.12;15.36;5.27;1.71;4.17;0.6;1.2;0.4;0.15;0;16.18;0.55
34148;34;Maraussan;3114;2570;2489;909;431;440;387;109;44;120;8;25;9;7;0;544;25;36.52;17.32;17.68;15.55;4.38;1.77;4.82;0.32;1;0.36;0.28;0;17.47;1
34149;34;Margon;498;421;408;156;77;74;44;21;8;17;1;3;6;1;0;77;6;38.24;18.87;18.14;10.78;5.15;1.96;4.17;0.25;0.74;1.47;0.25;0;15.46;1.47
34150;34;Marseillan;6711;5344;5227;1850;917;843;1057;193;73;186;32;44;27;5;0;1367;49;35.39;17.54;16.13;20.22;3.69;1.4;3.56;0.61;0.84;0.52;0.1;0;20.37;0.94
34151;34;Marsillargues;4559;3626;3536;1239;797;600;507;134;49;135;32;32;10;1;0;933;30;35.04;22.54;16.97;14.34;3.79;1.39;3.82;0.9;0.9;0.28;0.03;0;20.47;0.85
34152;34;Mas-de-Londres;407;372;362;69;121;71;51;10;7;25;4;0;4;0;0;35;4;19.06;33.43;19.61;14.09;2.76;1.93;6.91;1.1;0;1.1;0;0;8.6;1.1
34153;34;Les Matelles;1596;1399;1368;245;348;340;235;82;23;83;3;7;2;0;0;197;7;17.91;25.44;24.85;17.18;5.99;1.68;6.07;0.22;0.51;0.15;0;0;12.34;0.51
34154;34;Mauguio;14735;12078;11826;3219;2270;2448;2482;453;131;587;121;72;29;14;0;2657;99;27.22;19.19;20.7;20.99;3.83;1.11;4.96;1.02;0.61;0.25;0.12;0;18.03;0.84
34155;34;Maureilhan;1629;1362;1330;538;200;196;206;82;26;63;6;6;7;0;0;267;8;40.45;15.04;14.74;15.49;6.17;1.95;4.74;0.45;0.45;0.53;0;0;16.39;0.6
34156;34;Mérifons;51;44;40;5;13;5;9;1;3;2;0;2;0;0;0;7;0;12.5;32.5;12.5;22.5;2.5;7.5;5;0;5;0;0;0;13.73;0
34157;34;Mèze;9283;7339;7166;2590;1224;1250;1168;326;108;342;53;57;42;6;0;1944;54;36.14;17.08;17.44;16.3;4.55;1.51;4.77;0.74;0.8;0.59;0.08;0;20.94;0.75
34158;34;Minerve;122;101;99;21;27;17;17;8;1;4;2;1;1;0;0;21;0;21.21;27.27;17.17;17.17;8.08;1.01;4.04;2.02;1.01;1.01;0;0;17.21;0
34159;34;Mireval;2713;2225;2158;717;419;425;338;103;32;84;13;15;8;4;0;488;18;33.23;19.42;19.69;15.66;4.77;1.48;3.89;0.6;0.7;0.37;0.19;0;17.99;0.83
34160;34;Mons;502;417;405;68;143;65;47;13;25;35;2;6;0;1;0;85;3;16.79;35.31;16.05;11.6;3.21;6.17;8.64;0.49;1.48;0;0.25;0;16.93;0.74
34161;34;Montady;3099;2561;2503;1025;435;422;343;105;39;83;14;23;9;5;0;538;11;40.95;17.38;16.86;13.7;4.19;1.56;3.32;0.56;0.92;0.36;0.2;0;17.36;0.44
34162;34;Montagnac;2930;2351;2286;654;594;397;336;95;32;125;18;22;12;1;0;579;18;28.61;25.98;17.37;14.7;4.16;1.4;5.47;0.79;0.96;0.52;0.04;0;19.76;0.79
34163;34;Montarnaud;2847;2263;2206;618;539;471;308;108;29;99;12;18;4;0;0;584;14;28.01;24.43;21.35;13.96;4.9;1.31;4.49;0.54;0.82;0.18;0;0;20.51;0.63
34164;34;Montaud;793;670;655;128;140;172;118;26;11;44;7;7;2;0;0;123;3;19.54;21.37;26.26;18.02;3.97;1.68;6.72;1.07;1.07;0.31;0;0;15.51;0.46
34165;34;Montbazin;2393;1888;1851;628;401;344;241;86;27;95;10;8;9;2;0;505;6;33.93;21.66;18.58;13.02;4.65;1.46;5.13;0.54;0.43;0.49;0.11;0;21.1;0.32
34166;34;Montblanc;2079;1717;1677;524;390;286;278;85;15;62;5;20;9;3;0;362;7;31.25;23.26;17.05;16.58;5.07;0.89;3.7;0.3;1.19;0.54;0.18;0;17.41;0.42
34167;34;Montels;185;160;158;75;28;23;15;3;4;8;1;0;1;0;0;25;1;47.47;17.72;14.56;9.49;1.9;2.53;5.06;0.63;0;0.63;0;0;13.51;0.63
34168;34;Montesquieu;67;59;59;18;12;12;8;2;1;3;1;1;0;1;0;8;0;30.51;20.34;20.34;13.56;3.39;1.69;5.08;1.69;1.69;0;1.69;0;11.94;0
34169;34;Montferrier-sur-Lez;3279;2841;2799;304;461;766;966;70;18;169;26;15;1;3;0;438;8;10.86;16.47;27.37;34.51;2.5;0.64;6.04;0.93;0.54;0.04;0.11;0;13.36;0.29
34170;34;Montouliers;177;135;134;29;39;33;12;1;9;5;0;6;0;0;0;42;0;21.64;29.1;24.63;8.96;0.75;6.72;3.73;0;4.48;0;0;0;23.73;0
34171;34;Montoulieu;117;101;99;11;28;20;14;0;13;8;2;1;2;0;0;16;0;11.11;28.28;20.2;14.14;0;13.13;8.08;2.02;1.01;2.02;0;0;13.68;0
34172;34;Montpellier;149758;112266;110063;14662;34629;27179;17376;2627;927;9799;1322;999;387;156;0;37492;568;13.32;31.46;24.69;15.79;2.39;0.84;8.9;1.2;0.91;0.35;0.14;0;25.04;0.52
34173;34;Montpeyroux;1156;940;914;222;246;174;124;26;18;60;29;8;4;3;0;216;6;24.29;26.91;19.04;13.57;2.84;1.97;6.56;3.17;0.88;0.44;0.33;0;18.69;0.66
34174;34;Moulès-et-Baucels;668;541;522;190;86;89;94;33;10;12;5;2;0;1;0;127;2;36.4;16.48;17.05;18.01;6.32;1.92;2.3;0.96;0.38;0;0.19;0;19.01;0.38
34175;34;Mourèze;161;132;130;15;53;18;27;4;0;6;4;0;3;0;0;29;0;11.54;40.77;13.85;20.77;3.08;0;4.62;3.08;0;2.31;0;0;18.01;0
34176;34;Mudaison;1969;1654;1602;396;320;364;271;82;30;83;21;28;5;2;0;315;18;24.72;19.98;22.72;16.92;5.12;1.87;5.18;1.31;1.75;0.31;0.12;0;16;1.12
34177;34;Murles;252;225;220;43;45;52;47;13;4;12;1;2;1;0;0;27;1;19.55;20.45;23.64;21.36;5.91;1.82;5.45;0.45;0.91;0.45;0;0;10.71;0.45
34178;34;Murviel-lès-Béziers;2291;1898;1863;694;405;303;241;62;26;97;7;20;5;3;0;393;13;37.25;21.74;16.26;12.94;3.33;1.4;5.21;0.38;1.07;0.27;0.16;0;17.15;0.7
34179;34;Murviel-lès-Montpellier;1435;1249;1216;239;386;290;158;45;11;64;11;8;2;2;0;186;11;19.65;31.74;23.85;12.99;3.7;0.9;5.26;0.9;0.66;0.16;0.16;0;12.96;0.9
34180;34;Nébian;1107;905;880;222;247;149;104;33;20;79;7;11;8;0;0;202;6;25.23;28.07;16.93;11.82;3.75;2.27;8.98;0.8;1.25;0.91;0;0;18.25;0.68
34181;34;Neffiès;737;617;608;162;162;101;77;27;14;37;11;9;7;1;0;120;2;26.64;26.64;16.61;12.66;4.44;2.3;6.09;1.81;1.48;1.15;0.16;0;16.28;0.33
34182;34;Nézignan-l'Evêque;1374;1160;1120;372;227;211;183;46;13;44;8;13;1;2;0;214;3;33.21;20.27;18.84;16.34;4.11;1.16;3.93;0.71;1.16;0.09;0.18;0;15.57;0.27
34183;34;Nissan-lez-Enserune;2980;2430;2381;863;481;410;303;110;43;121;20;16;9;5;0;550;12;36.25;20.2;17.22;12.73;4.62;1.81;5.08;0.84;0.67;0.38;0.21;0;18.46;0.5
34184;34;Nizas;506;407;398;112;111;82;58;11;4;10;3;4;2;1;0;99;3;28.14;27.89;20.6;14.57;2.76;1.01;2.51;0.75;1.01;0.5;0.25;0;19.57;0.75
34185;34;Notre-Dame-de-Londres;396;345;337;62;97;57;51;21;10;27;3;6;2;1;0;51;3;18.4;28.78;16.91;15.13;6.23;2.97;8.01;0.89;1.78;0.59;0.3;0;12.88;0.89
34186;34;Octon;397;361;347;75;104;72;52;8;3;29;0;1;2;1;0;36;2;21.61;29.97;20.75;14.99;2.31;0.86;8.36;0;0.29;0.58;0.29;0;9.07;0.58
34187;34;Olargues;424;344;334;68;115;55;37;15;4;31;4;2;2;1;0;80;2;20.36;34.43;16.47;11.08;4.49;1.2;9.28;1.2;0.6;0.6;0.3;0;18.87;0.6
34188;34;Olmet-et-Villecun;111;93;89;21;30;18;7;4;0;5;2;1;1;0;0;18;0;23.6;33.71;20.22;7.87;4.49;0;5.62;2.25;1.12;1.12;0;0;16.22;0
34189;34;Olonzac;1173;926;900;305;160;166;168;33;15;38;2;10;2;1;0;247;7;33.89;17.78;18.44;18.67;3.67;1.67;4.22;0.22;1.11;0.22;0.11;0;21.06;0.78
34190;34;Oupia;222;174;171;58;27;41;24;4;3;9;1;4;0;0;0;48;2;33.92;15.79;23.98;14.04;2.34;1.75;5.26;0.58;2.34;0;0;0;21.62;1.17
34191;34;Pailhès;435;371;361;105;80;62;53;27;5;19;2;7;1;0;0;64;3;29.09;22.16;17.17;14.68;7.48;1.39;5.26;0.55;1.94;0.28;0;0;14.71;0.83
34192;34;Palavas-les-Flots;6090;4952;4838;1507;727;869;1226;177;65;193;27;23;16;8;0;1138;0;31.15;15.03;17.96;25.34;3.66;1.34;3.99;0.56;0.48;0.33;0.17;0;18.69;0
34193;34;Pardailhan;134;113;110;14;30;27;10;6;4;12;3;2;2;0;0;21;2;12.73;27.27;24.55;9.09;5.45;3.64;10.91;2.73;1.82;1.82;0;0;15.67;1.82
34194;34;Paulhan;2848;2274;2224;752;550;347;269;65;20;156;19;30;9;7;0;574;15;33.81;24.73;15.6;12.1;2.92;0.9;7.01;0.85;1.35;0.4;0.31;0;20.15;0.67
34195;34;Pégairolles-de-Buèges;70;65;64;2;13;18;13;2;5;6;0;3;2;0;0;5;0;3.13;20.31;28.13;20.31;3.13;7.81;9.38;0;4.69;3.13;0;0;7.14;0
34196;34;Pégairolles-de-l'Escalette;153;127;121;24;30;21;23;5;4;11;2;1;0;0;0;26;0;19.83;24.79;17.36;19.01;4.13;3.31;9.09;1.65;0.83;0;0;0;16.99;0
34197;34;Péret;802;678;659;177;166;123;106;31;12;32;7;5;0;0;0;124;5;26.86;25.19;18.66;16.08;4.7;1.82;4.86;1.06;0.76;0;0;0;15.46;0.76
34198;34;Pérols;7426;6150;6023;1537;904;1389;1474;237;80;277;64;43;13;5;0;1276;38;25.52;15.01;23.06;24.47;3.93;1.33;4.6;1.06;0.71;0.22;0.08;0;17.18;0.63
34199;34;Pézenas;5946;4798;4677;1108;1126;890;833;181;64;332;48;64;24;7;0;1148;35;23.69;24.08;19.03;17.81;3.87;1.37;7.1;1.03;1.37;0.51;0.15;0;19.31;0.75
34200;34;Pézènes-les-Mines;186;156;150;20;44;44;11;10;7;14;0;0;0;0;0;30;1;13.33;29.33;29.33;7.33;6.67;4.67;9.33;0;0;0;0;0;16.13;0.67
34201;34;Pierrerue;235;196;193;52;36;40;36;6;4;9;1;4;3;2;0;39;1;26.94;18.65;20.73;18.65;3.11;2.07;4.66;0.52;2.07;1.55;1.04;0;16.6;0.52
34202;34;Pignan;5683;4782;4662;1325;1048;1011;691;188;45;235;54;42;18;5;0;901;30;28.42;22.48;21.69;14.82;4.03;0.97;5.04;1.16;0.9;0.39;0.11;0;15.85;0.64
34203;34;Pinet;1153;997;969;372;136;163;165;53;7;52;4;12;2;3;0;156;5;38.39;14.04;16.82;17.03;5.47;0.72;5.37;0.41;1.24;0.21;0.31;0;13.53;0.52
34204;34;Plaissan;805;662;651;194;140;118;100;32;7;43;9;4;3;1;0;143;3;29.8;21.51;18.13;15.36;4.92;1.08;6.61;1.38;0.61;0.46;0.15;0;17.76;0.46
34205;34;Les Plans;239;187;180;50;41;23;41;5;3;9;7;1;0;0;0;52;0;27.78;22.78;12.78;22.78;2.78;1.67;5;3.89;0.56;0;0;0;21.76;0
34206;34;Poilhes;405;346;342;109;39;94;61;9;4;18;2;6;0;0;0;59;1;31.87;11.4;27.49;17.84;2.63;1.17;5.26;0.58;1.75;0;0;0;14.57;0.29
34207;34;Pomérols;1694;1410;1380;516;224;218;235;73;19;57;11;21;6;0;0;284;8;37.39;16.23;15.8;17.03;5.29;1.38;4.13;0.8;1.52;0.43;0;0;16.77;0.58
34208;34;Popian;296;256;249;64;66;47;35;19;3;12;3;0;0;0;0;40;0;25.7;26.51;18.88;14.06;7.63;1.2;4.82;1.2;0;0;0;0;13.51;0
34209;34;Portiragnes;2719;2153;2106;717;393;337;427;87;34;72;9;17;11;2;0;566;35;34.05;18.66;16;20.28;4.13;1.61;3.42;0.43;0.81;0.52;0.09;0;20.82;1.66
34210;34;Le Pouget;1620;1285;1251;330;356;211;168;60;26;66;11;17;6;0;0;335;9;26.38;28.46;16.87;13.43;4.8;2.08;5.28;0.88;1.36;0.48;0;0;20.68;0.72
34211;34;Le Poujol-sur-Orb;797;676;656;172;192;102;83;24;8;57;5;8;4;1;0;121;1;26.22;29.27;15.55;12.65;3.66;1.22;8.69;0.76;1.22;0.61;0.15;0;15.18;0.15
34212;34;Poujols;127;110;107;16;23;18;29;4;6;8;1;1;1;0;0;17;0;14.95;21.5;16.82;27.1;3.74;5.61;7.48;0.93;0.93;0.93;0;0;13.39;0
34213;34;Poussan;4865;3726;3630;1125;842;631;554;146;57;169;46;33;16;11;0;1139;37;30.99;23.2;17.38;15.26;4.02;1.57;4.66;1.27;0.91;0.44;0.3;0;23.41;1.02
34214;34;Pouzolles;802;692;670;197;136;124;113;39;13;26;6;10;5;1;0;110;4;29.4;20.3;18.51;16.87;5.82;1.94;3.88;0.9;1.49;0.75;0.15;0;13.72;0.6
34215;34;Pouzols;709;604;590;156;145;115;89;28;9;35;5;5;3;0;0;105;2;26.44;24.58;19.49;15.08;4.75;1.53;5.93;0.85;0.85;0.51;0;0;14.81;0.34
34216;34;Le Pradal;239;211;206;73;33;38;16;8;18;16;1;1;1;1;0;28;2;35.44;16.02;18.45;7.77;3.88;8.74;7.77;0.49;0.49;0.49;0.49;0;11.72;0.97
34217;34;Prades-le-Lez;4239;3713;3627;634;942;970;521;161;43;259;42;35;16;4;0;526;18;17.48;25.97;26.74;14.36;4.44;1.19;7.14;1.16;0.96;0.44;0.11;0;12.41;0.5
34218;34;Prades-sur-Vernazobre;245;207;203;50;54;39;43;2;7;3;0;5;0;0;0;38;0;24.63;26.6;19.21;21.18;0.99;3.45;1.48;0;2.46;0;0;0;15.51;0
34219;34;Prémian;375;327;318;84;87;41;49;10;11;19;7;8;2;0;0;48;3;26.42;27.36;12.89;15.41;3.14;3.46;5.97;2.2;2.52;0.63;0;0;12.8;0.94
34220;34;Le Puech;182;166;163;49;30;29;39;3;4;6;0;3;0;0;0;16;1;30.06;18.4;17.79;23.93;1.84;2.45;3.68;0;1.84;0;0;0;8.79;0.61
34221;34;Puéchabon;401;345;340;60;128;60;34;14;7;26;3;6;1;1;0;56;0;17.65;37.65;17.65;10;4.12;2.06;7.65;0.88;1.76;0.29;0.29;0;13.97;0
34222;34;Puilacher;360;323;310;96;71;51;51;11;5;20;4;0;1;0;0;37;2;30.97;22.9;16.45;16.45;3.55;1.61;6.45;1.29;0;0.32;0;0;10.28;0.65
34223;34;Puimisson;841;723;706;228;136;104;160;33;17;13;5;4;5;1;0;118;3;32.29;19.26;14.73;22.66;4.67;2.41;1.84;0.71;0.57;0.71;0.14;0;14.03;0.42
34224;34;Puissalicon;958;826;805;280;185;134;121;32;13;24;3;9;2;2;0;132;4;34.78;22.98;16.65;15.03;3.98;1.61;2.98;0.37;1.12;0.25;0.25;0;13.78;0.5
34225;34;Puisserguier;2285;1802;1758;565;376;287;295;75;42;73;13;20;8;4;0;483;18;32.14;21.39;16.33;16.78;4.27;2.39;4.15;0.74;1.14;0.46;0.23;0;21.14;1.02
34226;34;Quarante;1302;1040;1006;329;230;149;153;45;34;43;8;12;2;1;0;262;10;32.7;22.86;14.81;15.21;4.47;3.38;4.27;0.8;1.19;0.2;0.1;0;20.12;0.99
34227;34;Restinclières;1435;1178;1161;300;260;267;182;42;16;62;14;12;5;1;0;257;5;25.84;22.39;23;15.68;3.62;1.38;5.34;1.21;1.03;0.43;0.09;0;17.91;0.43
34228;34;Rieussec;78;61;59;12;19;14;5;2;2;5;0;0;0;0;0;17;0;20.34;32.2;23.73;8.47;3.39;3.39;8.47;0;0;0;0;0;21.79;0
34229;34;Riols;639;536;521;97;173;86;59;13;12;60;10;10;1;0;0;103;0;18.62;33.21;16.51;11.32;2.5;2.3;11.52;1.92;1.92;0.19;0;0;16.12;0
34230;34;Les Rives;112;100;94;17;13;13;28;8;4;9;0;2;0;0;0;12;0;18.09;13.83;13.83;29.79;8.51;4.26;9.57;0;2.13;0;0;0;10.71;0
34231;34;Romiguières;20;19;14;0;3;6;2;1;1;1;0;0;0;0;0;1;2;0;21.43;42.86;14.29;7.14;7.14;7.14;0;0;0;0;0;5;14.29
34232;34;Roquebrun;474;386;378;70;112;78;52;19;14;21;3;6;2;1;0;88;4;18.52;29.63;20.63;13.76;5.03;3.7;5.56;0.79;1.59;0.53;0.26;0;18.57;1.06
34233;34;Roqueredonde;121;105;104;19;17;29;21;1;4;11;1;1;0;0;0;16;0;18.27;16.35;27.88;20.19;0.96;3.85;10.58;0.96;0.96;0;0;0;13.22;0
34234;34;Roquessels;87;59;58;18;11;7;16;0;1;3;1;0;1;0;0;28;0;31.03;18.97;12.07;27.59;0;1.72;5.17;1.72;0;1.72;0;0;32.18;0
34235;34;Rosis;277;224;221;51;80;32;31;6;3;12;3;3;0;0;0;53;1;23.08;36.2;14.48;14.03;2.71;1.36;5.43;1.36;1.36;0;0;0;19.13;0.45
34236;34;Rouet;54;47;46;6;13;10;12;0;3;1;1;0;0;0;0;7;1;13.04;28.26;21.74;26.09;0;6.52;2.17;2.17;0;0;0;0;12.96;2.17
34237;34;Roujan;1630;1323;1297;365;308;248;198;49;22;70;7;20;6;4;0;307;8;28.14;23.75;19.12;15.27;3.78;1.7;5.4;0.54;1.54;0.46;0.31;0;18.83;0.62
34238;34;Saint-André-de-Buèges;61;52;50;9;13;6;15;3;0;4;0;0;0;0;0;9;2;18;26;12;30;6;0;8;0;0;0;0;0;14.75;4
34239;34;Saint-André-de-Sangonis;4109;3375;3301;980;804;595;458;143;56;158;52;34;19;2;0;734;21;29.69;24.36;18.02;13.87;4.33;1.7;4.79;1.58;1.03;0.58;0.06;0;17.86;0.64
34240;34;Saint-Aunès;2665;2221;2181;524;335;570;492;92;26;108;14;12;3;5;0;444;5;24.03;15.36;26.13;22.56;4.22;1.19;4.95;0.64;0.55;0.14;0.23;0;16.66;0.23
34241;34;Saint-Bauzille-de-la-Sylve;707;628;615;129;161;119;119;30;6;40;1;5;3;2;0;79;3;20.98;26.18;19.35;19.35;4.88;0.98;6.5;0.16;0.81;0.49;0.33;0;11.17;0.49
34242;34;Saint-Bauzille-de-Montmel;843;722;710;145;142;207;107;18;10;58;11;7;5;0;0;121;1;20.42;20;29.15;15.07;2.54;1.41;8.17;1.55;0.99;0.7;0;0;14.35;0.14
34243;34;Saint-Bauzille-de-Putois;1440;1197;1162;258;360;195;153;67;30;73;7;13;5;1;0;243;11;22.2;30.98;16.78;13.17;5.77;2.58;6.28;0.6;1.12;0.43;0.09;0;16.88;0.95
34244;34;Saint-Brès;2254;1827;1758;494;385;362;296;88;20;74;19;12;4;4;0;427;13;28.1;21.9;20.59;16.84;5.01;1.14;4.21;1.08;0.68;0.23;0.23;0;18.94;0.74
34245;34;Saint-Chinian;1400;1096;1062;310;199;187;191;39;27;78;11;15;4;1;0;304;12;29.19;18.74;17.61;17.98;3.67;2.54;7.34;1.04;1.41;0.38;0.09;0;21.71;1.13
34246;34;Saint-Christol;1144;958;937;215;158;247;189;39;10;60;9;7;3;0;0;186;3;22.95;16.86;26.36;20.17;4.16;1.07;6.4;0.96;0.75;0.32;0;0;16.26;0.32
34247;34;Saint-Clément-de-Rivière;3605;3244;3189;380;418;927;1155;105;31;116;31;15;7;4;0;361;11;11.92;13.11;29.07;36.22;3.29;0.97;3.64;0.97;0.47;0.22;0.13;0;10.01;0.34
34248;34;Sainte-Croix-de-Quintillargues;657;593;573;133;133;155;66;23;8;42;4;8;1;0;0;64;8;23.21;23.21;27.05;11.52;4.01;1.4;7.33;0.7;1.4;0.17;0;0;9.74;1.4
34249;34;Saint-Drézéry;1980;1679;1652;345;331;432;312;83;19;104;9;12;3;2;0;301;3;20.88;20.04;26.15;18.89;5.02;1.15;6.3;0.54;0.73;0.18;0.12;0;15.2;0.18
34250;34;Saint-Etienne-d'Albagnan;228;191;183;46;59;23;26;10;2;13;0;2;2;0;0;37;4;25.14;32.24;12.57;14.21;5.46;1.09;7.1;0;1.09;1.09;0;0;16.23;2.19
34251;34;Saint-Etienne-de-Gourgas;350;313;309;54;106;78;28;13;9;11;3;4;3;0;0;37;1;17.48;34.3;25.24;9.06;4.21;2.91;3.56;0.97;1.29;0.97;0;0;10.57;0.32
34252;34;Saint-Etienne-Estréchoux;221;169;167;63;38;33;16;4;1;10;0;1;1;0;0;52;0;37.72;22.75;19.76;9.58;2.4;0.6;5.99;0;0.6;0.6;0;0;23.53;0
34253;34;Saint-Félix-de-l'Héras;39;31;29;5;3;4;14;0;2;1;0;0;0;0;0;8;0;17.24;10.34;13.79;48.28;0;6.9;3.45;0;0;0;0;0;20.51;0
34254;34;Saint-Félix-de-Lodez;829;705;697;179;173;132;125;31;7;26;9;9;3;3;0;124;2;25.68;24.82;18.94;17.93;4.45;1;3.73;1.29;1.29;0.43;0.43;0;14.96;0.29
34255;34;Saint-Gély-du-Fesc;8247;7150;7024;1107;1350;1959;1667;305;87;413;47;55;28;6;0;1097;27;15.76;19.22;27.89;23.73;4.34;1.24;5.88;0.67;0.78;0.4;0.09;0;13.3;0.38
34256;34;Saint-Geniès-des-Mourgues;1614;1362;1325;253;290;321;311;32;18;79;4;7;5;5;0;252;8;19.09;21.89;24.23;23.47;2.42;1.36;5.96;0.3;0.53;0.38;0.38;0;15.61;0.6
34257;34;Saint-Geniès-de-Varensal;143;120;117;25;57;17;9;3;1;2;2;0;1;0;0;23;1;21.37;48.72;14.53;7.69;2.56;0.85;1.71;1.71;0;0.85;0;0;16.08;0.85
34258;34;Saint-Geniès-de-Fontedit;1137;978;950;294;170;163;183;54;16;42;10;10;5;3;0;159;9;30.95;17.89;17.16;19.26;5.68;1.68;4.42;1.05;1.05;0.53;0.32;0;13.98;0.95
34259;34;Saint-Georges-d'Orques;4467;3568;3503;809;766;766;699;146;35;194;33;37;10;8;0;899;20;23.09;21.87;21.87;19.95;4.17;1;5.54;0.94;1.06;0.29;0.23;0;20.13;0.57
34260;34;Saint-Gervais-sur-Mare;652;530;523;128;139;95;70;12;18;41;4;11;4;1;0;122;3;24.47;26.58;18.16;13.38;2.29;3.44;7.84;0.76;2.1;0.76;0.19;0;18.71;0.57
34261;34;Saint-Guilhem-le-Désert;270;231;226;36;65;51;42;8;9;9;2;4;0;0;0;39;1;15.93;28.76;22.57;18.58;3.54;3.98;3.98;0.88;1.77;0;0;0;14.44;0.44
34262;34;Saint-Guiraud;174;149;148;24;52;34;21;8;2;4;2;1;0;0;0;25;0;16.22;35.14;22.97;14.19;5.41;1.35;2.7;1.35;0.68;0;0;0;14.37;0
34263;34;Saint-Hilaire-de-Beauvoir;302;270;263;59;77;43;51;4;9;12;5;0;3;0;0;32;2;22.43;29.28;16.35;19.39;1.52;3.42;4.56;1.9;0;1.14;0;0;10.6;0.76
34264;34;Saint-Jean-de-Buèges;169;143;142;12;46;31;27;7;3;14;2;0;0;0;0;26;1;8.45;32.39;21.83;19.01;4.93;2.11;9.86;1.41;0;0;0;0;15.38;0.7
34265;34;Saint-Jean-de-Cornies;537;472;464;99;93;101;99;20;8;37;2;4;1;0;0;65;1;21.34;20.04;21.77;21.34;4.31;1.72;7.97;0.43;0.86;0.22;0;0;12.1;0.22
34266;34;Saint-Jean-de-Cuculles;384;354;349;46;53;105;85;22;8;24;3;2;1;0;0;30;1;13.18;15.19;30.09;24.36;6.3;2.29;6.88;0.86;0.57;0.29;0;0;7.81;0.29
34267;34;Saint-Jean-de-Fos;1354;1115;1091;270;278;234;175;30;9;48;17;22;6;2;0;239;7;24.75;25.48;21.45;16.04;2.75;0.82;4.4;1.56;2.02;0.55;0.18;0;17.65;0.64
34268;34;Saint-Jean-de-la-Blaquière;484;407;396;110;107;64;52;9;10;21;7;13;3;0;0;77;3;27.78;27.02;16.16;13.13;2.27;2.53;5.3;1.77;3.28;0.76;0;0;15.91;0.76
34269;34;Saint-Jean-de-Minervois;107;93;92;15;18;20;19;1;9;7;0;1;2;0;0;14;0;16.3;19.57;21.74;20.65;1.09;9.78;7.61;0;1.09;2.17;0;0;13.08;0
34270;34;Saint-Jean-de-Védas;7893;6656;6524;1270;1313;1638;1450;305;75;345;66;37;21;4;0;1237;29;19.47;20.13;25.11;22.23;4.68;1.15;5.29;1.01;0.57;0.32;0.06;0;15.67;0.44
34271;34;Saint-Julien;207;160;155;31;50;28;16;4;2;15;2;5;1;1;0;47;2;20;32.26;18.06;10.32;2.58;1.29;9.68;1.29;3.23;0.65;0.65;0;22.71;1.29
34272;34;Saint-Just;2429;1960;1885;698;275;376;286;98;20;94;10;15;10;3;0;469;21;37.03;14.59;19.95;15.17;5.2;1.06;4.99;0.53;0.8;0.53;0.16;0;19.31;1.11
34273;34;Saint-Martin-de-l'Arçon;118;95;92;9;37;10;9;6;2;16;0;1;1;1;0;23;2;9.78;40.22;10.87;9.78;6.52;2.17;17.39;0;1.09;1.09;1.09;0;19.49;2.17
34274;34;Saint-Martin-de-Londres;1998;1705;1664;419;398;353;278;59;25;94;15;15;7;1;0;293;10;25.18;23.92;21.21;16.71;3.55;1.5;5.65;0.9;0.9;0.42;0.06;0;14.66;0.6
34276;34;Saint-Mathieu-de-Tréviers;3705;3217;3151;602;834;791;424;110;50;243;26;42;23;6;0;488;19;19.11;26.47;25.1;13.46;3.49;1.59;7.71;0.83;1.33;0.73;0.19;0;13.17;0.6
34277;34;Saint-Maurice-Navacelles;197;170;166;21;48;33;27;4;4;20;2;4;2;1;0;27;1;12.65;28.92;19.88;16.27;2.41;2.41;12.05;1.2;2.41;1.2;0.6;0;13.71;0.6
34278;34;Saint-Michel;55;49;47;8;10;8;16;1;3;1;0;0;0;0;0;6;2;17.02;21.28;17.02;34.04;2.13;6.38;2.13;0;0;0;0;0;10.91;4.26
34279;34;Saint-Nazaire-de-Ladarez;296;252;245;71;52;56;30;15;6;7;2;4;0;2;0;44;1;28.98;21.22;22.86;12.24;6.12;2.45;2.86;0.82;1.63;0;0.82;0;14.86;0.41
34280;34;Saint-Nazaire-de-Pézan;465;400;391;153;58;77;71;14;5;6;3;1;3;0;0;65;4;39.13;14.83;19.69;18.16;3.58;1.28;1.53;0.77;0.26;0.77;0;0;13.98;1.02
34281;34;Saint-Pargoire;1742;1357;1322;430;321;224;173;62;12;66;14;15;4;1;0;385;8;32.53;24.28;16.94;13.09;4.69;0.91;4.99;1.06;1.13;0.3;0.08;0;22.1;0.61
34282;34;Saint-Paul-et-Valmalle;872;746;736;186;184;131;140;28;9;36;10;8;3;1;0;126;1;25.27;25;17.8;19.02;3.8;1.22;4.89;1.36;1.09;0.41;0.14;0;14.45;0.14
34283;34;Saint-Pierre-de-la-Fage;105;89;89;31;17;9;19;2;4;2;2;2;0;1;0;16;0;34.83;19.1;10.11;21.35;2.25;4.49;2.25;2.25;2.25;0;1.12;0;15.24;0
34284;34;Saint-Pons-de-Thomières;1406;1051;1012;230;261;159;148;38;33;100;12;23;5;3;0;355;12;22.73;25.79;15.71;14.62;3.75;3.26;9.88;1.19;2.27;0.49;0.3;0;25.25;1.19
34285;34;Saint-Pons-de-Mauchiens;487;397;387;104;76;66;75;14;14;30;3;3;1;1;0;90;2;26.87;19.64;17.05;19.38;3.62;3.62;7.75;0.78;0.78;0.26;0.26;0;18.48;0.52
34286;34;Saint-Privat;344;274;269;58;82;43;42;13;7;14;4;3;3;0;0;70;3;21.56;30.48;15.99;15.61;4.83;2.6;5.2;1.49;1.12;1.12;0;0;20.35;1.12
34287;34;Saint-Saturnin-de-Lucian;212;183;177;48;52;22;33;6;4;4;7;0;1;0;0;29;1;27.12;29.38;12.43;18.64;3.39;2.26;2.26;3.95;0;0.56;0;0;13.68;0.56
34288;34;Saint-Sériès;722;610;589;142;126;131;118;18;4;33;4;6;4;3;0;112;6;24.11;21.39;22.24;20.03;3.06;0.68;5.6;0.68;1.02;0.68;0.51;0;15.51;1.02
34289;34;Saint-Thibéry;1950;1520;1486;542;275;228;224;62;31;72;14;22;16;0;0;430;13;36.47;18.51;15.34;15.07;4.17;2.09;4.85;0.94;1.48;1.08;0;0;22.05;0.87
34290;34;Saint-Vincent-de-Barbeyrargues;615;527;514;79;129;134;97;11;11;39;4;7;3;0;0;88;10;15.37;25.1;26.07;18.87;2.14;2.14;7.59;0.78;1.36;0.58;0;0;14.31;1.95
34291;34;Saint-Vincent-d'Olargues;330;282;278;31;116;56;32;7;2;25;1;6;1;1;0;48;1;11.15;41.73;20.14;11.51;2.52;0.72;8.99;0.36;2.16;0.36;0.36;0;14.55;0.36
34292;34;Salasc;250;211;209;48;64;40;31;8;3;11;1;1;1;1;0;39;0;22.97;30.62;19.14;14.83;3.83;1.44;5.26;0.48;0.48;0.48;0.48;0;15.6;0
34293;34;La Salvetat-sur-Agout;976;792;760;195;134;138;164;42;21;44;13;4;3;2;0;184;28;25.66;17.63;18.16;21.58;5.53;2.76;5.79;1.71;0.53;0.39;0.26;0;18.85;3.68
34294;34;Saturargues;745;640;622;167;133;127;99;34;3;42;4;11;2;0;0;105;3;26.85;21.38;20.42;15.92;5.47;0.48;6.75;0.64;1.77;0.32;0;0;14.09;0.48
34295;34;Saussan;1228;1045;1028;242;230;216;176;40;9;93;8;10;3;1;0;183;4;23.54;22.37;21.01;17.12;3.89;0.88;9.05;0.78;0.97;0.29;0.1;0;14.9;0.39
34296;34;Saussines;766;647;636;142;146;137;126;22;12;39;5;6;1;0;0;119;1;22.33;22.96;21.54;19.81;3.46;1.89;6.13;0.79;0.94;0.16;0;0;15.54;0.16
34297;34;Sauteyrargues;318;267;265;54;83;43;35;13;5;23;1;7;1;0;0;51;0;20.38;31.32;16.23;13.21;4.91;1.89;8.68;0.38;2.64;0.38;0;0;16.04;0
34298;34;Sauvian;3866;3295;3226;1169;600;547;568;118;52;107;25;24;15;1;0;571;13;36.24;18.6;16.96;17.61;3.66;1.61;3.32;0.77;0.74;0.46;0.03;0;14.77;0.4
34299;34;Sérignan;5903;4765;4663;1607;839;790;929;175;72;170;23;35;14;9;0;1138;22;34.46;17.99;16.94;19.92;3.75;1.54;3.65;0.49;0.75;0.3;0.19;0;19.28;0.47
34300;34;Servian;3558;2906;2839;1062;509;467;442;116;35;147;27;23;6;5;0;652;17;37.41;17.93;16.45;15.57;4.09;1.23;5.18;0.95;0.81;0.21;0.18;0;18.32;0.6
34301;34;Sète;32086;25036;24466;6793;5920;4290;4664;842;265;1192;168;181;106;45;0;7050;203;27.77;24.2;17.53;19.06;3.44;1.08;4.87;0.69;0.74;0.43;0.18;0;21.97;0.83
34302;34;Siran;530;438;428;123;69;99;78;14;8;17;2;11;6;1;0;92;0;28.74;16.12;23.13;18.22;3.27;1.87;3.97;0.47;2.57;1.4;0.23;0;17.36;0
34303;34;Sorbs;73;63;60;10;17;7;14;0;2;9;0;1;0;0;0;10;0;16.67;28.33;11.67;23.33;0;3.33;15;0;1.67;0;0;0;13.7;0
34304;34;Soubès;672;568;551;124;130;128;72;21;16;40;9;8;2;1;0;104;5;22.5;23.59;23.23;13.07;3.81;2.9;7.26;1.63;1.45;0.36;0.18;0;15.48;0.91
34305;34;Le Soulié;145;124;122;23;24;27;33;3;5;3;3;1;0;0;0;21;0;18.85;19.67;22.13;27.05;2.46;4.1;2.46;2.46;0.82;0;0;0;14.48;0
34306;34;Soumont;157;126;122;21;44;19;13;6;2;12;2;3;0;0;0;31;2;17.21;36.07;15.57;10.66;4.92;1.64;9.84;1.64;2.46;0;0;0;19.75;1.64
34307;34;Sussargues;2227;1911;1878;388;371;470;359;107;30;118;13;15;5;2;0;316;8;20.66;19.76;25.03;19.12;5.7;1.6;6.28;0.69;0.8;0.27;0.11;0;14.19;0.43
34308;34;Taussac-la-Billière;328;287;276;58;62;62;52;12;12;13;2;1;1;1;0;41;3;21.01;22.46;22.46;18.84;4.35;4.35;4.71;0.72;0.36;0.36;0.36;0;12.5;1.09
34309;34;Teyran;4217;3623;3548;665;591;980;825;158;42;227;23;24;9;4;0;594;15;18.74;16.66;27.62;23.25;4.45;1.18;6.4;0.65;0.68;0.25;0.11;0;14.09;0.42
34310;34;Thézan-lès-Béziers;2095;1771;1724;681;293;289;272;76;21;66;9;9;6;2;0;324;16;39.5;17;16.76;15.78;4.41;1.22;3.83;0.52;0.52;0.35;0.12;0;15.47;0.93
34311;34;Tourbes;1324;1104;1076;260;238;227;188;61;24;53;9;12;3;1;0;220;10;24.16;22.12;21.1;17.47;5.67;2.23;4.93;0.84;1.12;0.28;0.09;0;16.62;0.93
34312;34;La Tour-sur-Orb;927;784;756;198;202;151;72;30;22;34;14;20;11;2;0;143;9;26.19;26.72;19.97;9.52;3.97;2.91;4.5;1.85;2.65;1.46;0.26;0;15.43;1.19
34313;34;Tressan;477;410;405;65;157;86;44;11;6;23;6;5;2;0;0;67;0;16.05;38.77;21.23;10.86;2.72;1.48;5.68;1.48;1.23;0.49;0;0;14.05;0
34314;34;Le Triadou;366;325;316;79;73;67;54;15;1;21;2;4;0;0;0;41;0;25;23.1;21.2;17.09;4.75;0.32;6.65;0.63;1.27;0;0;0;11.2;0
34315;34;Usclas-d'Hérault;305;254;250;83;50;34;50;15;6;9;0;2;1;0;0;51;1;33.2;20;13.6;20;6;2.4;3.6;0;0.8;0.4;0;0;16.72;0.4
34316;34;Usclas-du-Bosc;145;132;131;26;37;33;13;5;6;9;2;0;0;0;0;13;1;19.85;28.24;25.19;9.92;3.82;4.58;6.87;1.53;0;0;0;0;8.97;0.76
34317;34;La Vacquerie-et-Saint-Martin-de-Castries;168;141;139;23;51;31;20;3;3;7;0;1;0;0;0;27;0;16.55;36.69;22.3;14.39;2.16;2.16;5.04;0;0.72;0;0;0;16.07;0
34318;34;Vacquières;446;399;396;96;89;99;46;23;5;35;2;1;0;0;0;47;1;24.24;22.47;25;11.62;5.81;1.26;8.84;0.51;0.25;0;0;0;10.54;0.25
34319;34;Vailhan;131;98;96;20;27;16;15;6;7;4;0;1;0;0;0;33;1;20.83;28.13;16.67;15.63;6.25;7.29;4.17;0;1.04;0;0;0;25.19;1.04
34320;34;Vailhauquès;2010;1767;1729;394;398;444;268;69;16;106;20;9;4;1;0;243;10;22.79;23.02;25.68;15.5;3.99;0.93;6.13;1.16;0.52;0.23;0.06;0;12.09;0.58
34321;34;Valergues;1559;1318;1290;417;238;263;209;76;10;49;12;13;0;3;0;241;7;32.33;18.45;20.39;16.2;5.89;0.78;3.8;0.93;1.01;0;0.23;0;15.46;0.54
34322;34;Valflaunès;624;563;555;101;136;133;85;17;6;65;3;7;1;1;0;61;2;18.2;24.5;23.96;15.32;3.06;1.08;11.71;0.54;1.26;0.18;0.18;0;9.78;0.36
34323;34;Valmascle;60;44;44;18;8;8;2;0;0;4;4;0;0;0;0;16;0;40.91;18.18;18.18;4.55;0;0;9.09;9.09;0;0;0;0;26.67;0
34324;34;Valras-Plage;4141;3286;3210;1254;440;543;685;105;41;88;17;21;11;5;0;855;0;39.07;13.71;16.92;21.34;3.27;1.28;2.74;0.53;0.65;0.34;0.16;0;20.65;0
34325;34;Valros;1228;1027;1010;328;234;170;144;40;24;47;8;10;5;0;0;201;6;32.48;23.17;16.83;14.26;3.96;2.38;4.65;0.79;0.99;0.5;0;0;16.37;0.59
34326;34;Vélieux;63;46;46;16;6;8;2;3;1;9;0;1;0;0;0;17;0;34.78;13.04;17.39;4.35;6.52;2.17;19.57;0;2.17;0;0;0;26.98;0
34327;34;Vendargues;5167;4309;4200;1048;867;842;844;173;65;246;45;40;20;10;0;858;26;24.95;20.64;20.05;20.1;4.12;1.55;5.86;1.07;0.95;0.48;0.24;0;16.61;0.62
34328;34;Vendémian;897;735;723;204;192;162;82;33;8;30;7;5;0;0;0;162;4;28.22;26.56;22.41;11.34;4.56;1.11;4.15;0.97;0.69;0;0;0;18.06;0.55
34329;34;Vendres;2027;1676;1624;590;347;238;251;63;31;66;13;14;10;1;0;351;17;36.33;21.37;14.66;15.46;3.88;1.91;4.06;0.8;0.86;0.62;0.06;0;17.32;1.05
34330;34;Vérargues;504;427;420;123;60;122;65;16;4;18;9;2;1;0;0;77;2;29.29;14.29;29.05;15.48;3.81;0.95;4.29;2.14;0.48;0.24;0;0;15.28;0.48
34331;34;Verreries-de-Moussans;101;78;78;16;23;13;10;2;3;6;0;4;1;0;0;23;0;20.51;29.49;16.67;12.82;2.56;3.85;7.69;0;5.13;1.28;0;0;22.77;0
34332;34;Vias;4405;3696;3607;1369;617;529;646;178;62;135;29;28;10;4;0;709;26;37.95;17.11;14.67;17.91;4.93;1.72;3.74;0.8;0.78;0.28;0.11;0;16.1;0.72
34333;34;Vic-la-Gardiole;2569;2069;2019;732;414;333;244;101;34;104;28;18;7;4;0;500;16;36.26;20.51;16.49;12.09;5;1.68;5.15;1.39;0.89;0.35;0.2;0;19.46;0.79
34334;34;Vieussan;239;196;191;23;66;34;24;3;5;29;2;5;0;0;0;43;3;12.04;34.55;17.8;12.57;1.57;2.62;15.18;1.05;2.62;0;0;0;17.99;1.57
34335;34;Villemagne-l'Argentière;364;319;307;70;87;53;44;10;16;19;3;2;3;0;0;45;2;22.8;28.34;17.26;14.33;3.26;5.21;6.19;0.98;0.65;0.98;0;0;12.36;0.65
34336;34;Villeneuve-lès-Béziers;3059;2433;2375;930;440;365;382;93;43;77;10;21;12;2;0;626;0;39.16;18.53;15.37;16.08;3.92;1.81;3.24;0.42;0.88;0.51;0.08;0;20.46;0
34337;34;Villeneuve-lès-Maguelone;6964;5785;5636;1749;1357;1127;757;219;56;242;62;47;15;5;0;1179;40;31.03;24.08;20;13.43;3.89;0.99;4.29;1.1;0.83;0.27;0.09;0;16.93;0.71
34338;34;Villeneuvette;57;52;50;4;12;18;5;1;1;9;0;0;0;0;0;5;2;8;24;36;10;2;2;18;0;0;0;0;0;8.77;4
34339;34;Villespassans;135;113;108;23;28;20;16;8;3;5;0;5;0;0;0;22;1;21.3;25.93;18.52;14.81;7.41;2.78;4.63;0;4.63;0;0;0;16.3;0.93
34340;34;Villetelle;1185;1013;989;300;119;178;259;61;13;32;17;7;2;1;0;172;9;30.33;12.03;18;26.19;6.17;1.31;3.24;1.72;0.71;0.2;0.1;0;14.51;0.91
34341;34;Villeveyrac;2710;2281;2225;779;460;376;351;95;45;62;16;30;4;7;0;429;19;35.01;20.67;16.9;15.78;4.27;2.02;2.79;0.72;1.35;0.18;0.31;0;15.83;0.85
34342;34;Viols-en-Laval;182;164;161;22;49;31;33;6;3;14;0;3;0;0;0;18;1;13.66;30.43;19.25;20.5;3.73;1.86;8.7;0;1.86;0;0;0;9.89;0.62
34343;34;Viols-le-Fort;955;829;798;178;239;147;113;28;12;65;5;9;2;0;0;126;11;22.31;29.95;18.42;14.16;3.51;1.5;8.15;0.63;1.13;0.25;0;0;13.19;1.38
34344;34;La Grande-Motte;8140;6640;6532;1628;693;1322;2268;265;62;174;62;36;13;9;0;1500;37;24.92;10.61;20.24;34.72;4.06;0.95;2.66;0.95;0.55;0.2;0.14;0;18.43;0.57