insee;dep;nom;nb_inscrits;nb_votants;nb_exprimes;nb_voix1;nb_voix2;nb_voix3;nb_voix4;nb_voix5;nb_voix6;nb_voix7;nb_voix8;nb_voix9;nb_voix10;nb_voix11;nb_voix12;nb_voix13;nb_voix14;voix_1;voix_2;voix_3;voix_4;voix_5;voix_6;voix_7;voix_8;voix_9;voix_10;voix_11;voix_12;voix_13;voix_14
35001;35;Acigné;5041;4447;4362;399;871;1576;683;155;33;552;25;39;21;8;0;594;22;9.15;19.97;36.13;15.66;3.55;0.76;12.65;0.57;0.89;0.48;0.18;0;11.78;0.5
35002;35;Amanlis;1310;1164;1134;170;236;330;186;52;9;110;10;17;9;5;0;146;7;14.99;20.81;29.1;16.4;4.59;0.79;9.7;0.88;1.5;0.79;0.44;0;11.15;0.62
35003;35;Andouillé-Neuville;591;514;501;104;90;137;86;16;5;41;5;11;6;0;0;77;2;20.76;17.96;27.35;17.17;3.19;1;8.18;1;2.2;1.2;0;0;13.03;0.4
35004;35;Antrain;931;750;733;185;120;148;180;38;11;30;8;5;6;2;0;181;1;25.24;16.37;20.19;24.56;5.18;1.5;4.09;1.09;0.68;0.82;0.27;0;19.44;0.14
35005;35;Arbrissel;214;181;178;51;29;36;31;9;2;12;5;0;3;0;0;33;0;28.65;16.29;20.22;17.42;5.06;1.12;6.74;2.81;0;1.69;0;0;15.42;0
35006;35;Argentré-du-Plessis;3481;2909;2827;442;428;804;674;182;16;185;18;46;25;7;0;572;25;15.63;15.14;28.44;23.84;6.44;0.57;6.54;0.64;1.63;0.88;0.25;0;16.43;0.88
35007;35;Aubigné;283;257;248;42;51;75;33;16;1;24;3;0;2;1;0;26;1;16.94;20.56;30.24;13.31;6.45;0.4;9.68;1.21;0;0.81;0.4;0;9.19;0.4
35008;35;Availles-sur-Seiche;423;361;355;102;60;78;69;18;7;13;2;2;3;1;0;62;1;28.73;16.9;21.97;19.44;5.07;1.97;3.66;0.56;0.56;0.85;0.28;0;14.66;0.28
35009;35;Baguer-Morvan;1160;981;957;238;163;234;180;45;12;50;15;11;8;1;0;179;4;24.87;17.03;24.45;18.81;4.7;1.25;5.22;1.57;1.15;0.84;0.1;0;15.43;0.42
35010;35;Baguer-Pican;1105;951;926;267;176;228;129;53;7;52;4;4;6;0;0;154;11;28.83;19.01;24.62;13.93;5.72;0.76;5.62;0.43;0.43;0.65;0;0;13.94;1.19
35011;35;Baillé;225;200;197;54;33;49;26;14;1;12;1;2;4;1;0;25;0;27.41;16.75;24.87;13.2;7.11;0.51;6.09;0.51;1.02;2.03;0.51;0;11.11;0
35012;35;Bain-de-Bretagne;5392;4321;4197;712;760;1221;790;243;31;289;34;63;47;7;0;1071;33;16.96;18.11;29.09;18.82;5.79;0.74;6.89;0.81;1.5;1.12;0.17;0;19.86;0.79
35013;35;Bains-sur-Oust;2818;2359;2309;353;429;701;429;116;12;195;23;28;22;1;0;459;11;15.29;18.58;30.36;18.58;5.02;0.52;8.45;1;1.21;0.95;0.04;0;16.29;0.48
35014;35;Bais;1626;1342;1294;292;154;318;312;102;11;61;11;17;15;1;0;284;15;22.57;11.9;24.57;24.11;7.88;0.85;4.71;0.85;1.31;1.16;0.08;0;17.47;1.16
35015;35;Balazé;1768;1477;1417;229;237;419;325;75;9;76;8;30;6;3;0;291;25;16.16;16.73;29.57;22.94;5.29;0.64;5.36;0.56;2.12;0.42;0.21;0;16.46;1.76
35016;35;Baulon;1490;1268;1221;264;242;314;175;74;14;98;10;19;5;6;0;222;14;21.62;19.82;25.72;14.33;6.06;1.15;8.03;0.82;1.56;0.41;0.49;0;14.9;1.15
35017;35;La Baussaine;497;424;414;70;84;113;75;18;6;36;1;5;5;1;0;73;1;16.91;20.29;27.29;18.12;4.35;1.45;8.7;0.24;1.21;1.21;0.24;0;14.69;0.24
35018;35;La Bazouge-du-Désert;850;725;697;151;95;119;216;43;8;32;8;13;12;0;0;125;4;21.66;13.63;17.07;30.99;6.17;1.15;4.59;1.15;1.87;1.72;0;0;14.71;0.57
35019;35;Bazouges-la-Pérouse;1356;1129;1099;198;173;267;277;51;12;67;16;19;17;2;0;227;8;18.02;15.74;24.29;25.2;4.64;1.09;6.1;1.46;1.73;1.55;0.18;0;16.74;0.73
35021;35;Beaucé;1008;908;883;144;118;262;228;40;1;53;8;16;11;2;0;100;7;16.31;13.36;29.67;25.82;4.53;0.11;6;0.91;1.81;1.25;0.23;0;9.92;0.79
35022;35;Bécherel;486;417;408;64;98;91;86;19;2;38;0;5;5;0;0;69;1;15.69;24.02;22.3;21.08;4.66;0.49;9.31;0;1.23;1.23;0;0;14.2;0.25
35023;35;Bédée;3100;2653;2579;390;488;826;448;121;25;208;17;31;20;5;0;447;26;15.12;18.92;32.03;17.37;4.69;0.97;8.07;0.66;1.2;0.78;0.19;0;14.42;1.01
35024;35;Betton;8839;7779;7654;571;1650;2863;1174;262;48;927;42;69;34;14;0;1060;23;7.46;21.56;37.41;15.34;3.42;0.63;12.11;0.55;0.9;0.44;0.18;0;11.99;0.3
35025;35;Billé;763;667;651;131;90;178;143;38;6;39;4;14;7;1;0;96;9;20.12;13.82;27.34;21.97;5.84;0.92;5.99;0.61;2.15;1.08;0.15;0;12.58;1.38
35026;35;Bléruais;85;77;76;13;12;20;8;6;0;14;0;2;1;0;0;8;1;17.11;15.79;26.32;10.53;7.89;0;18.42;0;2.63;1.32;0;0;9.41;1.32
35027;35;Boisgervilly;1187;1034;985;198;160;272;164;60;16;87;0;18;8;2;0;153;17;20.1;16.24;27.61;16.65;6.09;1.62;8.83;0;1.83;0.81;0.2;0;12.89;1.73
35028;35;Boistrudan;487;419;411;91;87;89;66;34;2;20;5;8;8;1;0;68;3;22.14;21.17;21.65;16.06;8.27;0.49;4.87;1.22;1.95;1.95;0.24;0;13.96;0.73
35029;35;Bonnemain;1019;884;852;237;149;179;159;37;1;62;1;16;10;1;0;135;10;27.82;17.49;21.01;18.66;4.34;0.12;7.28;0.12;1.88;1.17;0.12;0;13.25;1.17
35030;35;La Bosse-de-Bretagne;467;412;404;81;79;103;40;28;4;57;1;5;3;3;0;55;1;20.05;19.55;25.5;9.9;6.93;0.99;14.11;0.25;1.24;0.74;0.74;0;11.78;0.25
35031;35;La Bouëxière;2936;2585;2533;425;543;745;398;111;25;211;18;38;17;2;0;351;8;16.78;21.44;29.41;15.71;4.38;0.99;8.33;0.71;1.5;0.67;0.08;0;11.96;0.32
35032;35;Bourgbarré;2812;2410;2343;358;499;786;347;99;22;170;12;30;16;4;0;402;18;15.28;21.3;33.55;14.81;4.23;0.94;7.26;0.51;1.28;0.68;0.17;0;14.3;0.77
35033;35;Bourg-des-Comptes;2129;1887;1838;274;405;536;270;101;22;165;12;35;13;5;0;242;10;14.91;22.03;29.16;14.69;5.5;1.2;8.98;0.65;1.9;0.71;0.27;0;11.37;0.54
35034;35;La Boussac;903;769;748;216;160;146;115;36;8;42;6;8;9;2;0;134;5;28.88;21.39;19.52;15.37;4.81;1.07;5.61;0.8;1.07;1.2;0.27;0;14.84;0.67
35035;35;Bovel;405;342;327;72;76;79;38;13;6;33;2;4;4;0;0;63;1;22.02;23.24;24.16;11.62;3.98;1.83;10.09;0.61;1.22;1.22;0;0;15.56;0.31
35037;35;Bréal-sous-Montfort;4387;3855;3750;571;727;1234;611;192;23;287;19;53;27;6;0;532;21;15.23;19.39;32.91;16.29;5.12;0.61;7.65;0.51;1.41;0.72;0.16;0;12.13;0.56
35038;35;Bréal-sous-Vitré;465;393;378;119;58;95;54;24;5;9;2;7;3;2;0;72;4;31.48;15.34;25.13;14.29;6.35;1.32;2.38;0.53;1.85;0.79;0.53;0;15.48;1.06
35039;35;Brécé;1524;1330;1299;163;331;390;169;70;7;124;9;21;14;1;0;194;6;12.55;25.48;30.02;13.01;5.39;0.54;9.55;0.69;1.62;1.08;0.08;0;12.73;0.46
35040;35;Breteil;2725;2339;2290;284;517;737;297;125;18;251;14;32;12;3;0;386;8;12.4;22.58;32.18;12.97;5.46;0.79;10.96;0.61;1.4;0.52;0.13;0;14.17;0.35
35041;35;Brie;694;628;611;147;109;121;109;45;6;54;4;9;4;3;0;66;6;24.06;17.84;19.8;17.84;7.36;0.98;8.84;0.65;1.47;0.65;0.49;0;9.51;0.98
35042;35;Brielles;477;429;426;92;51;101;127;35;3;14;0;2;1;0;0;48;2;21.6;11.97;23.71;29.81;8.22;0.7;3.29;0;0.47;0.23;0;0;10.06;0.47
35044;35;Broualan;257;223;216;43;45;40;46;11;2;23;1;2;3;0;0;34;3;19.91;20.83;18.52;21.3;5.09;0.93;10.65;0.46;0.93;1.39;0;0;13.23;1.39
35045;35;Bruc-sur-Aff;691;579;562;108;92;148;132;31;6;23;5;11;5;1;0;112;2;19.22;16.37;26.33;23.49;5.52;1.07;4.09;0.89;1.96;0.89;0.18;0;16.21;0.36
35046;35;Les Brulais;389;338;328;87;51;65;67;26;4;16;5;5;1;1;0;51;5;26.52;15.55;19.82;20.43;7.93;1.22;4.88;1.52;1.52;0.3;0.3;0;13.11;1.52
35047;35;Bruz;12497;10451;10239;1139;1840;3564;2036;412;68;933;79;111;39;18;0;2046;37;11.12;17.97;34.81;19.88;4.02;0.66;9.11;0.77;1.08;0.38;0.18;0;16.37;0.36
35049;35;Cancale;4816;3771;3689;584;540;1021;1106;115;40;221;23;21;14;4;0;1045;19;15.83;14.64;27.68;29.98;3.12;1.08;5.99;0.62;0.57;0.38;0.11;0;21.7;0.52
35050;35;Cardroc;416;374;366;58;65;110;47;23;2;42;2;8;7;2;0;42;3;15.85;17.76;30.05;12.84;6.28;0.55;11.48;0.55;2.19;1.91;0.55;0;10.1;0.82
35051;35;Cesson-Sévigné;13218;11371;11180;796;1820;4278;2766;324;73;950;46;70;39;18;0;1847;47;7.12;16.28;38.26;24.74;2.9;0.65;8.5;0.41;0.63;0.35;0.16;0;13.97;0.42
35052;35;Champeaux;386;330;319;36;48;105;68;19;2;21;9;6;4;1;0;56;5;11.29;15.05;32.92;21.32;5.96;0.63;6.58;2.82;1.88;1.25;0.31;0;14.51;1.57
35053;35;Chancé;216;197;192;34;33;44;45;14;1;10;4;4;2;1;0;19;2;17.71;17.19;22.92;23.44;7.29;0.52;5.21;2.08;2.08;1.04;0.52;0;8.8;1.04
35054;35;Chanteloup;1246;1105;1067;162;247;321;154;58;9;87;3;15;8;3;0;141;13;15.18;23.15;30.08;14.43;5.44;0.84;8.15;0.28;1.41;0.75;0.28;0;11.32;1.22
35055;35;Chantepie;7298;6130;6019;500;1291;2236;964;229;30;621;48;57;32;11;0;1168;25;8.31;21.45;37.15;16.02;3.8;0.5;10.32;0.8;0.95;0.53;0.18;0;16;0.42
35056;35;La Chapelle-aux-Filtzméens;562;501;491;90;112;139;64;18;5;48;1;9;5;0;0;61;1;18.33;22.81;28.31;13.03;3.67;1.02;9.78;0.2;1.83;1.02;0;0;10.85;0.2
35057;35;La Chapelle-Bouëxic;849;746;734;174;171;194;83;32;5;59;3;8;5;0;0;103;1;23.71;23.3;26.43;11.31;4.36;0.68;8.04;0.41;1.09;0.68;0;0;12.13;0.14
35058;35;La Chapelle-Chaussée;865;768;748;123;157;217;120;37;4;70;2;12;6;0;0;97;3;16.44;20.99;29.01;16.04;4.95;0.53;9.36;0.27;1.6;0.8;0;0;11.21;0.4
35059;35;La Chapelle-des-Fougeretz;3305;2864;2799;270;560;1060;458;97;17;271;21;24;16;5;0;441;18;9.65;20.01;37.87;16.36;3.47;0.61;9.68;0.75;0.86;0.57;0.18;0;13.34;0.64
35060;35;La Chapelle-du-Lou-du-Lac;642;566;553;115;117;136;85;37;6;36;6;10;5;0;0;76;2;20.8;21.16;24.59;15.37;6.69;1.08;6.51;1.08;1.81;0.9;0;0;11.84;0.36
35061;35;La Chapelle-Erbrée;482;420;407;94;63;97;86;25;7;19;0;12;4;0;0;62;2;23.1;15.48;23.83;21.13;6.14;1.72;4.67;0;2.95;0.98;0;0;12.86;0.49
35062;35;La Chapelle-Janson;1071;955;920;199;119;197;269;68;10;31;4;9;13;1;0;116;9;21.63;12.93;21.41;29.24;7.39;1.09;3.37;0.43;0.98;1.41;0.11;0;10.83;0.98
35063;35;La Chapelle-Saint-Aubert;329;269;260;56;31;53;71;26;1;13;1;3;4;1;0;60;5;21.54;11.92;20.38;27.31;10;0.38;5;0.38;1.15;1.54;0.38;0;18.24;1.92
35064;35;La Chapelle-de-Brain;788;635;621;128;156;122;108;33;3;47;3;9;9;3;0;153;5;20.61;25.12;19.65;17.39;5.31;0.48;7.57;0.48;1.45;1.45;0.48;0;19.42;0.81
35065;35;La Chapelle-Thouarault;1599;1435;1402;196;326;432;195;69;9;130;9;23;11;2;0;164;4;13.98;23.25;30.81;13.91;4.92;0.64;9.27;0.64;1.64;0.78;0.14;0;10.26;0.29
35066;35;Chartres-de-Bretagne;5801;4785;4688;520;844;1693;783;202;25;517;36;36;28;4;0;1016;30;11.09;18;36.11;16.7;4.31;0.53;11.03;0.77;0.77;0.6;0.09;0;17.51;0.64
35067;35;Chasné-sur-Illet;1069;966;943;112;232;299;102;45;5;114;4;21;6;3;0;103;8;11.88;24.6;31.71;10.82;4.77;0.53;12.09;0.42;2.23;0.64;0.32;0;9.64;0.85
35068;35;Châteaubourg;4824;4208;4096;439;879;1446;658;180;35;350;24;43;38;4;0;616;30;10.72;21.46;35.3;16.06;4.39;0.85;8.54;0.59;1.05;0.93;0.1;0;12.77;0.73
35069;35;Châteaugiron;7189;6417;6266;652;1088;2250;1235;310;26;530;49;68;48;10;0;772;32;10.41;17.36;35.91;19.71;4.95;0.41;8.46;0.78;1.09;0.77;0.16;0;10.74;0.51
35070;35;Châteauneuf-d'Ille-et-Vilaine;919;789;779;171;162;210;116;33;10;48;6;17;4;2;0;130;0;21.95;20.8;26.96;14.89;4.24;1.28;6.16;0.77;2.18;0.51;0.26;0;14.15;0
35071;35;Le Châtellier;331;295;289;44;42;60;88;28;3;16;3;4;1;0;0;36;2;15.22;14.53;20.76;30.45;9.69;1.04;5.54;1.04;1.38;0.35;0;0;10.88;0.69
35072;35;Châtillon-en-Vendelais;1259;1045;1017;213;158;263;223;64;9;42;10;21;11;3;0;214;10;20.94;15.54;25.86;21.93;6.29;0.88;4.13;0.98;2.06;1.08;0.29;0;17;0.98
35075;35;Chauvigné;568;488;464;146;82;87;65;42;7;20;4;6;5;0;0;80;5;31.47;17.67;18.75;14.01;9.05;1.51;4.31;0.86;1.29;1.08;0;0;14.08;1.08
35076;35;Chavagne;3148;2655;2602;352;539;843;432;109;23;242;17;23;17;5;0;493;11;13.53;20.71;32.4;16.6;4.19;0.88;9.3;0.65;0.88;0.65;0.19;0;15.66;0.42
35077;35;Chelun;208;186;184;58;16;33;56;12;2;3;0;1;3;0;0;22;1;31.52;8.7;17.93;30.43;6.52;1.09;1.63;0;0.54;1.63;0;0;10.58;0.54
35078;35;Cherrueix;904;761;744;173;100;193;177;35;10;32;7;9;7;1;0;143;15;23.25;13.44;25.94;23.79;4.7;1.34;4.3;0.94;1.21;0.94;0.13;0;15.82;2.02
35079;35;Chevaigné;1698;1535;1496;120;358;524;222;56;16;163;9;20;7;1;0;163;11;8.02;23.93;35.03;14.84;3.74;1.07;10.9;0.6;1.34;0.47;0.07;0;9.6;0.74
35080;35;Cintré;1564;1411;1374;171;374;461;164;49;8;107;8;18;10;4;0;153;7;12.45;27.22;33.55;11.94;3.57;0.58;7.79;0.58;1.31;0.73;0.29;0;9.78;0.51
35081;35;Clayes;560;523;512;56;132;169;63;19;6;53;6;3;5;0;0;37;6;10.94;25.78;33.01;12.3;3.71;1.17;10.35;1.17;0.59;0.98;0;0;6.61;1.17
35082;35;Coësmes;911;793;767;197;141;165;146;43;8;44;3;5;13;2;0;118;3;25.68;18.38;21.51;19.04;5.61;1.04;5.74;0.39;0.65;1.69;0.26;0;12.95;0.39
35084;35;Comblessac;461;402;396;108;46;85;94;18;5;26;2;10;2;0;0;59;2;27.27;11.62;21.46;23.74;4.55;1.26;6.57;0.51;2.53;0.51;0;0;12.8;0.51
35085;35;Combourg;4493;3693;3599;649;605;1029;744;185;50;241;24;37;27;8;0;800;24;18.03;16.81;28.59;20.67;5.14;1.39;6.7;0.67;1.03;0.75;0.22;0;17.81;0.67
35086;35;Combourtillé;400;343;337;80;62;71;64;16;2;25;1;6;9;1;0;57;2;23.74;18.4;21.07;18.99;4.75;0.59;7.42;0.3;1.78;2.67;0.3;0;14.25;0.59
35087;35;Cornillé;627;533;511;85;90;132;120;30;3;25;12;10;3;1;0;94;5;16.63;17.61;25.83;23.48;5.87;0.59;4.89;2.35;1.96;0.59;0.2;0;14.99;0.98
35088;35;Corps-Nuds;2334;2032;1992;283;449;641;258;106;8;194;10;17;20;6;0;302;8;14.21;22.54;32.18;12.95;5.32;0.4;9.74;0.5;0.85;1;0.3;0;12.94;0.4
35089;35;La Couyère;333;287;279;52;69;75;36;13;7;15;4;5;3;0;0;46;2;18.64;24.73;26.88;12.9;4.66;2.51;5.38;1.43;1.79;1.08;0;0;13.81;0.72
35090;35;Crévin;1819;1596;1556;276;319;490;202;86;11;113;13;24;20;2;0;223;7;17.74;20.5;31.49;12.98;5.53;0.71;7.26;0.84;1.54;1.29;0.13;0;12.26;0.45
35091;35;Le Crouais;422;371;363;106;65;93;41;23;2;26;0;6;1;0;0;51;6;29.2;17.91;25.62;11.29;6.34;0.55;7.16;0;1.65;0.28;0;0;12.09;1.65
35092;35;Cuguen;600;514;499;103;119;114;66;24;3;45;8;13;2;2;0;86;4;20.64;23.85;22.85;13.23;4.81;0.6;9.02;1.6;2.61;0.4;0.4;0;14.33;0.8
35093;35;Dinard;8872;7314;7205;873;991;1999;2430;297;53;397;53;66;40;6;0;1558;36;12.12;13.75;27.74;33.73;4.12;0.74;5.51;0.74;0.92;0.56;0.08;0;17.56;0.5
35094;35;Dingé;1200;1021;986;169;224;231;164;39;7;116;9;21;3;3;0;179;8;17.14;22.72;23.43;16.63;3.96;0.71;11.76;0.91;2.13;0.3;0.3;0;14.92;0.81
35095;35;Dol-de-Bretagne;4150;3229;3152;621;532;874;608;151;26;245;20;44;26;5;0;921;25;19.7;16.88;27.73;19.29;4.79;0.82;7.77;0.63;1.4;0.82;0.16;0;22.19;0.79
35096;35;Domagné;1609;1421;1380;220;247;453;237;76;15;88;8;23;13;0;0;188;24;15.94;17.9;32.83;17.17;5.51;1.09;6.38;0.58;1.67;0.94;0;0;11.68;1.74
35097;35;Domalain;1324;1151;1112;283;150;240;254;75;12;60;5;19;13;1;0;173;12;25.45;13.49;21.58;22.84;6.74;1.08;5.4;0.45;1.71;1.17;0.09;0;13.07;1.08
35098;35;La Dominelais;894;789;768;184;131;167;161;51;5;45;4;11;6;3;0;105;5;23.96;17.06;21.74;20.96;6.64;0.65;5.86;0.52;1.43;0.78;0.39;0;11.74;0.65
35099;35;Domloup;2421;2168;2113;270;467;692;340;108;10;186;12;14;12;2;0;253;10;12.78;22.1;32.75;16.09;5.11;0.47;8.8;0.57;0.66;0.57;0.09;0;10.45;0.47
35100;35;Dompierre-du-Chemin;368;328;314;72;54;71;63;21;7;12;1;2;7;4;0;40;8;22.93;17.2;22.61;20.06;6.69;2.23;3.82;0.32;0.64;2.23;1.27;0;10.87;2.55
35101;35;Dourdain;725;646;609;159;98;159;63;38;3;71;5;9;4;0;0;79;10;26.11;16.09;26.11;10.34;6.24;0.49;11.66;0.82;1.48;0.66;0;0;10.9;1.64
35102;35;Drouges;375;331;318;65;48;69;101;16;3;11;2;2;1;0;0;44;4;20.44;15.09;21.7;31.76;5.03;0.94;3.46;0.63;0.63;0.31;0;0;11.73;1.26
35103;35;Eancé;283;246;243;40;38;45;75;12;3;17;3;4;2;4;0;37;0;16.46;15.64;18.52;30.86;4.94;1.23;7;1.23;1.65;0.82;1.65;0;13.07;0
35104;35;Epiniac;1046;896;871;200;151;189;204;37;14;48;8;12;8;0;0;150;6;22.96;17.34;21.7;23.42;4.25;1.61;5.51;0.92;1.38;0.92;0;0;14.34;0.69
35105;35;Erbrée;1396;1195;1163;195;159;329;309;65;10;55;2;22;16;1;0;201;12;16.77;13.67;28.29;26.57;5.59;0.86;4.73;0.17;1.89;1.38;0.09;0;14.4;1.03
35106;35;Ercé-en-Lamée;1054;883;857;216;189;206;114;40;13;40;11;16;11;1;0;171;6;25.2;22.05;24.04;13.3;4.67;1.52;4.67;1.28;1.87;1.28;0.12;0;16.22;0.7
35107;35;Ercé-près-Liffré;1329;1177;1154;157;260;354;142;56;7;135;11;20;11;1;0;152;6;13.6;22.53;30.68;12.31;4.85;0.61;11.7;0.95;1.73;0.95;0.09;0;11.44;0.52
35108;35;Essé;784;683;661;135;121;147;141;52;3;40;5;10;6;1;0;101;6;20.42;18.31;22.24;21.33;7.87;0.45;6.05;0.76;1.51;0.91;0.15;0;12.88;0.91
35109;35;Etrelles;1765;1586;1545;195;246;446;407;95;13;88;12;17;22;4;0;179;29;12.62;15.92;28.87;26.34;6.15;0.84;5.7;0.78;1.1;1.42;0.26;0;10.14;1.88
35110;35;Feins;715;582;560;88;153;145;72;38;5;40;3;8;6;2;0;133;3;15.71;27.32;25.89;12.86;6.79;0.89;7.14;0.54;1.43;1.07;0.36;0;18.6;0.54
35111;35;Le Ferré;474;415;397;88;44;75;104;25;10;27;6;7;10;1;0;59;6;22.17;11.08;18.89;26.2;6.3;2.52;6.8;1.51;1.76;2.52;0.25;0;12.45;1.51
35112;35;Fleurigné;790;681;651;134;84;194;140;43;6;29;3;6;11;1;0;109;12;20.58;12.9;29.8;21.51;6.61;0.92;4.45;0.46;0.92;1.69;0.15;0;13.8;1.84
35113;35;La Fontenelle;403;342;335;71;63;50;93;28;4;18;1;4;2;1;0;61;2;21.19;18.81;14.93;27.76;8.36;1.19;5.37;0.3;1.19;0.6;0.3;0;15.14;0.6
35114;35;Forges-la-Forêt;181;156;155;40;26;29;43;9;1;2;2;1;2;0;0;25;0;25.81;16.77;18.71;27.74;5.81;0.65;1.29;1.29;0.65;1.29;0;0;13.81;0
35115;35;Fougères;14006;11071;10819;1646;1954;3132;2251;445;90;962;68;137;112;22;0;2935;102;15.21;18.06;28.95;20.81;4.11;0.83;8.89;0.63;1.27;1.04;0.2;0;20.96;0.94
35116;35;La Fresnais;1729;1468;1421;344;243;388;238;68;16;82;10;18;12;2;0;261;13;24.21;17.1;27.3;16.75;4.79;1.13;5.77;0.7;1.27;0.84;0.14;0;15.1;0.91
35117;35;Gaël;1214;959;925;277;121;171;176;61;12;64;14;15;12;2;0;255;13;29.95;13.08;18.49;19.03;6.59;1.3;6.92;1.51;1.62;1.3;0.22;0;21;1.41
35118;35;Gahard;1002;876;851;173;183;234;112;43;7;70;4;15;9;1;0;126;6;20.33;21.5;27.5;13.16;5.05;0.82;8.23;0.47;1.76;1.06;0.12;0;12.57;0.71
35119;35;Gennes-sur-Seiche;630;544;523;111;91;126;120;38;2;23;5;5;2;0;0;86;6;21.22;17.4;24.09;22.94;7.27;0.38;4.4;0.96;0.96;0.38;0;0;13.65;1.15
35120;35;Gévezé;3710;3178;3092;364;622;1131;496;149;19;244;20;29;10;8;0;532;18;11.77;20.12;36.58;16.04;4.82;0.61;7.89;0.65;0.94;0.32;0.26;0;14.34;0.58
35121;35;Gosné;1355;1222;1180;228;203;362;177;74;13;88;10;17;4;4;0;133;10;19.32;17.2;30.68;15;6.27;1.1;7.46;0.85;1.44;0.34;0.34;0;9.82;0.85
35122;35;La Gouesnière;1353;1165;1127;238;209;326;196;50;5;69;7;16;10;1;0;188;6;21.12;18.54;28.93;17.39;4.44;0.44;6.12;0.62;1.42;0.89;0.09;0;13.9;0.53
35123;35;Goven;3247;2770;2714;469;608;744;392;168;25;226;18;42;16;6;0;477;8;17.28;22.4;27.41;14.44;6.19;0.92;8.33;0.66;1.55;0.59;0.22;0;14.69;0.29
35124;35;Grand-Fougeray;1667;1407;1371;321;214;350;244;84;10;80;27;23;15;3;0;260;5;23.41;15.61;25.53;17.8;6.13;0.73;5.84;1.97;1.68;1.09;0.22;0;15.6;0.36
35125;35;La Guerche-de-Bretagne;2810;2317;2243;316;272;563;791;121;23;106;9;18;21;3;0;493;24;14.09;12.13;25.1;35.27;5.39;1.03;4.73;0.4;0.8;0.94;0.13;0;17.54;1.07
35126;35;Guichen;6224;5363;5229;736;1209;1571;756;281;49;498;29;59;34;7;0;861;35;14.08;23.12;30.04;14.46;5.37;0.94;9.52;0.55;1.13;0.65;0.13;0;13.83;0.67
35127;35;Guignen;2552;2215;2160;418;448;572;277;140;19;204;17;32;22;11;0;337;19;19.35;20.74;26.48;12.82;6.48;0.88;9.44;0.79;1.48;1.02;0.51;0;13.21;0.88
35128;35;Guipel;1217;1046;1024;191;224;270;162;60;14;75;5;10;10;3;0;171;4;18.65;21.88;26.37;15.82;5.86;1.37;7.32;0.49;0.98;0.98;0.29;0;14.05;0.39
35130;35;Hédé-Bazouges;1531;1383;1357;170;301;400;226;66;10;156;2;14;10;2;0;148;6;12.53;22.18;29.48;16.65;4.86;0.74;11.5;0.15;1.03;0.74;0.15;0;9.67;0.44
35131;35;L'Hermitage;2945;2605;2552;341;496;870;370;97;17;295;12;35;12;7;0;340;16;13.36;19.44;34.09;14.5;3.8;0.67;11.56;0.47;1.37;0.47;0.27;0;11.54;0.63
35132;35;Hirel;1094;927;899;242;144;227;156;44;7;58;1;13;7;0;0;167;10;26.92;16.02;25.25;17.35;4.89;0.78;6.45;0.11;1.45;0.78;0;0;15.27;1.11
35133;35;Iffendic;3371;2814;2728;503;599;708;475;109;22;229;8;34;35;6;0;557;43;18.44;21.96;25.95;17.41;4;0.81;8.39;0.29;1.25;1.28;0.22;0;16.52;1.58
35134;35;Les Iffs;211;182;177;33;26;40;45;8;5;14;1;5;0;0;0;29;3;18.64;14.69;22.6;25.42;4.52;2.82;7.91;0.56;2.82;0;0;0;13.74;1.69
35135;35;Irodouër;1597;1360;1328;268;270;354;215;89;8;87;8;18;11;0;0;237;7;20.18;20.33;26.66;16.19;6.7;0.6;6.55;0.6;1.36;0.83;0;0;14.84;0.53
35136;35;Janzé;5805;5019;4886;772;834;1409;1088;260;38;327;42;59;50;7;0;786;45;15.8;17.07;28.84;22.27;5.32;0.78;6.69;0.86;1.21;1.02;0.14;0;13.54;0.92
35137;35;Javené;1608;1405;1364;230;224;416;248;102;7;85;11;19;19;3;0;203;15;16.86;16.42;30.5;18.18;7.48;0.51;6.23;0.81;1.39;1.39;0.22;0;12.62;1.1
35138;35;Laignelet;840;753;729;151;107;200;149;60;2;44;1;9;5;1;0;87;9;20.71;14.68;27.43;20.44;8.23;0.27;6.04;0.14;1.23;0.69;0.14;0;10.36;1.23
35139;35;Laillé;3940;3439;3355;392;689;1153;544;163;29;304;11;48;19;3;0;501;19;11.68;20.54;34.37;16.21;4.86;0.86;9.06;0.33;1.43;0.57;0.09;0;12.72;0.57
35140;35;Lalleu;430;344;333;94;57;75;44;18;3;26;4;9;3;0;0;86;4;28.23;17.12;22.52;13.21;5.41;0.9;7.81;1.2;2.7;0.9;0;0;20;1.2
35141;35;Landavran;500;444;419;89;59;118;74;30;6;27;1;14;1;0;0;56;12;21.24;14.08;28.16;17.66;7.16;1.43;6.44;0.24;3.34;0.24;0;0;11.2;2.86
35142;35;Landéan;929;816;787;178;106;172;218;50;9;32;2;12;7;1;0;113;8;22.62;13.47;21.86;27.7;6.35;1.14;4.07;0.25;1.52;0.89;0.13;0;12.16;1.02
35143;35;Landujan;693;586;576;124;131;152;91;22;2;44;1;6;1;2;0;107;4;21.53;22.74;26.39;15.8;3.82;0.35;7.64;0.17;1.04;0.17;0.35;0;15.44;0.69
35144;35;Langan;751;653;633;113;138;211;72;35;4;42;5;5;7;1;0;98;5;17.85;21.8;33.33;11.37;5.53;0.63;6.64;0.79;0.79;1.11;0.16;0;13.05;0.79
35145;35;Langon;1013;848;829;186;212;164;124;48;8;55;9;11;9;3;0;165;3;22.44;25.57;19.78;14.96;5.79;0.97;6.63;1.09;1.33;1.09;0.36;0;16.29;0.36
35146;35;Langouet;393;354;349;52;91;93;50;22;3;19;4;9;6;0;0;39;2;14.9;26.07;26.65;14.33;6.3;0.86;5.44;1.15;2.58;1.72;0;0;9.92;0.57
35147;35;Lanhélin;660;567;551;152;97;116;91;34;5;31;5;14;6;0;0;93;5;27.59;17.6;21.05;16.52;6.17;0.91;5.63;0.91;2.54;1.09;0;0;14.09;0.91
35148;35;Lanrigan;107;89;87;14;10;28;19;6;0;7;0;3;0;0;0;18;0;16.09;11.49;32.18;21.84;6.9;0;8.05;0;3.45;0;0;0;16.82;0
35149;35;Lassy;1163;1034;1005;163;236;289;139;52;8;85;10;15;7;1;0;129;6;16.22;23.48;28.76;13.83;5.17;0.8;8.46;1;1.49;0.7;0.1;0;11.09;0.6
35150;35;Lécousse;2791;2415;2351;321;352;751;539;145;18;160;15;30;16;4;0;376;19;13.65;14.97;31.94;22.93;6.17;0.77;6.81;0.64;1.28;0.68;0.17;0;13.47;0.81
35151;35;Lieuron;580;494;482;111;85;130;59;28;6;39;2;11;8;3;0;86;2;23.03;17.63;26.97;12.24;5.81;1.24;8.09;0.41;2.28;1.66;0.62;0;14.83;0.41
35152;35;Liffré;5680;4948;4816;603;1044;1592;737;189;38;479;34;53;35;12;0;732;43;12.52;21.68;33.06;15.3;3.92;0.79;9.95;0.71;1.1;0.73;0.25;0;12.89;0.89
35153;35;Lillemer;238;200;196;50;34;41;38;14;1;13;1;2;2;0;0;38;1;25.51;17.35;20.92;19.39;7.14;0.51;6.63;0.51;1.02;1.02;0;0;15.97;0.51
35154;35;Livré-sur-Changeon;1113;986;958;157;186;252;182;68;10;69;4;15;13;2;0;127;11;16.39;19.42;26.3;19;7.1;1.04;7.2;0.42;1.57;1.36;0.21;0;11.41;1.15
35155;35;Lohéac;498;431;417;87;72;121;72;13;3;38;1;6;3;1;0;67;3;20.86;17.27;29.02;17.27;3.12;0.72;9.11;0.24;1.44;0.72;0.24;0;13.45;0.72
35156;35;Longaulnay;435;373;364;59;62;100;65;20;8;35;5;6;4;0;0;62;2;16.21;17.03;27.47;17.86;5.49;2.2;9.62;1.37;1.65;1.1;0;0;14.25;0.55
35157;35;Le Loroux;433;368;355;64;40;71;104;37;3;15;6;10;4;1;0;65;6;18.03;11.27;20;29.3;10.42;0.85;4.23;1.69;2.82;1.13;0.28;0;15.01;1.69
35159;35;Lourmais;254;202;195;42;35;42;51;16;0;7;0;2;0;0;0;52;2;21.54;17.95;21.54;26.15;8.21;0;3.59;0;1.03;0;0;0;20.47;1.03
35160;35;Loutehel;168;139;138;40;22;34;22;9;0;5;1;2;3;0;0;29;1;28.99;15.94;24.64;15.94;6.52;0;3.62;0.72;1.45;2.17;0;0;17.26;0.72
35161;35;Louvigné-de-Bais;1356;1157;1121;220;174;303;243;70;9;65;7;18;12;0;0;199;10;19.63;15.52;27.03;21.68;6.24;0.8;5.8;0.62;1.61;1.07;0;0;14.68;0.89
35162;35;Louvigné-du-Désert;2722;2154;2085;415;272;511;581;143;19;89;6;30;17;2;0;568;24;19.9;13.05;24.51;27.87;6.86;0.91;4.27;0.29;1.44;0.82;0.1;0;20.87;1.15
35163;35;Luitré;962;831;807;162;93;194;238;62;5;27;9;12;4;1;0;131;22;20.07;11.52;24.04;29.49;7.68;0.62;3.35;1.12;1.49;0.5;0.12;0;13.62;2.73
35164;35;Marcillé-Raoul;556;465;445;114;61;97;88;18;5;40;5;10;6;1;0;91;3;25.62;13.71;21.8;19.78;4.04;1.12;8.99;1.12;2.25;1.35;0.22;0;16.37;0.67
35165;35;Marcillé-Robert;645;557;537;118;88;112;133;24;4;34;3;14;7;0;0;88;2;21.97;16.39;20.86;24.77;4.47;0.74;6.33;0.56;2.61;1.3;0;0;13.64;0.37
35166;35;Marpiré;805;652;635;118;126;182;89;46;6;44;7;10;7;0;0;153;4;18.58;19.84;28.66;14.02;7.24;0.94;6.93;1.1;1.57;1.1;0;0;19.01;0.63
35167;35;Martigné-Ferchaud;1950;1519;1485;249;212;353;445;99;20;79;2;21;3;2;0;431;13;16.77;14.28;23.77;29.97;6.67;1.35;5.32;0.13;1.41;0.2;0.13;0;22.1;0.88
35168;35;Val d'Anast;2887;2354;2300;578;393;548;419;105;14;165;17;28;29;4;0;533;16;25.13;17.09;23.83;18.22;4.57;0.61;7.17;0.74;1.22;1.26;0.17;0;18.46;0.7
35169;35;Maxent;951;799;778;161;190;168;110;46;6;62;7;17;10;1;0;152;13;20.69;24.42;21.59;14.14;5.91;0.77;7.97;0.9;2.19;1.29;0.13;0;15.98;1.67
35170;35;Mecé;457;378;363;81;66;70;68;34;8;22;3;6;5;0;0;79;2;22.31;18.18;19.28;18.73;9.37;2.2;6.06;0.83;1.65;1.38;0;0;17.29;0.55
35171;35;Médréac;1308;1130;1098;204;204;256;214;69;7;110;4;21;7;2;0;178;4;18.58;18.58;23.32;19.49;6.28;0.64;10.02;0.36;1.91;0.64;0.18;0;13.61;0.36
35172;35;Meillac;1176;1051;1022;174;212;285;168;44;15;101;1;15;7;0;0;125;7;17.03;20.74;27.89;16.44;4.31;1.47;9.88;0.1;1.47;0.68;0;0;10.63;0.68
35173;35;Melesse;4765;4248;4161;440;775;1403;856;176;34;369;27;54;22;5;0;517;33;10.57;18.63;33.72;20.57;4.23;0.82;8.87;0.65;1.3;0.53;0.12;0;10.85;0.79
35174;35;Mellé;446;388;376;107;62;72;90;17;0;17;0;7;3;1;0;58;12;28.46;16.49;19.15;23.94;4.52;0;4.52;0;1.86;0.8;0.27;0;13;3.19
35175;35;Mernel;766;655;639;161;94;152;114;35;7;52;5;11;5;3;0;111;1;25.2;14.71;23.79;17.84;5.48;1.1;8.14;0.78;1.72;0.78;0.47;0;14.49;0.16
35176;35;Guipry-Messac;5044;4284;4178;927;842;1030;707;221;28;289;24;69;32;9;0;760;25;22.19;20.15;24.65;16.92;5.29;0.67;6.92;0.57;1.65;0.77;0.22;0;15.07;0.6
35177;35;La Mézière;3584;3143;3065;336;591;1121;497;139;25;288;17;27;16;8;0;441;23;10.96;19.28;36.57;16.22;4.54;0.82;9.4;0.55;0.88;0.52;0.26;0;12.3;0.75
35178;35;Mézières-sur-Couesnon;1126;996;965;207;186;273;122;65;9;76;11;6;9;1;0;130;11;21.45;19.27;28.29;12.64;6.74;0.93;7.88;1.14;0.62;0.93;0.1;0;11.55;1.14
35179;35;Miniac-Morvan;2746;2281;2217;536;417;515;384;131;25;131;24;29;21;4;0;465;21;24.18;18.81;23.23;17.32;5.91;1.13;5.91;1.08;1.31;0.95;0.18;0;16.93;0.95
35180;35;Miniac-sous-Bécherel;533;463;455;87;80;113;94;16;3;36;9;11;4;2;0;70;2;19.12;17.58;24.84;20.66;3.52;0.66;7.91;1.98;2.42;0.88;0.44;0;13.13;0.44
35181;35;Le Minihic-sur-Rance;1139;1008;992;116;149;319;270;24;7;83;10;5;5;4;0;131;5;11.69;15.02;32.16;27.22;2.42;0.71;8.37;1.01;0.5;0.5;0.4;0;11.5;0.5
35183;35;Mondevert;589;496;481;106;83;133;69;42;4;21;2;8;12;1;0;93;4;22.04;17.26;27.65;14.35;8.73;0.83;4.37;0.42;1.66;2.49;0.21;0;15.79;0.83
35184;35;Montauban-de-Bretagne;3849;3206;3143;539;497;1030;606;134;25;231;14;34;29;4;0;643;14;17.15;15.81;32.77;19.28;4.26;0.8;7.35;0.45;1.08;0.92;0.13;0;16.71;0.45
35185;35;Montautour;188;156;153;26;27;28;40;15;3;5;1;4;4;0;0;32;0;16.99;17.65;18.3;26.14;9.8;1.96;3.27;0.65;2.61;2.61;0;0;17.02;0
35186;35;Mont-Dol;879;729;703;164;115;173;148;34;12;30;10;8;9;0;0;150;11;23.33;16.36;24.61;21.05;4.84;1.71;4.27;1.42;1.14;1.28;0;0;17.06;1.56
35187;35;Monterfil;944;829;808;111;202;218;100;39;7;104;5;15;7;0;0;115;8;13.74;25;26.98;12.38;4.83;0.87;12.87;0.62;1.86;0.87;0;0;12.18;0.99
35188;35;Montfort-sur-Meu;4949;4208;4115;493;864;1300;719;158;47;419;39;47;23;6;0;741;25;11.98;21;31.59;17.47;3.84;1.14;10.18;0.95;1.14;0.56;0.15;0;14.97;0.61
35189;35;Montgermont;2420;2169;2121;185;359;839;397;92;10;192;13;22;10;2;0;251;15;8.72;16.93;39.56;18.72;4.34;0.47;9.05;0.61;1.04;0.47;0.09;0;10.37;0.71
35190;35;Monthault;178;137;131;48;16;12;26;8;4;11;0;5;0;1;0;41;1;36.64;12.21;9.16;19.85;6.11;3.05;8.4;0;3.82;0;0.76;0;23.03;0.76
35191;35;Les Portes du Coglais;1638;1435;1392;322;214;342;289;79;17;74;9;27;18;1;0;203;11;23.13;15.37;24.57;20.76;5.68;1.22;5.32;0.65;1.94;1.29;0.07;0;12.39;0.79
35192;35;Montreuil-des-Landes;178;156;150;28;29;23;36;19;1;6;3;2;2;1;0;22;1;18.67;19.33;15.33;24;12.67;0.67;4;2;1.33;1.33;0.67;0;12.36;0.67
35193;35;Montreuil-le-Gast;1415;1230;1201;197;246;391;163;49;6;106;16;16;9;2;0;185;7;16.4;20.48;32.56;13.57;4.08;0.5;8.83;1.33;1.33;0.75;0.17;0;13.07;0.58
35194;35;Montreuil-sous-Pérouse;871;744;738;106;140;218;159;36;6;48;6;11;6;2;0;127;2;14.36;18.97;29.54;21.54;4.88;0.81;6.5;0.81;1.49;0.81;0.27;0;14.58;0.27
35195;35;Montreuil-sur-Ille;1579;1334;1293;235;344;306;155;59;15;129;8;25;15;2;0;245;7;18.17;26.6;23.67;11.99;4.56;1.16;9.98;0.62;1.93;1.16;0.15;0;15.52;0.54
35196;35;Mordelles;5756;4880;4779;629;909;1514;931;233;34;421;27;44;30;7;0;876;25;13.16;19.02;31.68;19.48;4.88;0.71;8.81;0.56;0.92;0.63;0.15;0;15.22;0.52
35197;35;Mouazé;1021;937;912;138;211;300;98;40;9;98;5;5;5;3;0;84;4;15.13;23.14;32.89;10.75;4.39;0.99;10.75;0.55;0.55;0.55;0.33;0;8.23;0.44
35198;35;Moulins;534;461;455;80;92;124;94;18;3;34;1;6;3;0;0;73;0;17.58;20.22;27.25;20.66;3.96;0.66;7.47;0.22;1.32;0.66;0;0;13.67;0
35199;35;Moussé;216;192;185;52;16;49;41;15;0;7;2;0;2;1;0;24;1;28.11;8.65;26.49;22.16;8.11;0;3.78;1.08;0;1.08;0.54;0;11.11;0.54
35200;35;Moutiers;598;525;508;103;73;94;167;35;2;17;4;7;6;0;0;73;8;20.28;14.37;18.5;32.87;6.89;0.39;3.35;0.79;1.38;1.18;0;0;12.21;1.57
35201;35;Muel;627;540;525;143;98;113;79;36;6;36;1;9;4;0;0;87;6;27.24;18.67;21.52;15.05;6.86;1.14;6.86;0.19;1.71;0.76;0;0;13.88;1.14
35202;35;La Noë-Blanche;733;605;593;202;86;119;88;45;4;27;5;8;8;1;0;128;5;34.06;14.5;20.07;14.84;7.59;0.67;4.55;0.84;1.35;1.35;0.17;0;17.46;0.84
35203;35;La Nouaye;252;225;219;27;52;70;30;10;2;24;3;0;1;0;0;27;3;12.33;23.74;31.96;13.7;4.57;0.91;10.96;1.37;0;0.46;0;0;10.71;1.37
35204;35;Nouvoitou;2395;2041;2001;277;457;626;277;100;17;205;5;23;11;3;0;354;11;13.84;22.84;31.28;13.84;5;0.85;10.24;0.25;1.15;0.55;0.15;0;14.78;0.55
35205;35;Noyal-sous-Bazouges;286;243;241;71;30;46;45;19;4;22;0;2;2;0;0;43;0;29.46;12.45;19.09;18.67;7.88;1.66;9.13;0;0.83;0.83;0;0;15.03;0
35206;35;Noyal-Châtillon-sur-Seiche;4931;4261;4180;474;892;1400;690;183;18;431;26;36;20;10;0;670;24;11.34;21.34;33.49;16.51;4.38;0.43;10.31;0.62;0.86;0.48;0.24;0;13.59;0.57
35207;35;Noyal-sur-Vilaine;4489;3972;3871;424;718;1359;719;175;26;370;18;31;25;6;0;517;17;10.95;18.55;35.11;18.57;4.52;0.67;9.56;0.46;0.8;0.65;0.15;0;11.52;0.44
35208;35;Orgères;3157;2794;2717;349;553;942;405;153;26;226;12;27;15;9;0;363;15;12.85;20.35;34.67;14.91;5.63;0.96;8.32;0.44;0.99;0.55;0.33;0;11.5;0.55
35210;35;Pacé;8314;7415;7275;538;1188;2957;1616;257;36;569;41;42;21;10;0;899;35;7.4;16.33;40.65;22.21;3.53;0.49;7.82;0.56;0.58;0.29;0.14;0;10.81;0.48
35211;35;Paimpont;1331;1133;1115;199;294;223;188;54;10;104;17;20;4;2;0;198;8;17.85;26.37;20;16.86;4.84;0.9;9.33;1.52;1.79;0.36;0.18;0;14.88;0.72
35212;35;Pancé;843;721;712;108;155;196;137;44;1;51;3;9;5;3;0;122;1;15.17;21.77;27.53;19.24;6.18;0.14;7.16;0.42;1.26;0.7;0.42;0;14.47;0.14
35214;35;Parcé;483;413;400;94;43;88;110;29;3;14;2;11;5;1;0;70;3;23.5;10.75;22;27.5;7.25;0.75;3.5;0.5;2.75;1.25;0.25;0;14.49;0.75
35215;35;Parigné;942;813;786;160;104;211;169;58;5;47;7;9;13;3;0;129;13;20.36;13.23;26.84;21.5;7.38;0.64;5.98;0.89;1.15;1.65;0.38;0;13.69;1.65
35216;35;Parthenay-de-Bretagne;1063;943;916;120;217;268;125;55;12;92;2;12;11;2;0;120;5;13.1;23.69;29.26;13.65;6;1.31;10.04;0.22;1.31;1.2;0.22;0;11.29;0.55
35217;35;Le Pertre;1014;840;813;136;90;206;271;60;7;23;3;10;7;0;0;174;11;16.73;11.07;25.34;33.33;7.38;0.86;2.83;0.37;1.23;0.86;0;0;17.16;1.35
35218;35;Le Petit-Fougeray;586;533;520;141;100;136;37;41;9;41;1;5;7;2;0;53;2;27.12;19.23;26.15;7.12;7.88;1.73;7.88;0.19;0.96;1.35;0.38;0;9.04;0.38
35219;35;Pipriac;2629;2185;2133;554;338;521;388;122;20;129;12;23;21;5;0;444;15;25.97;15.85;24.43;18.19;5.72;0.94;6.05;0.56;1.08;0.98;0.23;0;16.89;0.7
35220;35;Piré-sur-Seiche;1797;1576;1537;247;312;411;329;80;10;91;8;27;15;7;0;221;5;16.07;20.3;26.74;21.41;5.2;0.65;5.92;0.52;1.76;0.98;0.46;0;12.3;0.33
35221;35;Pléchâtel;1987;1722;1668;363;373;412;229;109;12;98;22;31;18;1;0;265;16;21.76;22.36;24.7;13.73;6.53;0.72;5.88;1.32;1.86;1.08;0.06;0;13.34;0.96
35222;35;Pleine-Fougères;1343;1141;1102;314;196;217;199;61;8;60;16;11;19;1;0;202;15;28.49;17.79;19.69;18.06;5.54;0.73;5.44;1.45;1;1.72;0.09;0;15.04;1.36
35223;35;Plélan-le-Grand;2921;2425;2362;420;461;528;521;134;24;197;14;42;17;4;0;496;17;17.78;19.52;22.35;22.06;5.67;1.02;8.34;0.59;1.78;0.72;0.17;0;16.98;0.72
35224;35;Plerguer;2009;1671;1627;378;295;378;324;101;7;103;12;15;12;2;0;338;15;23.23;18.13;23.23;19.91;6.21;0.43;6.33;0.74;0.92;0.74;0.12;0;16.82;0.92
35225;35;Plesder;551;476;462;90;97;101;84;25;4;47;3;4;5;2;0;75;7;19.48;21;21.86;18.18;5.41;0.87;10.17;0.65;0.87;1.08;0.43;0;13.61;1.52
35226;35;Pleugueneuc;1316;1157;1125;245;226;310;146;45;1;108;10;23;10;1;0;159;7;21.78;20.09;27.56;12.98;4;0.09;9.6;0.89;2.04;0.89;0.09;0;12.08;0.62
35227;35;Pleumeleuc;2360;2061;1991;322;349;662;293;117;15;168;21;25;16;3;0;299;19;16.17;17.53;33.25;14.72;5.88;0.75;8.44;1.05;1.26;0.8;0.15;0;12.67;0.95
35228;35;Pleurtuit;5327;4292;4188;789;736;1162;879;195;37;277;32;51;21;9;0;1035;35;18.84;17.57;27.75;20.99;4.66;0.88;6.61;0.76;1.22;0.5;0.21;0;19.43;0.84
35229;35;Pocé-les-Bois;922;847;814;99;161;246;160;47;12;56;8;15;8;2;0;75;10;12.16;19.78;30.22;19.66;5.77;1.47;6.88;0.98;1.84;0.98;0.25;0;8.13;1.23
35230;35;Poilley;310;253;247;39;22;63;70;22;6;17;0;7;1;0;0;57;3;15.79;8.91;25.51;28.34;8.91;2.43;6.88;0;2.83;0.4;0;0;18.39;1.21
35231;35;Poligné;821;729;713;120;163;195;92;48;8;69;2;10;4;2;0;92;7;16.83;22.86;27.35;12.9;6.73;1.12;9.68;0.28;1.4;0.56;0.28;0;11.21;0.98
35232;35;Princé;260;218;213;51;25;37;60;20;0;13;0;3;3;1;0;42;3;23.94;11.74;17.37;28.17;9.39;0;6.1;0;1.41;1.41;0.47;0;16.15;1.41
35233;35;Québriac;1179;1041;1016;166;225;273;154;42;15;102;4;20;10;5;0;138;10;16.34;22.15;26.87;15.16;4.13;1.48;10.04;0.39;1.97;0.98;0.49;0;11.7;0.98
35234;35;Quédillac;878;769;744;138;126;189;172;40;4;54;4;7;9;1;0;109;9;18.55;16.94;25.4;23.12;5.38;0.54;7.26;0.54;0.94;1.21;0.13;0;12.41;1.21
35235;35;Rannée;837;729;704;136;98;159;206;43;7;27;6;9;10;3;0;108;8;19.32;13.92;22.59;29.26;6.11;0.99;3.84;0.85;1.28;1.42;0.43;0;12.9;1.14
35236;35;Redon;6568;5115;5016;608;1040;1457;1006;215;35;528;30;57;28;12;0;1453;18;12.12;20.73;29.05;20.06;4.29;0.7;10.53;0.6;1.14;0.56;0.24;0;22.12;0.36
35237;35;Renac;677;596;584;141;98;141;102;33;9;41;6;5;8;0;0;81;6;24.14;16.78;24.14;17.47;5.65;1.54;7.02;1.03;0.86;1.37;0;0;11.96;1.03
35238;35;Rennes;117439;92817;91312;6121;23609;29090;15098;2167;451;12623;620;883;501;149;0;24622;405;6.7;25.86;31.86;16.53;2.37;0.49;13.82;0.68;0.97;0.55;0.16;0;20.97;0.44
35239;35;Retiers;3014;2528;2465;418;405;675;577;160;16;153;8;24;28;1;0;486;24;16.96;16.43;27.38;23.41;6.49;0.65;6.21;0.32;0.97;1.14;0.04;0;16.12;0.97
35240;35;Le Rheu;5880;5006;4914;427;1099;1745;767;164;27;569;44;48;20;4;0;874;21;8.69;22.36;35.51;15.61;3.34;0.55;11.58;0.9;0.98;0.41;0.08;0;14.86;0.43
35241;35;La Richardais;2017;1714;1681;241;296;499;385;78;8;140;16;12;6;0;0;303;16;14.34;17.61;29.68;22.9;4.64;0.48;8.33;0.95;0.71;0.36;0;0;15.02;0.95
35242;35;Rimou;268;228;225;39;44;48;45;9;5;24;3;5;2;1;0;40;1;17.33;19.56;21.33;20;4;2.22;10.67;1.33;2.22;0.89;0.44;0;14.93;0.44
35243;35;Romagné;1724;1502;1463;248;197;438;355;94;19;75;5;23;7;2;0;222;8;16.95;13.47;29.94;24.27;6.43;1.3;5.13;0.34;1.57;0.48;0.14;0;12.88;0.55
35244;35;Romazy;202;178;173;35;20;53;45;2;1;10;1;4;1;1;0;24;3;20.23;11.56;30.64;26.01;1.16;0.58;5.78;0.58;2.31;0.58;0.58;0;11.88;1.73
35245;35;Romillé;2718;2368;2301;346;488;675;393;114;19;207;16;22;19;2;0;350;16;15.04;21.21;29.34;17.08;4.95;0.83;9;0.7;0.96;0.83;0.09;0;12.88;0.7
35246;35;Roz-Landrieux;980;832;800;180;170;188;122;53;10;54;3;10;8;2;0;148;12;22.5;21.25;23.5;15.25;6.63;1.25;6.75;0.38;1.25;1;0.25;0;15.1;1.5
35247;35;Roz-sur-Couesnon;742;620;607;168;104;138;109;28;2;41;5;3;7;2;0;122;7;27.68;17.13;22.73;17.96;4.61;0.33;6.75;0.82;0.49;1.15;0.33;0;16.44;1.15
35248;35;Sains;393;319;307;89;45;59;65;15;3;26;1;1;2;1;0;74;2;28.99;14.66;19.22;21.17;4.89;0.98;8.47;0.33;0.33;0.65;0.33;0;18.83;0.65
35249;35;Sainte-Anne-sur-Vilaine;695;589;571;123;110;127;128;17;5;37;6;12;5;1;0;106;4;21.54;19.26;22.24;22.42;2.98;0.88;6.48;1.05;2.1;0.88;0.18;0;15.25;0.7
35250;35;Saint-Armel;1352;1218;1192;165;278;363;165;62;8;115;8;20;6;2;0;134;17;13.84;23.32;30.45;13.84;5.2;0.67;9.65;0.67;1.68;0.5;0.17;0;9.91;1.43
35251;35;Saint-Aubin-d'Aubigné;2688;2275;2219;321;454;731;307;132;12;212;6;26;13;5;0;413;14;14.47;20.46;32.94;13.84;5.95;0.54;9.55;0.27;1.17;0.59;0.23;0;15.36;0.63
35252;35;Saint-Aubin-des-Landes;736;650;632;115;97;151;162;42;7;32;8;9;6;3;0;86;0;18.2;15.35;23.89;25.63;6.65;1.11;5.06;1.27;1.42;0.95;0.47;0;11.68;0
35253;35;Saint-Aubin-du-Cormier;2318;1962;1904;308;330;588;335;97;17;168;13;29;17;2;0;356;18;16.18;17.33;30.88;17.59;5.09;0.89;8.82;0.68;1.52;0.89;0.11;0;15.36;0.95
35255;35;Saint-Benoît-des-Ondes;819;677;653;144;125;179;103;21;13;43;8;10;7;0;0;142;6;22.05;19.14;27.41;15.77;3.22;1.99;6.58;1.23;1.53;1.07;0;0;17.34;0.92
35256;35;Saint-Briac-sur-Mer;2200;1899;1872;173;240;534;733;46;4;110;10;16;5;1;0;301;10;9.24;12.82;28.53;39.16;2.46;0.21;5.88;0.53;0.85;0.27;0.05;0;13.68;0.53
35257;35;Maen-Roch;3424;2887;2784;650;421;748;522;159;25;165;12;45;29;8;0;537;32;23.35;15.12;26.87;18.75;5.71;0.9;5.93;0.43;1.62;1.04;0.29;0;15.68;1.15
35258;35;Saint-Brieuc-des-Iffs;254;227;222;28;51;59;34;15;3;24;1;5;0;2;0;27;5;12.61;22.97;26.58;15.32;6.76;1.35;10.81;0.45;2.25;0;0.9;0;10.63;2.25
35259;35;Saint-Broladre;799;669;651;198;112;114;152;28;10;22;3;6;5;1;0;130;6;30.41;17.2;17.51;23.35;4.3;1.54;3.38;0.46;0.92;0.77;0.15;0;16.27;0.92
35260;35;Saint-Christophe-des-Bois;407;356;342;71;51;76;72;29;3;16;6;10;6;2;0;51;4;20.76;14.91;22.22;21.05;8.48;0.88;4.68;1.75;2.92;1.75;0.58;0;12.53;1.17
35261;35;Saint-Christophe-de-Valains;154;142;139;55;21;29;15;11;0;6;0;1;1;0;0;12;2;39.57;15.11;20.86;10.79;7.91;0;4.32;0;0.72;0.72;0;0;7.79;1.44
35262;35;Sainte-Colombe;234;207;200;33;31;51;53;14;3;9;0;3;3;0;0;27;3;16.5;15.5;25.5;26.5;7;1.5;4.5;0;1.5;1.5;0;0;11.54;1.5
35263;35;Saint-Coulomb;2391;2013;1976;276;290;583;578;85;13;120;7;15;8;1;0;378;11;13.97;14.68;29.5;29.25;4.3;0.66;6.07;0.35;0.76;0.4;0.05;0;15.81;0.56
35264;35;Saint-Didier;1390;1218;1193;201;210;388;224;73;4;68;9;9;5;2;0;172;8;16.85;17.6;32.52;18.78;6.12;0.34;5.7;0.75;0.75;0.42;0.17;0;12.37;0.67
35265;35;Saint-Domineuc;1722;1517;1476;301;298;438;227;55;6;119;6;13;10;3;0;205;16;20.39;20.19;29.67;15.38;3.73;0.41;8.06;0.41;0.88;0.68;0.2;0;11.9;1.08
35266;35;Saint-Erblon;2210;1939;1909;239;366;636;334;79;14;181;13;29;15;3;0;271;11;12.52;19.17;33.32;17.5;4.14;0.73;9.48;0.68;1.52;0.79;0.16;0;12.26;0.58
35268;35;Saint-Ganton;341;272;259;73;62;50;32;22;1;16;2;1;0;0;0;69;4;28.19;23.94;19.31;12.36;8.49;0.39;6.18;0.77;0.39;0;0;0;20.23;1.54
35269;35;Saint-Georges-de-Chesné;472;406;397;91;53;102;93;22;2;24;1;5;4;0;0;66;3;22.92;13.35;25.69;23.43;5.54;0.5;6.05;0.25;1.26;1.01;0;0;13.98;0.76
35270;35;Saint-Georges-de-Gréhaigne;302;261;249;71;37;43;56;24;3;11;1;2;1;0;0;41;4;28.51;14.86;17.27;22.49;9.64;1.2;4.42;0.4;0.8;0.4;0;0;13.58;1.61
35271;35;Saint-Georges-de-Reintembault;1015;809;772;180;75;159;242;42;16;36;2;8;10;2;0;206;13;23.32;9.72;20.6;31.35;5.44;2.07;4.66;0.26;1.04;1.3;0.26;0;20.3;1.68
35272;35;Saint-Germain-du-Pinel;666;545;517;96;84;126;129;37;6;26;2;5;6;0;0;121;8;18.57;16.25;24.37;24.95;7.16;1.16;5.03;0.39;0.97;1.16;0;0;18.17;1.55
35273;35;Saint-Germain-en-Coglès;1540;1356;1308;236;182;362;309;84;15;74;9;23;13;1;0;184;18;18.04;13.91;27.68;23.62;6.42;1.15;5.66;0.69;1.76;0.99;0.08;0;11.95;1.38
35274;35;Saint-Germain-sur-Ille;634;569;554;49;205;132;58;27;8;62;1;5;4;3;0;65;4;8.84;37;23.83;10.47;4.87;1.44;11.19;0.18;0.9;0.72;0.54;0;10.25;0.72
35275;35;Saint-Gilles;3197;2893;2836;338;483;1028;521;120;45;247;13;25;14;2;0;304;14;11.92;17.03;36.25;18.37;4.23;1.59;8.71;0.46;0.88;0.49;0.07;0;9.51;0.49
35276;35;Saint-Gondran;438;389;379;89;77;97;54;11;3;33;2;9;3;1;0;49;2;23.48;20.32;25.59;14.25;2.9;0.79;8.71;0.53;2.37;0.79;0.26;0;11.19;0.53
35277;35;Saint-Gonlay;285;259;253;54;52;58;42;17;3;24;1;1;1;0;0;26;6;21.34;20.55;22.92;16.6;6.72;1.19;9.49;0.4;0.4;0.4;0;0;9.12;2.37
35278;35;Saint-Grégoire;7832;6661;6561;383;843;2704;1874;144;31;471;47;37;21;6;0;1171;23;5.84;12.85;41.21;28.56;2.19;0.47;7.18;0.72;0.56;0.32;0.09;0;14.95;0.35
35279;35;Saint-Guinoux;835;723;699;174;151;143;132;19;12;32;7;13;14;2;0;112;3;24.89;21.6;20.46;18.88;2.72;1.72;4.58;1;1.86;2;0.29;0;13.41;0.43
35280;35;Saint-Hilaire-des-Landes;689;598;575;153;104;124;105;40;5;26;1;12;4;1;0;91;9;26.61;18.09;21.57;18.26;6.96;0.87;4.52;0.17;2.09;0.7;0.17;0;13.21;1.57
35281;35;Saint-Jacques-de-la-Lande;7486;6022;5903;622;1634;1795;670;225;27;738;43;83;50;16;0;1464;36;10.54;27.68;30.41;11.35;3.81;0.46;12.5;0.73;1.41;0.85;0.27;0;19.56;0.61
35282;35;Saint-Jean-sur-Couesnon;815;720;704;122;137;177;145;43;7;58;4;7;3;1;0;95;5;17.33;19.46;25.14;20.6;6.11;0.99;8.24;0.57;0.99;0.43;0.14;0;11.66;0.71
35283;35;Saint-Jean-sur-Vilaine;930;817;799;108;137;243;168;61;10;45;6;14;6;1;0;113;9;13.52;17.15;30.41;21.03;7.63;1.25;5.63;0.75;1.75;0.75;0.13;0;12.15;1.13
35284;35;Saint-Jouan-des-Guérets;2371;1970;1937;288;329;579;462;61;15;157;15;24;6;1;0;401;7;14.87;16.99;29.89;23.85;3.15;0.77;8.11;0.77;1.24;0.31;0.05;0;16.91;0.36
35285;35;Saint-Just;886;755;747;161;144;191;120;28;7;75;4;12;4;1;0;131;2;21.55;19.28;25.57;16.06;3.75;0.94;10.04;0.54;1.61;0.54;0.13;0;14.79;0.27
35286;35;Saint-Léger-des-Prés;180;165;163;31;33;45;13;10;1;17;8;3;2;0;0;15;0;19.02;20.25;27.61;7.98;6.13;0.61;10.43;4.91;1.84;1.23;0;0;8.33;0
35287;35;Saint-Lunaire;2165;1925;1892;240;274;543;572;85;12;126;9;21;7;3;0;240;11;12.68;14.48;28.7;30.23;4.49;0.63;6.66;0.48;1.11;0.37;0.16;0;11.09;0.58
35288;35;Saint-Malo;37064;29349;28727;3681;5153;8391;7243;1037;225;2234;193;320;204;46;0;7715;180;12.81;17.94;29.21;25.21;3.61;0.78;7.78;0.67;1.11;0.71;0.16;0;20.82;0.63
35289;35;Saint-Malo-de-Phily;671;578;567;104;121;145;90;48;7;34;5;7;6;0;0;93;3;18.34;21.34;25.57;15.87;8.47;1.23;6;0.88;1.23;1.06;0;0;13.86;0.53
35290;35;Saint-Malon-sur-Mel;450;354;338;84;81;63;40;19;5;34;2;6;1;3;0;96;7;24.85;23.96;18.64;11.83;5.62;1.48;10.06;0.59;1.78;0.3;0.89;0;21.33;2.07
35291;35;Saint-Marcan;320;270;260;76;38;58;52;12;1;14;1;4;4;0;0;50;5;29.23;14.62;22.31;20;4.62;0.38;5.38;0.38;1.54;1.54;0;0;15.63;1.92
35292;35;Saint-Marc-le-Blanc;991;846;812;193;134;207;144;38;10;47;14;9;13;3;0;145;16;23.77;16.5;25.49;17.73;4.68;1.23;5.79;1.72;1.11;1.6;0.37;0;14.63;1.97
35293;35;Saint-Marc-sur-Couesnon;394;351;343;65;57;91;66;32;1;23;5;2;1;0;0;43;3;18.95;16.62;26.53;19.24;9.33;0.29;6.71;1.46;0.58;0.29;0;0;10.91;0.87
35294;35;Sainte-Marie;1651;1406;1374;275;236;382;236;71;11;123;10;21;9;0;0;245;7;20.01;17.18;27.8;17.18;5.17;0.8;8.95;0.73;1.53;0.66;0;0;14.84;0.51
35295;35;Saint-Maugan;392;339;319;72;70;67;38;16;7;37;6;3;3;0;0;53;4;22.57;21.94;21;11.91;5.02;2.19;11.6;1.88;0.94;0.94;0;0;13.52;1.25
35296;35;Saint-Médard-sur-Ille;1020;860;837;147;174;238;94;50;10;89;10;15;6;4;0;160;5;17.56;20.79;28.43;11.23;5.97;1.19;10.63;1.19;1.79;0.72;0.48;0;15.69;0.6
35297;35;Saint-Méen-le-Grand;2956;2480;2423;506;360;715;491;129;21;135;17;21;24;4;0;476;25;20.88;14.86;29.51;20.26;5.32;0.87;5.57;0.7;0.87;0.99;0.17;0;16.1;1.03
35299;35;Saint-Méloir-des-Ondes;3260;2731;2677;549;453;688;611;125;17;163;15;32;20;4;0;529;14;20.51;16.92;25.7;22.82;4.67;0.64;6.09;0.56;1.2;0.75;0.15;0;16.23;0.52
35300;35;Saint-M'Hervé;1022;872;845;180;104;198;193;103;6;36;5;5;15;0;0;150;15;21.3;12.31;23.43;22.84;12.19;0.71;4.26;0.59;0.59;1.78;0;0;14.68;1.78
35301;35;Saint-M'Hervon;385;348;339;66;74;89;48;14;1;32;2;8;4;1;0;37;2;19.47;21.83;26.25;14.16;4.13;0.29;9.44;0.59;2.36;1.18;0.29;0;9.61;0.59
35302;35;Saint-Onen-la-Chapelle;858;731;709;175;110;155;132;63;10;44;3;11;5;1;0;127;5;24.68;15.51;21.86;18.62;8.89;1.41;6.21;0.42;1.55;0.71;0.14;0;14.8;0.71
35303;35;Saint-Ouen-la-Rouërie;636;535;523;128;79;96;145;27;4;28;5;9;2;0;0;101;2;24.47;15.11;18.36;27.72;5.16;0.76;5.35;0.96;1.72;0.38;0;0;15.88;0.38
35304;35;Saint-Ouen-des-Alleux;977;808;786;214;116;206;121;45;5;62;6;4;6;1;0;169;1;27.23;14.76;26.21;15.39;5.73;0.64;7.89;0.76;0.51;0.76;0.13;0;17.3;0.13
35305;35;Saint-Péran;278;251;243;51;48;60;38;15;1;22;2;4;1;1;0;27;2;20.99;19.75;24.69;15.64;6.17;0.41;9.05;0.82;1.65;0.41;0.41;0;9.71;0.82
35306;35;Saint-Père;1851;1552;1519;297;305;393;279;77;22;103;9;20;13;1;0;299;9;19.55;20.08;25.87;18.37;5.07;1.45;6.78;0.59;1.32;0.86;0.07;0;16.15;0.59
35307;35;Saint-Pern;648;591;577;85;140;130;120;31;7;42;1;10;11;0;0;57;2;14.73;24.26;22.53;20.8;5.37;1.21;7.28;0.17;1.73;1.91;0;0;8.8;0.35
35308;35;Saint-Pierre-de-Plesguen;2030;1703;1646;347;317;392;276;110;17;130;19;22;13;3;0;327;20;21.08;19.26;23.82;16.77;6.68;1.03;7.9;1.15;1.34;0.79;0.18;0;16.11;1.22
35309;35;Saint-Rémy-du-Plain;558;474;457;129;79;94;68;25;5;44;2;5;5;1;0;84;6;28.23;17.29;20.57;14.88;5.47;1.09;9.63;0.44;1.09;1.09;0.22;0;15.05;1.31
35310;35;Saint-Sauveur-des-Landes;919;820;797;158;118;229;163;49;11;49;6;8;6;0;0;99;4;19.82;14.81;28.73;20.45;6.15;1.38;6.15;0.75;1;0.75;0;0;10.77;0.5
35311;35;Saint-Séglin;385;317;310;117;39;57;58;14;2;14;0;6;3;0;0;68;2;37.74;12.58;18.39;18.71;4.52;0.65;4.52;0;1.94;0.97;0;0;17.66;0.65
35312;35;Saint-Senoux;1297;1120;1098;163;326;302;123;43;7;105;9;12;6;2;0;177;22;14.85;29.69;27.5;11.2;3.92;0.64;9.56;0.82;1.09;0.55;0.18;0;13.65;2
35314;35;Saint-Suliac;847;755;745;87;124;240;164;35;8;64;4;10;9;0;0;92;2;11.68;16.64;32.21;22.01;4.7;1.07;8.59;0.54;1.34;1.21;0;0;10.86;0.27
35315;35;Saint-Sulpice-la-Forêt;1048;935;918;91;212;330;126;27;7;106;3;9;7;0;0;113;4;9.91;23.09;35.95;13.73;2.94;0.76;11.55;0.33;0.98;0.76;0;0;10.78;0.44
35316;35;Saint-Sulpice-des-Landes;497;429;420;118;82;77;60;41;8;23;2;4;5;0;0;68;2;28.1;19.52;18.33;14.29;9.76;1.9;5.48;0.48;0.95;1.19;0;0;13.68;0.48
35317;35;Saint-Symphorien;409;370;367;38;73;105;68;38;2;27;4;8;4;0;0;39;0;10.35;19.89;28.61;18.53;10.35;0.54;7.36;1.09;2.18;1.09;0;0;9.54;0
35318;35;Saint-Thual;584;501;494;111;97;115;71;23;7;44;2;12;10;2;0;83;2;22.47;19.64;23.28;14.37;4.66;1.42;8.91;0.4;2.43;2.02;0.4;0;14.21;0.4
35319;35;Saint-Thurial;1507;1314;1281;253;240;356;169;89;12;115;8;23;12;4;0;193;6;19.75;18.74;27.79;13.19;6.95;0.94;8.98;0.62;1.8;0.94;0.31;0;12.81;0.47
35320;35;Saint-Uniac;369;329;325;62;66;69;57;30;2;30;2;4;2;1;0;40;1;19.08;20.31;21.23;17.54;9.23;0.62;9.23;0.62;1.23;0.62;0.31;0;10.84;0.31
35321;35;Saulnières;511;457;437;89;95;98;76;31;1;34;2;5;4;2;0;54;1;20.37;21.74;22.43;17.39;7.09;0.23;7.78;0.46;1.14;0.92;0.46;0;10.57;0.23
35322;35;Le Sel-de-Bretagne;642;571;558;130;132;141;60;30;6;42;3;7;7;0;0;71;7;23.3;23.66;25.27;10.75;5.38;1.08;7.53;0.54;1.25;1.25;0;0;11.06;1.25
35324;35;La Selle-en-Luitré;422;384;369;73;56;87;99;24;3;22;0;4;1;0;0;38;6;19.78;15.18;23.58;26.83;6.5;0.81;5.96;0;1.08;0.27;0;0;9;1.63
35325;35;La Selle-Guerchaise;124;104;101;24;9;23;21;9;2;5;1;3;3;1;0;20;3;23.76;8.91;22.77;20.79;8.91;1.98;4.95;0.99;2.97;2.97;0.99;0;16.13;2.97
35326;35;Sens-de-Bretagne;1690;1388;1359;309;244;345;240;77;19;84;13;14;9;5;0;302;6;22.74;17.95;25.39;17.66;5.67;1.4;6.18;0.96;1.03;0.66;0.37;0;17.87;0.44
35327;35;Servon-sur-Vilaine;2852;2493;2427;282;515;809;423;113;20;206;17;24;15;3;0;359;15;11.62;21.22;33.33;17.43;4.66;0.82;8.49;0.7;0.99;0.62;0.12;0;12.59;0.62
35328;35;Sixt-sur-Aff;1578;1307;1278;364;186;308;240;64;10;73;5;21;6;1;0;271;9;28.48;14.55;24.1;18.78;5.01;0.78;5.71;0.39;1.64;0.47;0.08;0;17.17;0.7
35329;35;Sougéal;413;348;335;91;48;68;74;20;4;14;1;11;2;2;0;65;0;27.16;14.33;20.3;22.09;5.97;1.19;4.18;0.3;3.28;0.6;0.6;0;15.74;0
35330;35;Taillis;670;587;569;98;113;155;109;34;10;36;2;6;6;0;0;83;7;17.22;19.86;27.24;19.16;5.98;1.76;6.33;0.35;1.05;1.05;0;0;12.39;1.23
35331;35;Talensac;1924;1676;1638;304;365;486;227;52;9;145;9;24;14;3;0;248;5;18.56;22.28;29.67;13.86;3.17;0.55;8.85;0.55;1.47;0.85;0.18;0;12.89;0.31
35332;35;Teillay;738;611;595;147;106;146;85;35;10;36;5;14;8;3;0;127;1;24.71;17.82;24.54;14.29;5.88;1.68;6.05;0.84;2.35;1.34;0.5;0;17.21;0.17
35333;35;Le Theil-de-Bretagne;1173;1003;963;214;190;232;177;81;10;38;4;6;10;1;0;170;13;22.22;19.73;24.09;18.38;8.41;1.04;3.95;0.42;0.62;1.04;0.1;0;14.49;1.35
35334;35;Thorigné-Fouillard;6187;5473;5379;382;948;2146;955;191;30;598;40;53;29;7;0;714;20;7.1;17.62;39.9;17.75;3.55;0.56;11.12;0.74;0.99;0.54;0.13;0;11.54;0.37
35335;35;Thourie;543;472;453;97;99;82;77;35;10;32;1;12;3;5;0;71;6;21.41;21.85;18.1;17;7.73;2.21;7.06;0.22;2.65;0.66;1.1;0;13.08;1.32
35336;35;Le Tiercent;158;135;128;36;27;26;23;2;1;4;3;5;1;0;0;23;2;28.13;21.09;20.31;17.97;1.56;0.78;3.13;2.34;3.91;0.78;0;0;14.56;1.56
35337;35;Tinténiac;2564;2172;2128;313;408;648;402;75;17;192;10;33;23;7;0;392;15;14.71;19.17;30.45;18.89;3.52;0.8;9.02;0.47;1.55;1.08;0.33;0;15.29;0.7
35338;35;Torcé;845;764;736;121;115;190;197;61;2;32;4;9;4;1;0;81;11;16.44;15.63;25.82;26.77;8.29;0.27;4.35;0.54;1.22;0.54;0.14;0;9.59;1.49
35339;35;Trans-la-Forêt;431;363;349;83;61;66;81;19;3;25;4;6;1;0;0;68;4;23.78;17.48;18.91;23.21;5.44;0.86;7.16;1.15;1.72;0.29;0;0;15.78;1.15
35340;35;Treffendel;882;772;751;151;140;188;124;44;10;62;10;13;8;1;0;110;19;20.11;18.64;25.03;16.51;5.86;1.33;8.26;1.33;1.73;1.07;0.13;0;12.47;2.53
35341;35;Tremblay;1034;875;835;220;137;182;153;50;18;38;8;18;10;1;0;159;17;26.35;16.41;21.8;18.32;5.99;2.16;4.55;0.96;2.16;1.2;0.12;0;15.38;2.04
35342;35;Trémeheuc;261;229;219;49;47;64;25;15;0;16;0;2;1;0;0;32;1;22.37;21.46;29.22;11.42;6.85;0;7.31;0;0.91;0.46;0;0;12.26;0.46
35343;35;Tresboeuf;864;736;717;173;145;179;93;57;5;46;0;13;4;2;0;128;18;24.13;20.22;24.97;12.97;7.95;0.7;6.42;0;1.81;0.56;0.28;0;14.81;2.51
35344;35;Tressé;287;242;229;62;42;56;29;14;3;13;3;4;3;0;0;45;3;27.07;18.34;24.45;12.66;6.11;1.31;5.68;1.31;1.75;1.31;0;0;15.68;1.31
35345;35;Trévérien;623;540;526;92;146;127;65;20;8;51;3;7;6;1;0;83;1;17.49;27.76;24.14;12.36;3.8;1.52;9.7;0.57;1.33;1.14;0.19;0;13.32;0.19
35346;35;Trimer;151;126;122;27;25;30;20;5;1;11;1;0;1;1;0;25;3;22.13;20.49;24.59;16.39;4.1;0.82;9.02;0.82;0;0.82;0.82;0;16.56;2.46
35347;35;Val-d'Izé;1867;1643;1574;282;213;452;325;132;16;84;18;26;24;2;0;224;32;17.92;13.53;28.72;20.65;8.39;1.02;5.34;1.14;1.65;1.52;0.13;0;12;2.03
35348;35;Vendel;291;230;227;45;23;58;59;26;2;9;1;3;1;0;0;61;2;19.82;10.13;25.55;25.99;11.45;0.88;3.96;0.44;1.32;0.44;0;0;20.96;0.88
35350;35;Vergéal;573;517;497;103;79;108;116;46;4;21;4;11;5;0;0;56;8;20.72;15.9;21.73;23.34;9.26;0.8;4.23;0.8;2.21;1.01;0;0;9.77;1.61
35351;35;Le Verger;1067;921;897;134;223;242;129;57;2;92;3;9;6;0;0;146;2;14.94;24.86;26.98;14.38;6.35;0.22;10.26;0.33;1;0.67;0;0;13.68;0.22
35352;35;Vern-sur-Seiche;6418;5495;5389;582;1119;1885;872;232;37;540;32;45;33;12;0;923;47;10.8;20.76;34.98;16.18;4.31;0.69;10.02;0.59;0.84;0.61;0.22;0;14.38;0.87
35353;35;Vezin-le-Coquet;3427;3001;2928;244;596;1033;528;98;14;364;14;20;14;3;0;426;14;8.33;20.36;35.28;18.03;3.35;0.48;12.43;0.48;0.68;0.48;0.1;0;12.43;0.48
35354;35;Vieux-Viel;231;203;198;48;31;45;47;11;0;10;1;3;2;0;0;28;0;24.24;15.66;22.73;23.74;5.56;0;5.05;0.51;1.52;1.01;0;0;12.12;0
35355;35;Vieux-Vy-sur-Couesnon;877;726;711;171;165;188;73;44;6;49;3;6;6;0;0;151;6;24.05;23.21;26.44;10.27;6.19;0.84;6.89;0.42;0.84;0.84;0;0;17.22;0.84
35356;35;Vignoc;1223;1107;1083;148;210;390;172;42;3;94;8;9;5;2;0;116;6;13.67;19.39;36.01;15.88;3.88;0.28;8.68;0.74;0.83;0.46;0.18;0;9.48;0.55
35357;35;Villamée;264;231;228;51;34;41;54;23;3;7;3;7;2;3;0;33;1;22.37;14.91;17.98;23.68;10.09;1.32;3.07;1.32;3.07;0.88;1.32;0;12.5;0.44
35358;35;La Ville-ès-Nonais;824;715;703;119;137;207;119;46;3;51;5;10;2;4;0;109;12;16.93;19.49;29.45;16.93;6.54;0.43;7.25;0.71;1.42;0.28;0.57;0;13.23;1.71
35359;35;Visseiche;586;489;475;126;50;96;125;37;5;18;4;5;8;1;0;97;4;26.53;10.53;20.21;26.32;7.79;1.05;3.79;0.84;1.05;1.68;0.21;0;16.55;0.84
35360;35;Vitré;13274;10735;10520;1132;1662;3602;2613;456;67;725;69;105;75;14;0;2539;65;10.76;15.8;34.24;24.84;4.33;0.64;6.89;0.66;1;0.71;0.13;0;19.13;0.62
35361;35;Le Vivier-sur-Mer;837;713;688;168;68;177;186;45;4;32;2;1;5;0;0;124;25;24.42;9.88;25.73;27.03;6.54;0.58;4.65;0.29;0.15;0.73;0;0;14.81;3.63
35362;35;Le Tronchet;714;627;614;154;117;135;101;36;2;51;1;6;11;0;0;87;1;25.08;19.06;21.99;16.45;5.86;0.33;8.31;0.16;0.98;1.79;0;0;12.18;0.16
35363;35;Pont-Péan;3247;2781;2702;330;615;939;374;123;15;247;16;33;6;4;0;466;20;12.21;22.76;34.75;13.84;4.55;0.56;9.14;0.59;1.22;0.22;0.15;0;14.35;0.74