insee;dep;nom;nb_inscrits;nb_votants;nb_exprimes;nb_voix1;nb_voix2;nb_voix3;nb_voix4;nb_voix5;nb_voix6;nb_voix7;nb_voix8;nb_voix9;nb_voix10;nb_voix11;nb_voix12;nb_voix13;nb_voix14;voix_1;voix_2;voix_3;voix_4;voix_5;voix_6;voix_7;voix_8;voix_9;voix_10;voix_11;voix_12;voix_13;voix_14
38001;38;Les Abrets en Dauphiné;4277;3373;3274;1131;511;635;515;202;32;149;38;39;18;4;0;904;26;34.54;15.61;19.4;15.73;6.17;0.98;4.55;1.16;1.19;0.55;0.12;0;21.14;0.79
38002;38;Les Adrets;779;673;662;110;173;166;95;35;10;56;7;7;0;3;0;106;3;16.62;26.13;25.08;14.35;5.29;1.51;8.46;1.06;1.06;0;0.45;0;13.61;0.45
38003;38;Agnin;770;652;641;199;132;103;127;42;4;18;6;2;7;1;0;118;2;31.05;20.59;16.07;19.81;6.55;0.62;2.81;0.94;0.31;1.09;0.16;0;15.32;0.31
38004;38;L'Albenc;913;746;723;199;166;142;91;51;10;45;6;8;4;1;0;167;6;27.52;22.96;19.64;12.59;7.05;1.38;6.22;0.83;1.11;0.55;0.14;0;18.29;0.83
38005;38;Allemont;918;716;693;151;133;175;130;37;9;48;5;4;1;0;0;202;2;21.79;19.19;25.25;18.76;5.34;1.3;6.93;0.72;0.58;0.14;0;0;22;0.29
38006;38;Allevard;2969;2308;2250;442;575;507;351;132;27;146;31;27;10;2;0;661;13;19.64;25.56;22.53;15.6;5.87;1.2;6.49;1.38;1.2;0.44;0.09;0;22.26;0.58
38008;38;Ambel;37;34;34;10;3;12;3;1;2;3;0;0;0;0;0;3;0;29.41;8.82;35.29;8.82;2.94;5.88;8.82;0;0;0;0;0;8.11;0
38009;38;Anjou;735;579;561;141;96;123;101;36;8;30;7;14;4;1;0;156;2;25.13;17.11;21.93;18;6.42;1.43;5.35;1.25;2.5;0.71;0.18;0;21.22;0.36
38010;38;Annoisin-Chatelans;494;424;399;112;67;82;72;30;8;21;4;2;1;0;0;70;2;28.07;16.79;20.55;18.05;7.52;2.01;5.26;1;0.5;0.25;0;0;14.17;0.5
38011;38;Anthon;797;652;634;189;89;134;115;49;4;32;3;12;4;3;0;145;2;29.81;14.04;21.14;18.14;7.73;0.63;5.05;0.47;1.89;0.63;0.47;0;18.19;0.32
38012;38;Aoste;1754;1395;1361;512;231;255;193;90;8;43;14;7;4;4;0;359;13;37.62;16.97;18.74;14.18;6.61;0.59;3.16;1.03;0.51;0.29;0.29;0;20.47;0.96
38013;38;Apprieu;2440;2010;1950;446;381;522;288;133;19;111;19;22;6;3;0;430;7;22.87;19.54;26.77;14.77;6.82;0.97;5.69;0.97;1.13;0.31;0.15;0;17.62;0.36
38015;38;Artas;1293;1082;1049;399;148;196;148;67;17;47;10;15;1;1;0;211;8;38.04;14.11;18.68;14.11;6.39;1.62;4.48;0.95;1.43;0.1;0.1;0;16.32;0.76
38016;38;Arzay;189;170;162;51;22;32;37;10;0;6;3;0;1;0;0;19;1;31.48;13.58;19.75;22.84;6.17;0;3.7;1.85;0;0.62;0;0;10.05;0.62
38017;38;Assieu;1048;902;877;279;151;185;139;52;10;43;4;10;3;1;0;146;25;31.81;17.22;21.09;15.85;5.93;1.14;4.9;0.46;1.14;0.34;0.11;0;13.93;2.85
38018;38;Auberives-en-Royans;298;250;240;59;49;38;36;22;1;17;5;4;9;0;0;48;4;24.58;20.42;15.83;15;9.17;0.42;7.08;2.08;1.67;3.75;0;0;16.11;1.67
38019;38;Auberives-sur-Varèze;1078;834;804;262;166;148;94;65;7;44;7;6;4;1;0;244;24;32.59;20.65;18.41;11.69;8.08;0.87;5.47;0.87;0.75;0.5;0.12;0;22.63;2.99
38020;38;Auris;254;176;173;26;31;31;62;11;2;7;0;3;0;0;0;78;0;15.03;17.92;17.92;35.84;6.36;1.16;4.05;0;1.73;0;0;0;30.71;0
38022;38;Les Avenières Veyrins-Thuellin;5650;4355;4241;1489;650;820;694;255;30;202;33;37;22;9;0;1295;28;35.11;15.33;19.34;16.36;6.01;0.71;4.76;0.78;0.87;0.52;0.21;0;22.92;0.66
38023;38;Avignonet;197;166;162;22;22;34;57;18;0;8;0;1;0;0;0;31;0;13.58;13.58;20.99;35.19;11.11;0;4.94;0;0.62;0;0;0;15.74;0
38025;38;Balbins;362;314;301;73;53;89;47;16;4;10;5;2;1;1;0;48;3;24.25;17.61;29.57;15.61;5.32;1.33;3.32;1.66;0.66;0.33;0.33;0;13.26;1
38026;38;La Balme-les-Grottes;688;565;550;194;100;102;86;32;8;21;2;2;3;0;0;123;2;35.27;18.18;18.55;15.64;5.82;1.45;3.82;0.36;0.36;0.55;0;0;17.88;0.36
38027;38;Barraux;1482;1298;1278;277;249;306;228;75;8;107;11;10;6;1;0;184;3;21.67;19.48;23.94;17.84;5.87;0.63;8.37;0.86;0.78;0.47;0.08;0;12.42;0.23
38029;38;La Bâtie-Montgascon;1240;1051;1009;335;180;178;161;68;8;44;11;14;8;2;0;189;6;33.2;17.84;17.64;15.96;6.74;0.79;4.36;1.09;1.39;0.79;0.2;0;15.24;0.59
38030;38;Beaucroissant;1210;957;923;262;165;180;158;57;11;63;5;13;6;3;0;253;9;28.39;17.88;19.5;17.12;6.18;1.19;6.83;0.54;1.41;0.65;0.33;0;20.91;0.98
38031;38;Beaufin;38;34;32;7;8;11;4;1;0;1;0;0;0;0;0;4;1;21.88;25;34.38;12.5;3.13;0;3.13;0;0;0;0;0;10.53;3.13
38032;38;Beaufort;413;333;319;121;40;56;52;23;6;13;3;4;0;1;0;80;3;37.93;12.54;17.55;16.3;7.21;1.88;4.08;0.94;1.25;0;0.31;0;19.37;0.94
38033;38;Beaulieu;507;432;424;108;62;104;83;27;7;27;1;2;1;2;0;75;8;25.47;14.62;24.53;19.58;6.37;1.65;6.37;0.24;0.47;0.24;0.47;0;14.79;1.89
38034;38;Beaurepaire;3077;2328;2259;660;396;456;379;124;18;158;13;34;19;2;0;749;21;29.22;17.53;20.19;16.78;5.49;0.8;6.99;0.58;1.51;0.84;0.09;0;24.34;0.93
38035;38;Beauvoir-de-Marc;802;676;659;210;79;146;107;77;8;21;4;1;2;4;0;126;15;31.87;11.99;22.15;16.24;11.68;1.21;3.19;0.61;0.15;0.3;0.61;0;15.71;2.28
38036;38;Beauvoir-en-Royans;88;81;76;19;15;12;18;1;0;10;1;0;0;0;0;7;1;25;19.74;15.79;23.68;1.32;0;13.16;1.32;0;0;0;0;7.95;1.32
38037;38;Bellegarde-Poussieu;776;638;618;196;98;142;86;37;10;31;9;5;3;1;0;138;3;31.72;15.86;22.98;13.92;5.99;1.62;5.02;1.46;0.81;0.49;0.16;0;17.78;0.49
38038;38;Belmont;373;315;307;123;44;46;40;24;5;16;3;3;3;0;0;58;4;40.07;14.33;14.98;13.03;7.82;1.63;5.21;0.98;0.98;0.98;0;0;15.55;1.3
38039;38;Bernin;2644;2274;2243;257;342;874;502;73;18;152;8;10;3;4;0;370;6;11.46;15.25;38.97;22.38;3.25;0.8;6.78;0.36;0.45;0.13;0.18;0;13.99;0.27
38040;38;Besse;166;122;119;24;15;31;24;10;3;8;0;2;2;0;0;44;0;20.17;12.61;26.05;20.17;8.4;2.52;6.72;0;1.68;1.68;0;0;26.51;0
38041;38;Bessins;115;99;96;24;22;12;19;4;4;7;1;2;1;0;0;16;1;25;22.92;12.5;19.79;4.17;4.17;7.29;1.04;2.08;1.04;0;0;13.91;1.04
38042;38;Bévenais;733;621;610;136;128;140;113;39;8;31;1;6;5;3;0;112;3;22.3;20.98;22.95;18.52;6.39;1.31;5.08;0.16;0.98;0.82;0.49;0;15.28;0.49
38043;38;Bilieu;1172;964;944;223;164;281;129;63;7;58;6;8;4;1;0;208;3;23.62;17.37;29.77;13.67;6.67;0.74;6.14;0.64;0.85;0.42;0.11;0;17.75;0.32
38044;38;Biol;1095;940;915;272;126;172;220;59;5;40;7;10;3;1;0;155;11;29.73;13.77;18.8;24.04;6.45;0.55;4.37;0.77;1.09;0.33;0.11;0;14.16;1.2
38045;38;Biviers;2005;1753;1728;128;173;606;635;43;13;107;12;5;4;2;0;252;5;7.41;10.01;35.07;36.75;2.49;0.75;6.19;0.69;0.29;0.23;0.12;0;12.57;0.29
38046;38;Bizonnes;658;563;546;213;68;87;94;42;4;19;7;8;4;0;0;95;16;39.01;12.45;15.93;17.22;7.69;0.73;3.48;1.28;1.47;0.73;0;0;14.44;2.93
38047;38;Blandin;120;104;99;33;9;14;19;13;1;5;0;3;2;0;0;16;0;33.33;9.09;14.14;19.19;13.13;1.01;5.05;0;3.03;2.02;0;0;13.33;0
38048;38;Bonnefamille;890;711;694;185;122;182;99;34;18;28;14;5;5;2;0;179;2;26.66;17.58;26.22;14.27;4.9;2.59;4.03;2.02;0.72;0.72;0.29;0;20.11;0.29
38049;38;Bossieu;267;213;202;81;32;28;29;14;4;6;2;1;4;1;0;54;2;40.1;15.84;13.86;14.36;6.93;1.98;2.97;0.99;0.5;1.98;0.5;0;20.22;0.99
38050;38;Le Bouchage;424;355;349;162;38;46;65;18;2;10;5;0;3;0;0;69;0;46.42;10.89;13.18;18.62;5.16;0.57;2.87;1.43;0;0.86;0;0;16.27;0
38051;38;Bougé-Chambalud;972;816;794;252;111;165;158;51;13;21;9;8;4;2;0;156;5;31.74;13.98;20.78;19.9;6.42;1.64;2.64;1.13;1.01;0.5;0.25;0;16.05;0.63
38052;38;Le Bourg-d'Oisans;2410;1885;1844;461;358;379;349;122;18;95;14;27;13;8;0;525;3;25;19.41;20.55;18.93;6.62;0.98;5.15;0.76;1.46;0.7;0.43;0;21.78;0.16
38053;38;Bourgoin-Jallieu;16730;12120;11835;2598;2368;3024;2057;543;116;746;160;122;77;24;0;4610;60;21.95;20.01;25.55;17.38;4.59;0.98;6.3;1.35;1.03;0.65;0.2;0;27.56;0.51
38054;38;Bouvesse-Quirieu;1026;806;789;285;144;139;104;53;8;24;7;9;15;1;0;220;2;36.12;18.25;17.62;13.18;6.72;1.01;3.04;0.89;1.14;1.9;0.13;0;21.44;0.25
38055;38;Brangues;410;350;345;98;64;57;61;30;4;15;5;6;4;1;0;60;1;28.41;18.55;16.52;17.68;8.7;1.16;4.35;1.45;1.74;1.16;0.29;0;14.63;0.29
38056;38;Bressieux;75;69;66;9;13;10;23;5;1;5;0;0;0;0;0;6;1;13.64;19.7;15.15;34.85;7.58;1.52;7.58;0;0;0;0;0;8;1.52
38057;38;Bresson;569;504;498;58;76;167;142;20;3;26;3;2;0;1;0;65;0;11.65;15.26;33.53;28.51;4.02;0.6;5.22;0.6;0.4;0;0.2;0;11.42;0
38058;38;Brézins;1445;1135;1101;339;190;213;196;63;9;54;11;13;11;2;0;310;6;30.79;17.26;19.35;17.8;5.72;0.82;4.9;1;1.18;1;0.18;0;21.45;0.54
38059;38;Brié-et-Angonnes;2014;1746;1729;354;183;513;472;93;9;75;5;7;12;6;0;268;3;20.47;10.58;29.67;27.3;5.38;0.52;4.34;0.29;0.4;0.69;0.35;0;13.31;0.17
38060;38;Brion;110;88;84;29;6;9;28;3;2;7;0;0;0;0;0;22;3;34.52;7.14;10.71;33.33;3.57;2.38;8.33;0;0;0;0;0;20;3.57
38061;38;La Buisse;2359;1925;1879;337;380;522;331;123;18;135;12;10;9;2;0;434;10;17.94;20.22;27.78;17.62;6.55;0.96;7.18;0.64;0.53;0.48;0.11;0;18.4;0.53
38062;38;La Buissière;504;437;428;94;69;129;56;22;11;35;2;6;2;2;0;67;5;21.96;16.12;30.14;13.08;5.14;2.57;8.18;0.47;1.4;0.47;0.47;0;13.29;1.17
38063;38;Burcin;321;285;274;59;44;62;68;20;4;11;2;2;2;0;0;36;1;21.53;16.06;22.63;24.82;7.3;1.46;4.01;0.73;0.73;0.73;0;0;11.21;0.36
38064;38;Cessieu;2015;1625;1589;536;243;318;282;100;15;65;10;8;9;3;0;390;9;33.73;15.29;20.01;17.75;6.29;0.94;4.09;0.63;0.5;0.57;0.19;0;19.35;0.57
38065;38;Châbons;1424;1203;1164;295;226;234;220;76;12;63;7;16;12;3;0;221;7;25.34;19.42;20.1;18.9;6.53;1.03;5.41;0.6;1.37;1.03;0.26;0;15.52;0.6
38066;38;Chalon;135;121;118;43;21;8;28;7;0;8;2;1;0;0;0;14;2;36.44;17.8;6.78;23.73;5.93;0;6.78;1.69;0.85;0;0;0;10.37;1.69
38067;38;Chamagnieu;1179;991;972;281;126;213;222;76;4;31;6;5;6;2;0;188;3;28.91;12.96;21.91;22.84;7.82;0.41;3.19;0.62;0.51;0.62;0.21;0;15.95;0.31
38068;38;Champagnier;917;796;778;105;141;255;189;30;6;40;1;8;1;2;0;121;2;13.5;18.12;32.78;24.29;3.86;0.77;5.14;0.13;1.03;0.13;0.26;0;13.2;0.26
38069;38;Champier;966;750;729;259;117;126;122;47;10;24;4;4;12;4;0;216;18;35.53;16.05;17.28;16.74;6.45;1.37;3.29;0.55;0.55;1.65;0.55;0;22.36;2.47
38070;38;Le Champ-près-Froges;945;742;713;177;129;207;87;35;8;58;5;5;2;0;0;203;6;24.82;18.09;29.03;12.2;4.91;1.12;8.13;0.7;0.7;0.28;0;0;21.48;0.84
38071;38;Champ-sur-Drac;2325;1869;1819;567;435;396;168;84;19;99;14;25;10;2;0;456;8;31.17;23.91;21.77;9.24;4.62;1.04;5.44;0.77;1.37;0.55;0.11;0;19.61;0.44
38072;38;Chanas;1666;1318;1269;424;204;241;243;70;18;32;15;8;12;2;0;348;23;33.41;16.08;18.99;19.15;5.52;1.42;2.52;1.18;0.63;0.95;0.16;0;20.89;1.81
38073;38;Chantelouve;102;80;80;18;12;24;11;9;0;3;1;1;1;0;0;22;0;22.5;15;30;13.75;11.25;0;3.75;1.25;1.25;1.25;0;0;21.57;0
38074;38;Chantesse;262;222;217;54;29;55;37;16;2;18;2;1;3;0;0;40;0;24.88;13.36;25.35;17.05;7.37;0.92;8.29;0.92;0.46;1.38;0;0;15.27;0
38075;38;Chapareillan;2168;1835;1797;390;322;399;372;100;21;127;21;33;8;4;0;333;10;21.7;17.92;22.2;20.7;5.56;1.17;7.07;1.17;1.84;0.45;0.22;0;15.36;0.56
38076;38;La Chapelle-de-la-Tour;1343;1185;1157;346;167;252;214;76;15;56;12;6;11;2;0;158;10;29.9;14.43;21.78;18.5;6.57;1.3;4.84;1.04;0.52;0.95;0.17;0;11.76;0.86
38077;38;La Chapelle-de-Surieu;527;460;451;161;66;96;58;31;4;25;3;3;3;1;0;67;1;35.7;14.63;21.29;12.86;6.87;0.89;5.54;0.67;0.67;0.67;0.22;0;12.71;0.22
38078;38;La Chapelle-du-Bard;397;329;321;51;100;63;47;21;4;23;1;5;6;0;0;68;1;15.89;31.15;19.63;14.64;6.54;1.25;7.17;0.31;1.56;1.87;0;0;17.13;0.31
38080;38;Charancieu;639;520;506;160;84;98;78;33;6;29;6;10;1;1;0;119;3;31.62;16.6;19.37;15.42;6.52;1.19;5.73;1.19;1.98;0.2;0.2;0;18.62;0.59
38081;38;Charantonnay;1439;1173;1148;408;180;195;189;81;13;47;8;14;9;4;0;266;7;35.54;15.68;16.99;16.46;7.06;1.13;4.09;0.7;1.22;0.78;0.35;0;18.49;0.61
38082;38;Charavines;1429;1134;1092;276;227;246;161;68;16;56;11;23;7;1;0;295;10;25.27;20.79;22.53;14.74;6.23;1.47;5.13;1.01;2.11;0.64;0.09;0;20.64;0.92
38083;38;Charette;328;283;274;100;48;54;35;14;4;13;1;3;2;0;0;45;1;36.5;17.52;19.71;12.77;5.11;1.46;4.74;0.36;1.09;0.73;0;0;13.72;0.36
38084;38;Charnècles;1251;1013;995;231;146;283;178;75;8;58;4;8;2;2;0;238;2;23.22;14.67;28.44;17.89;7.54;0.8;5.83;0.4;0.8;0.2;0.2;0;19.02;0.2
38085;38;Charvieu-Chavagneux;6270;4556;4446;1608;880;808;493;286;32;176;87;49;19;8;0;1714;27;36.17;19.79;18.17;11.09;6.43;0.72;3.96;1.96;1.1;0.43;0.18;0;27.34;0.61
38086;38;Chasselay;336;279;266;76;44;51;60;13;5;10;3;4;0;0;0;57;2;28.57;16.54;19.17;22.56;4.89;1.88;3.76;1.13;1.5;0;0;0;16.96;0.75
38087;38;Chasse-sur-Rhône;3538;2725;2648;778;574;533;364;153;17;144;30;32;20;3;0;813;18;29.38;21.68;20.13;13.75;5.78;0.64;5.44;1.13;1.21;0.76;0.11;0;22.98;0.68
38089;38;Chassignieu;180;148;144;43;22;25;35;7;4;7;0;1;0;0;0;32;0;29.86;15.28;17.36;24.31;4.86;2.78;4.86;0;0.69;0;0;0;17.78;0
38090;38;Château-Bernard;279;238;233;46;56;47;36;20;6;15;4;3;0;0;0;41;1;19.74;24.03;20.17;15.45;8.58;2.58;6.44;1.72;1.29;0;0;0;14.7;0.43
38091;38;Châteauvilain;567;483;473;139;48;115;71;49;4;32;8;2;5;0;0;84;1;29.39;10.15;24.31;15.01;10.36;0.85;6.77;1.69;0.42;1.06;0;0;14.81;0.21
38092;38;Châtelus;82;66;65;20;11;8;10;4;4;2;0;5;1;0;0;16;1;30.77;16.92;12.31;15.38;6.15;6.15;3.08;0;7.69;1.54;0;0;19.51;1.54
38093;38;Châtenay;334;280;276;66;54;52;46;19;10;20;2;5;1;1;0;54;2;23.91;19.57;18.84;16.67;6.88;3.62;7.25;0.72;1.81;0.36;0.36;0;16.17;0.72
38094;38;Châtonnay;1349;1110;1072;376;144;218;168;78;12;42;5;14;13;2;0;239;7;35.07;13.43;20.34;15.67;7.28;1.12;3.92;0.47;1.31;1.21;0.19;0;17.72;0.65
38095;38;Chatte;2077;1634;1587;382;264;348;329;117;19;92;13;16;7;0;0;443;8;24.07;16.64;21.93;20.73;7.37;1.2;5.8;0.82;1.01;0.44;0;0;21.33;0.5
38097;38;Chavanoz;2867;2211;2169;700;397;420;325;126;20;91;57;14;15;4;0;656;10;32.27;18.3;19.36;14.98;5.81;0.92;4.2;2.63;0.65;0.69;0.18;0;22.88;0.46
38098;38;Chélieu;543;447;438;144;70;86;60;34;9;21;6;3;4;1;0;96;2;32.88;15.98;19.63;13.7;7.76;2.05;4.79;1.37;0.68;0.91;0.23;0;17.68;0.46
38099;38;Chevrières;573;476;461;111;94;98;84;33;7;24;3;3;2;2;0;97;1;24.08;20.39;21.26;18.22;7.16;1.52;5.21;0.65;0.65;0.43;0.43;0;16.93;0.22
38100;38;Le Cheylas;1924;1498;1468;373;354;365;144;64;12;106;19;21;5;5;0;426;8;25.41;24.11;24.86;9.81;4.36;0.82;7.22;1.29;1.43;0.34;0.34;0;22.14;0.54
38101;38;Cheyssieu;814;622;605;178;109;140;88;35;5;37;6;6;1;0;0;192;4;29.42;18.02;23.14;14.55;5.79;0.83;6.12;0.99;0.99;0.17;0;0;23.59;0.66
38102;38;Chèzeneuve;426;373;366;107;33;116;49;28;2;18;3;4;2;4;0;53;4;29.23;9.02;31.69;13.39;7.65;0.55;4.92;0.82;1.09;0.55;1.09;0;12.44;1.09
38103;38;Chichilianne;277;252;244;57;44;63;37;9;8;19;0;4;1;2;0;25;8;23.36;18.03;25.82;15.16;3.69;3.28;7.79;0;1.64;0.41;0.82;0;9.03;3.28
38104;38;Chimilin;1086;886;863;299;127;165;119;60;9;58;15;5;5;1;0;200;4;34.65;14.72;19.12;13.79;6.95;1.04;6.72;1.74;0.58;0.58;0.12;0;18.42;0.46
38105;38;Chirens;1740;1398;1360;296;250;337;251;70;13;99;19;15;8;2;0;342;5;21.76;18.38;24.78;18.46;5.15;0.96;7.28;1.4;1.1;0.59;0.15;0;19.66;0.37
38106;38;Cholonge;287;235;229;68;50;35;45;8;0;17;0;5;1;0;0;52;2;29.69;21.83;15.28;19.65;3.49;0;7.42;0;2.18;0.44;0;0;18.12;0.87
38107;38;Chonas-l'Amballan;1270;1080;1044;282;155;249;221;63;8;46;9;6;4;1;0;190;8;27.01;14.85;23.85;21.17;6.03;0.77;4.41;0.86;0.57;0.38;0.1;0;14.96;0.77
38108;38;Choranche;125;97;95;33;15;15;16;3;3;6;0;4;0;0;0;28;0;34.74;15.79;15.79;16.84;3.16;3.16;6.32;0;4.21;0;0;0;22.4;0
38109;38;Chozeau;776;667;647;164;76;159;162;41;6;23;3;9;4;0;0;109;5;25.35;11.75;24.57;25.04;6.34;0.93;3.55;0.46;1.39;0.62;0;0;14.05;0.77
38110;38;Chuzelles;1703;1434;1390;416;189;333;267;66;16;74;8;10;8;3;0;269;9;29.93;13.6;23.96;19.21;4.75;1.15;5.32;0.58;0.72;0.58;0.22;0;15.8;0.65
38111;38;Claix;6547;5469;5365;825;948;1672;1202;193;35;390;36;43;13;8;0;1078;19;15.38;17.67;31.16;22.4;3.6;0.65;7.27;0.67;0.8;0.24;0.15;0;16.47;0.35
38112;38;Clavans-en-Haut-Oisans;137;109;104;23;25;17;28;5;2;3;0;0;0;1;0;28;0;22.12;24.04;16.35;26.92;4.81;1.92;2.88;0;0;0;0.96;0;20.44;0
38113;38;Clelles;449;373;359;67;86;70;84;10;8;23;1;4;6;0;0;76;1;18.66;23.96;19.5;23.4;2.79;2.23;6.41;0.28;1.11;1.67;0;0;16.93;0.28
38114;38;Clonas-sur-Varèze;1153;952;928;232;197;220;122;74;12;51;10;4;5;1;0;201;7;25;21.23;23.71;13.15;7.97;1.29;5.5;1.08;0.43;0.54;0.11;0;17.43;0.75
38115;38;Saint-Martin-de-la-Cluze;517;430;421;100;86;105;53;29;6;34;4;0;2;2;0;87;0;23.75;20.43;24.94;12.59;6.89;1.43;8.08;0.95;0;0.48;0.48;0;16.83;0
38116;38;Cognet;41;28;26;9;8;5;2;1;0;1;0;0;0;0;0;13;0;34.62;30.77;19.23;7.69;3.85;0;3.85;0;0;0;0;0;31.71;0
38117;38;Cognin-les-Gorges;480;408;395;81;123;73;57;17;12;24;1;2;3;2;0;72;5;20.51;31.14;18.48;14.43;4.3;3.04;6.08;0.25;0.51;0.76;0.51;0;15;1.27
38118;38;Colombe;1191;1004;973;228;160;239;184;67;18;49;8;11;7;2;0;187;28;23.43;16.44;24.56;18.91;6.89;1.85;5.04;0.82;1.13;0.72;0.21;0;15.7;2.88
38120;38;La Combe-de-Lancey;602;492;481;75;96;128;102;22;11;34;7;5;0;1;0;110;1;15.59;19.96;26.61;21.21;4.57;2.29;7.07;1.46;1.04;0;0.21;0;18.27;0.21
38121;38;Commelle;659;529;512;193;73;100;68;32;12;17;4;7;4;2;0;130;13;37.7;14.26;19.53;13.28;6.25;2.34;3.32;0.78;1.37;0.78;0.39;0;19.73;2.54
38124;38;Corbelin;1771;1412;1381;444;221;255;271;82;10;59;18;11;6;4;0;359;4;32.15;16;18.46;19.62;5.94;0.72;4.27;1.3;0.8;0.43;0.29;0;20.27;0.29
38126;38;Corenc;3373;2770;2745;203;368;879;984;59;22;182;18;15;11;4;0;603;6;7.4;13.41;32.02;35.85;2.15;0.8;6.63;0.66;0.55;0.4;0.15;0;17.88;0.22
38127;38;Cornillon-en-Trièves;160;138;134;23;24;34;19;13;6;11;2;2;0;0;0;22;0;17.16;17.91;25.37;14.18;9.7;4.48;8.21;1.49;1.49;0;0;0;13.75;0
38128;38;Corps;378;324;320;73;40;91;73;11;5;16;0;5;6;0;0;54;4;22.81;12.5;28.44;22.81;3.44;1.56;5;0;1.56;1.88;0;0;14.29;1.25
38129;38;Corrençon-en-Vercors;336;277;275;33;31;74;105;8;9;12;1;2;0;0;0;59;1;12;11.27;26.91;38.18;2.91;3.27;4.36;0.36;0.73;0;0;0;17.56;0.36
38130;38;La Côte-Saint-André;3187;2296;2227;485;380;529;480;112;42;127;29;22;14;7;0;891;9;21.78;17.06;23.75;21.55;5.03;1.89;5.7;1.3;0.99;0.63;0.31;0;27.96;0.4
38131;38;Les Côtes-d'Arey;1631;1396;1359;349;183;354;269;83;16;81;5;11;5;3;0;235;6;25.68;13.47;26.05;19.79;6.11;1.18;5.96;0.37;0.81;0.37;0.22;0;14.41;0.44
38132;38;Les Côtes-de-Corps;105;90;89;10;22;16;23;5;3;8;0;1;0;1;0;15;1;11.24;24.72;17.98;25.84;5.62;3.37;8.99;0;1.12;0;1.12;0;14.29;1.12
38133;38;Coublevie;3662;3045;2994;373;490;1040;616;153;18;260;18;13;8;5;0;617;8;12.46;16.37;34.74;20.57;5.11;0.6;8.68;0.6;0.43;0.27;0.17;0;16.85;0.27
38134;38;Cour-et-Buis;677;570;558;169;91;106;99;44;7;21;10;7;4;0;0;107;2;30.29;16.31;19;17.74;7.89;1.25;3.76;1.79;1.25;0.72;0;0;15.81;0.36
38135;38;Courtenay;863;723;712;233;124;124;123;57;7;25;6;7;4;2;0;140;1;32.72;17.42;17.42;17.28;8.01;0.98;3.51;0.84;0.98;0.56;0.28;0;16.22;0.14
38136;38;Crachier;387;319;303;103;38;65;41;38;5;4;4;3;1;1;0;68;1;33.99;12.54;21.45;13.53;12.54;1.65;1.32;1.32;0.99;0.33;0.33;0;17.57;0.33
38137;38;Cras;319;290;288;98;53;58;30;10;4;31;1;1;1;1;0;29;0;34.03;18.4;20.14;10.42;3.47;1.39;10.76;0.35;0.35;0.35;0.35;0;9.09;0
38138;38;Crémieu;2123;1643;1609;361;301;395;309;94;15;94;16;15;6;3;0;480;6;22.44;18.71;24.55;19.2;5.84;0.93;5.84;0.99;0.93;0.37;0.19;0;22.61;0.37
38139;38;Creys-Mépieu;1075;903;871;333;130;138;155;54;10;27;8;7;8;1;0;172;10;38.23;14.93;15.84;17.8;6.2;1.15;3.1;0.92;0.8;0.92;0.11;0;16;1.15
38140;38;Crolles;6513;5449;5362;683;1147;1849;911;190;46;447;41;33;13;2;0;1064;20;12.74;21.39;34.48;16.99;3.54;0.86;8.34;0.76;0.62;0.24;0.04;0;16.34;0.37
38141;38;Culin;522;443;429;130;60;83;86;27;8;21;3;4;3;4;0;79;1;30.3;13.99;19.35;20.05;6.29;1.86;4.9;0.7;0.93;0.7;0.93;0;15.13;0.23
38144;38;Diémoz;2059;1656;1620;536;257;310;267;107;30;69;13;13;15;3;0;403;10;33.09;15.86;19.14;16.48;6.6;1.85;4.26;0.8;0.8;0.93;0.19;0;19.57;0.62
38146;38;Dizimieu;595;510;501;147;83;101;94;26;6;28;10;1;4;1;0;85;2;29.34;16.57;20.16;18.76;5.19;1.2;5.59;2;0.2;0.8;0.2;0;14.29;0.4
38147;38;Doissin;636;509;489;149;52;107;77;52;12;29;3;8;0;0;0;127;7;30.47;10.63;21.88;15.75;10.63;2.45;5.93;0.61;1.64;0;0;0;19.97;1.43
38148;38;Dolomieu;2389;1993;1936;623;310;362;326;143;20;91;28;18;8;7;0;396;13;32.18;16.01;18.7;16.84;7.39;1.03;4.7;1.45;0.93;0.41;0.36;0;16.58;0.67
38149;38;Domarin;1243;1021;996;246;152;262;182;70;8;52;6;10;6;2;0;222;3;24.7;15.26;26.31;18.27;7.03;0.8;5.22;0.6;1;0.6;0.2;0;17.86;0.3
38150;38;Domène;4887;3956;3876;852;913;951;595;195;33;215;45;40;31;6;0;931;33;21.98;23.56;24.54;15.35;5.03;0.85;5.55;1.16;1.03;0.8;0.15;0;19.05;0.85
38151;38;Echirolles;20849;15262;14942;2855;4467;3686;1687;504;120;1086;221;181;113;22;0;5587;81;19.11;29.9;24.67;11.29;3.37;0.8;7.27;1.48;1.21;0.76;0.15;0;26.8;0.54
38152;38;Eclose-Badinières;1028;831;805;271;118;181;119;47;6;39;5;8;9;2;0;197;5;33.66;14.66;22.48;14.78;5.84;0.75;4.84;0.62;0.99;1.12;0.25;0;19.16;0.62
38153;38;Engins;376;331;325;63;83;82;41;15;2;27;7;3;2;0;0;45;1;19.38;25.54;25.23;12.62;4.62;0.62;8.31;2.15;0.92;0.62;0;0;11.97;0.31
38154;38;Entraigues;180;155;151;39;26;34;27;11;5;8;1;0;0;0;0;25;3;25.83;17.22;22.52;17.88;7.28;3.31;5.3;0.66;0;0;0;0;13.89;1.99
38155;38;Entre-deux-Guiers;1267;987;959;283;165;181;169;60;10;61;12;7;11;0;0;280;25;29.51;17.21;18.87;17.62;6.26;1.04;6.36;1.25;0.73;1.15;0;0;22.1;2.61
38156;38;Les Eparres;680;551;541;171;82;109;80;49;6;26;6;5;5;2;0;129;2;31.61;15.16;20.15;14.79;9.06;1.11;4.81;1.11;0.92;0.92;0.37;0;18.97;0.37
38157;38;Estrablin;2508;2156;2106;507;360;514;408;139;15;112;27;10;10;4;0;352;20;24.07;17.09;24.41;19.37;6.6;0.71;5.32;1.28;0.47;0.47;0.19;0;14.04;0.95
38158;38;Eybens;6814;5450;5332;984;1166;1616;761;227;37;429;36;42;26;8;0;1364;25;18.45;21.87;30.31;14.27;4.26;0.69;8.05;0.68;0.79;0.49;0.15;0;20.02;0.47
38159;38;Eydoche;357;318;307;102;48;51;49;14;4;21;2;10;6;0;0;39;3;33.22;15.64;16.61;15.96;4.56;1.3;6.84;0.65;3.26;1.95;0;0;10.92;0.98
38160;38;Eyzin-Pinet;1773;1451;1410;379;229;289;281;109;8;81;12;12;8;2;0;322;10;26.88;16.24;20.5;19.93;7.73;0.57;5.74;0.85;0.85;0.57;0.14;0;18.16;0.71
38161;38;Faramans;723;605;583;198;74;112;117;46;8;19;3;4;2;0;0;118;2;33.96;12.69;19.21;20.07;7.89;1.37;3.26;0.51;0.69;0.34;0;0;16.32;0.34
38162;38;Faverges-de-la-Tour;1050;872;848;264;172;158;97;65;9;53;10;12;8;0;0;178;3;31.13;20.28;18.63;11.44;7.67;1.06;6.25;1.18;1.42;0.94;0;0;16.95;0.35
38163;38;La Ferrière;241;207;207;28;51;44;50;15;2;12;0;4;0;1;0;34;0;13.53;24.64;21.26;24.15;7.25;0.97;5.8;0;1.93;0;0.48;0;14.11;0
38166;38;La Flachère;340;282;278;72;58;75;25;16;3;24;2;1;1;1;0;58;1;25.9;20.86;26.98;8.99;5.76;1.08;8.63;0.72;0.36;0.36;0.36;0;17.06;0.36
38167;38;Flachères;393;329;317;102;48;58;67;26;5;3;1;6;0;1;0;64;0;32.18;15.14;18.3;21.14;8.2;1.58;0.95;0.32;1.89;0;0.32;0;16.28;0
38169;38;Fontaine;13075;9807;9574;2043;2887;2205;979;336;69;718;114;130;76;17;0;3268;66;21.34;30.15;23.03;10.23;3.51;0.72;7.5;1.19;1.36;0.79;0.18;0;24.99;0.69
38170;38;Fontanil-Cornillon;2311;1813;1776;332;299;483;401;85;19;121;16;10;6;4;0;498;8;18.69;16.84;27.2;22.58;4.79;1.07;6.81;0.9;0.56;0.34;0.23;0;21.55;0.45
38171;38;La Forteresse;248;201;196;51;35;31;39;12;5;14;3;5;1;0;0;47;2;26.02;17.86;15.82;19.9;6.12;2.55;7.14;1.53;2.55;0.51;0;0;18.95;1.02
38172;38;Four;992;858;830;251;134;186;133;48;10;47;11;4;5;1;0;134;5;30.24;16.14;22.41;16.02;5.78;1.2;5.66;1.33;0.48;0.6;0.12;0;13.51;0.6
38173;38;Le Freney-d'Oisans;213;174;170;36;32;47;18;6;4;19;1;4;3;0;0;39;4;21.18;18.82;27.65;10.59;3.53;2.35;11.18;0.59;2.35;1.76;0;0;18.31;2.35
38174;38;La Frette;816;679;657;180;116;144;117;45;4;24;11;11;4;1;0;137;1;27.4;17.66;21.92;17.81;6.85;0.61;3.65;1.67;1.67;0.61;0.15;0;16.79;0.15
38175;38;Froges;2647;2035;1982;487;443;532;234;105;17;117;19;16;10;2;0;612;8;24.57;22.35;26.84;11.81;5.3;0.86;5.9;0.96;0.81;0.5;0.1;0;23.12;0.4
38176;38;Frontonas;1615;1389;1362;356;163;342;308;81;16;61;9;15;6;5;0;226;5;26.14;11.97;25.11;22.61;5.95;1.17;4.48;0.66;1.1;0.44;0.37;0;13.99;0.37
38177;38;La Garde;123;105;101;24;7;24;33;3;1;8;0;0;0;1;0;18;0;23.76;6.93;23.76;32.67;2.97;0.99;7.92;0;0;0;0.99;0;14.63;0
38179;38;Gières;4294;3506;3436;547;761;1008;576;154;30;291;28;28;8;5;0;788;13;15.92;22.15;29.34;16.76;4.48;0.87;8.47;0.81;0.81;0.23;0.15;0;18.35;0.38
38180;38;Gillonnay;767;660;638;187;99;137;100;45;8;40;12;8;2;0;0;107;6;29.31;15.52;21.47;15.67;7.05;1.25;6.27;1.88;1.25;0.31;0;0;13.95;0.94
38181;38;Goncelin;1836;1462;1427;284;321;363;233;87;9;87;13;18;7;5;0;374;9;19.9;22.49;25.44;16.33;6.1;0.63;6.1;0.91;1.26;0.49;0.35;0;20.37;0.63
38182;38;Le Grand-Lemps;1957;1651;1622;357;332;414;243;118;18;90;15;19;9;7;0;306;7;22.01;20.47;25.52;14.98;7.27;1.11;5.55;0.92;1.17;0.55;0.43;0;15.64;0.43
38183;38;Granieu;338;284;282;84;51;70;45;13;2;11;2;3;1;0;0;54;2;29.79;18.09;24.82;15.96;4.61;0.71;3.9;0.71;1.06;0.35;0;0;15.98;0.71
38184;38;Grenay;1057;871;856;253;133;168;185;51;16;35;6;5;4;0;0;186;1;29.56;15.54;19.63;21.61;5.96;1.87;4.09;0.7;0.58;0.47;0;0;17.6;0.12
38185;38;Grenoble;84842;63929;62801;6718;18139;17985;9505;1739;372;6781;576;589;301;96;0;20913;259;10.7;28.88;28.64;15.14;2.77;0.59;10.8;0.92;0.94;0.48;0.15;0;24.65;0.41
38186;38;Gresse-en-Vercors;343;287;285;47;55;69;74;15;3;11;5;3;2;1;0;56;1;16.49;19.3;24.21;25.96;5.26;1.05;3.86;1.75;1.05;0.7;0.35;0;16.33;0.35
38187;38;Le Gua;1470;1210;1180;280;275;267;160;69;11;84;8;22;4;0;0;260;4;23.73;23.31;22.63;13.56;5.85;0.93;7.12;0.68;1.86;0.34;0;0;17.69;0.34
38188;38;Herbeys;1092;961;950;93;167;308;239;40;14;66;9;8;4;2;0;131;3;9.79;17.58;32.42;25.16;4.21;1.47;6.95;0.95;0.84;0.42;0.21;0;12;0.32
38189;38;Heyrieux;3607;2816;2738;834;414;603;487;216;30;99;24;13;18;0;0;791;16;30.46;15.12;22.02;17.79;7.89;1.1;3.62;0.88;0.47;0.66;0;0;21.93;0.58
38190;38;Hières-sur-Amby;785;605;593;231;111;81;84;32;1;36;5;7;4;1;0;180;11;38.95;18.72;13.66;14.17;5.4;0.17;6.07;0.84;1.18;0.67;0.17;0;22.93;1.85
38191;38;Huez;1187;1000;978;155;94;211;404;38;17;30;11;12;3;3;0;187;4;15.85;9.61;21.57;41.31;3.89;1.74;3.07;1.12;1.23;0.31;0.31;0;15.75;0.41
38192;38;Hurtières;157;131;129;30;23;27;23;6;0;14;0;4;1;1;0;26;0;23.26;17.83;20.93;17.83;4.65;0;10.85;0;3.1;0.78;0.78;0;16.56;0
38193;38;L'Isle-d'Abeau;9299;6663;6501;1714;1585;1528;708;330;48;406;87;60;30;5;0;2636;43;26.37;24.38;23.5;10.89;5.08;0.74;6.25;1.34;0.92;0.46;0.08;0;28.35;0.66
38194;38;Izeaux;1520;1200;1178;305;284;256;201;54;10;53;5;5;5;0;0;320;5;25.89;24.11;21.73;17.06;4.58;0.85;4.5;0.42;0.42;0.42;0;0;21.05;0.42
38195;38;Izeron;579;478;456;146;80;88;57;28;1;31;7;13;3;2;0;101;2;32.02;17.54;19.3;12.5;6.14;0.22;6.8;1.54;2.85;0.66;0.44;0;17.44;0.44
38197;38;Janneyrias;1158;939;926;313;137;200;158;69;8;24;8;6;2;1;0;219;3;33.8;14.79;21.6;17.06;7.45;0.86;2.59;0.86;0.65;0.22;0.11;0;18.91;0.32
38198;38;Jarcieu;751;652;633;198;117;126;98;39;6;34;2;4;8;1;0;99;4;31.28;18.48;19.91;15.48;6.16;0.95;5.37;0.32;0.63;1.26;0.16;0;13.18;0.63
38199;38;Jardin;1757;1471;1439;332;217;387;285;94;12;79;14;10;8;1;0;286;8;23.07;15.08;26.89;19.81;6.53;0.83;5.49;0.97;0.69;0.56;0.07;0;16.28;0.56
38200;38;Jarrie;3002;2540;2470;507;461;684;446;127;23;167;18;15;16;6;0;462;10;20.53;18.66;27.69;18.06;5.14;0.93;6.76;0.73;0.61;0.65;0.24;0;15.39;0.4
38203;38;Laffrey;330;276;272;68;56;34;83;11;2;16;1;0;1;0;0;54;2;25;20.59;12.5;30.51;4.04;0.74;5.88;0.37;0;0.37;0;0;16.36;0.74
38204;38;Lalley;199;164;158;26;32;43;21;8;4;13;2;4;5;0;0;35;3;16.46;20.25;27.22;13.29;5.06;2.53;8.23;1.27;2.53;3.16;0;0;17.59;1.9
38205;38;Lans-en-Vercors;2215;1816;1790;244;390;531;299;90;15;185;14;15;5;2;0;399;3;13.63;21.79;29.66;16.7;5.03;0.84;10.34;0.78;0.84;0.28;0.11;0;18.01;0.17
38206;38;Laval;846;732;718;120;175;201;101;33;10;60;5;9;3;1;0;114;4;16.71;24.37;27.99;14.07;4.6;1.39;8.36;0.7;1.25;0.42;0.14;0;13.48;0.56
38207;38;Lavaldens;155;129;127;23;20;30;23;9;5;13;0;2;1;1;0;26;0;18.11;15.75;23.62;18.11;7.09;3.94;10.24;0;1.57;0.79;0.79;0;16.77;0
38208;38;Lavars;133;114;113;23;27;33;15;3;3;9;0;0;0;0;0;19;1;20.35;23.89;29.2;13.27;2.65;2.65;7.96;0;0;0;0;0;14.29;0.88
38209;38;Lentiol;187;158;154;47;35;18;30;9;2;10;0;2;1;0;0;29;0;30.52;22.73;11.69;19.48;5.84;1.3;6.49;0;1.3;0.65;0;0;15.51;0
38210;38;Leyrieu;603;490;483;148;84;92;82;40;5;21;6;3;2;0;0;113;4;30.64;17.39;19.05;16.98;8.28;1.04;4.35;1.24;0.62;0.41;0;0;18.74;0.83
38211;38;Lieudieu;261;210;204;103;38;15;20;10;2;10;4;2;0;0;0;51;0;50.49;18.63;7.35;9.8;4.9;0.98;4.9;1.96;0.98;0;0;0;19.54;0
38212;38;Livet-et-Gavet;827;653;630;215;203;92;43;28;7;19;8;7;8;0;0;174;4;34.13;32.22;14.6;6.83;4.44;1.11;3.02;1.27;1.11;1.27;0;0;21.04;0.63
38213;38;Longechenal;431;352;343;99;63;82;58;17;1;17;2;1;2;1;0;79;2;28.86;18.37;23.91;16.91;4.96;0.29;4.96;0.58;0.29;0.58;0.29;0;18.33;0.58
38214;38;Lumbin;1694;1434;1403;215;247;439;305;51;9;113;8;10;4;2;0;260;8;15.32;17.61;31.29;21.74;3.64;0.64;8.05;0.57;0.71;0.29;0.14;0;15.35;0.57
38215;38;Luzinay;1908;1568;1527;435;220;360;286;99;14;79;6;11;10;7;0;340;11;28.49;14.41;23.58;18.73;6.48;0.92;5.17;0.39;0.72;0.65;0.46;0;17.82;0.72
38216;38;Malleval;68;54;54;9;16;16;6;2;1;2;2;0;0;0;0;14;0;16.67;29.63;29.63;11.11;3.7;1.85;3.7;3.7;0;0;0;0;20.59;0
38217;38;Marcieu;72;59;57;15;6;8;10;4;2;9;1;2;0;0;0;13;0;26.32;10.53;14.04;17.54;7.02;3.51;15.79;1.75;3.51;0;0;0;18.06;0
38218;38;Marcilloles;733;588;560;179;74;112;91;44;9;32;12;5;2;0;0;145;1;31.96;13.21;20;16.25;7.86;1.61;5.71;2.14;0.89;0.36;0;0;19.78;0.18
38219;38;Marcollin;495;391;372;113;78;85;43;22;4;16;5;5;1;0;0;104;6;30.38;20.97;22.85;11.56;5.91;1.08;4.3;1.34;1.34;0.27;0;0;21.01;1.61
38221;38;Marnans;112;85;81;22;19;9;16;5;0;4;1;1;2;2;0;27;3;27.16;23.46;11.11;19.75;6.17;0;4.94;1.23;1.23;2.47;2.47;0;24.11;3.7
38222;38;Massieu;574;481;465;105;102;106;73;25;5;30;5;7;7;0;0;93;4;22.58;21.94;22.8;15.7;5.38;1.08;6.45;1.08;1.51;1.51;0;0;16.2;0.86
38223;38;Maubec;1399;1153;1129;233;171;270;278;67;13;68;14;9;3;3;0;246;3;20.64;15.15;23.91;24.62;5.93;1.15;6.02;1.24;0.8;0.27;0.27;0;17.58;0.27
38224;38;Mayres-Savel;90;78;75;16;15;12;11;9;3;5;1;1;2;0;0;12;2;21.33;20;16;14.67;12;4;6.67;1.33;1.33;2.67;0;0;13.33;2.67
38225;38;Autrans-Méaudre en Vercors;2506;2051;2005;270;528;508;398;77;21;149;13;23;18;0;0;455;5;13.47;26.33;25.34;19.85;3.84;1.05;7.43;0.65;1.15;0.9;0;0;18.16;0.25
38226;38;Mens;1132;948;921;143;257;230;150;32;12;67;7;16;7;0;0;184;5;15.53;27.9;24.97;16.29;3.47;1.3;7.27;0.76;1.74;0.76;0;0;16.25;0.54
38228;38;Merlas;382;302;291;97;41;59;55;9;9;14;4;1;2;0;0;80;1;33.33;14.09;20.27;18.9;3.09;3.09;4.81;1.37;0.34;0.69;0;0;20.94;0.34
38229;38;Meylan;14166;11482;11279;954;1674;3876;3393;335;68;808;78;58;18;17;0;2684;0;8.46;14.84;34.36;30.08;2.97;0.6;7.16;0.69;0.51;0.16;0.15;0;18.95;0
38230;38;Meyrié;898;769;748;157;115;210;137;42;13;53;7;12;1;1;0;129;2;20.99;15.37;28.07;18.32;5.61;1.74;7.09;0.94;1.6;0.13;0.13;0;14.37;0.27
38231;38;Meyrieu-les-Etangs;634;558;534;145;78;134;104;42;5;12;6;4;3;1;0;76;5;27.15;14.61;25.09;19.48;7.87;0.94;2.25;1.12;0.75;0.56;0.19;0;11.99;0.94
38232;38;Meyssiez;487;417;406;146;64;51;83;36;1;16;2;5;1;1;0;70;3;35.96;15.76;12.56;20.44;8.87;0.25;3.94;0.49;1.23;0.25;0.25;0;14.37;0.74
38235;38;Miribel-Lanchâtre;289;261;257;71;56;47;39;26;0;12;1;4;1;0;0;28;3;27.63;21.79;18.29;15.18;10.12;0;4.67;0.39;1.56;0.39;0;0;9.69;1.17
38236;38;Miribel-les-Echelles;1442;1155;1127;233;223;257;196;69;12;92;24;12;8;1;0;287;25;20.67;19.79;22.8;17.39;6.12;1.06;8.16;2.13;1.06;0.71;0.09;0;19.9;2.22
38237;38;Mizoën;192;159;157;33;46;23;20;6;6;12;0;7;4;0;0;33;0;21.02;29.3;14.65;12.74;3.82;3.82;7.64;0;4.46;2.55;0;0;17.19;0
38238;38;Moidieu-Détourbe;1416;1179;1154;373;178;230;200;80;14;47;13;8;7;4;0;237;4;32.32;15.42;19.93;17.33;6.93;1.21;4.07;1.13;0.69;0.61;0.35;0;16.74;0.35
38239;38;Moirans;5943;4413;4306;921;1026;1049;628;218;42;303;57;29;18;15;0;1530;33;21.39;23.83;24.36;14.58;5.06;0.98;7.04;1.32;0.67;0.42;0.35;0;25.74;0.77
38240;38;Moissieu-sur-Dolon;544;449;436;158;90;106;32;24;4;15;4;1;2;0;0;95;3;36.24;20.64;24.31;7.34;5.5;0.92;3.44;0.92;0.23;0.46;0;0;17.46;0.69
38241;38;Monestier-d'Ambel;31;29;26;5;5;3;7;0;0;3;0;3;0;0;0;2;0;19.23;19.23;11.54;26.92;0;0;11.54;0;11.54;0;0;0;6.45;0
38242;38;Monestier-de-Clermont;916;765;749;204;153;159;116;45;12;34;10;11;3;2;0;151;7;27.24;20.43;21.23;15.49;6.01;1.6;4.54;1.34;1.47;0.4;0.27;0;16.48;0.93
38243;38;Le Monestier-du-Percy;225;209;204;41;58;37;41;3;0;15;3;5;0;1;0;16;1;20.1;28.43;18.14;20.1;1.47;0;7.35;1.47;2.45;0;0.49;0;7.11;0.49
38244;38;Monsteroux-Milieu;600;504;487;154;90;94;59;50;9;18;5;7;0;1;0;96;5;31.62;18.48;19.3;12.11;10.27;1.85;3.7;1.03;1.44;0;0.21;0;16;1.03
38245;38;Montagne;222;175;169;54;33;29;21;11;1;14;1;4;1;0;0;47;2;31.95;19.53;17.16;12.43;6.51;0.59;8.28;0.59;2.37;0.59;0;0;21.17;1.18
38246;38;Montagnieu;765;653;631;235;75;106;116;45;11;24;6;4;6;3;0;112;7;37.24;11.89;16.8;18.38;7.13;1.74;3.8;0.95;0.63;0.95;0.48;0;14.64;1.11
38247;38;Montalieu-Vercieu;1949;1472;1420;501;272;265;200;74;4;58;15;17;11;3;0;477;11;35.28;19.15;18.66;14.08;5.21;0.28;4.08;1.06;1.2;0.77;0.21;0;24.47;0.77
38248;38;Montaud;419;345;337;37;85;97;57;18;6;24;4;9;0;0;0;74;4;10.98;25.22;28.78;16.91;5.34;1.78;7.12;1.19;2.67;0;0;0;17.66;1.19
38249;38;Montbonnot-Saint-Martin;3956;3359;3318;327;383;1172;1044;108;22;214;26;9;8;5;0;597;5;9.86;11.54;35.32;31.46;3.25;0.66;6.45;0.78;0.27;0.24;0.15;0;15.09;0.15
38250;38;Montcarra;377;342;334;81;70;63;66;24;8;14;1;4;3;0;0;35;2;24.25;20.96;18.86;19.76;7.19;2.4;4.19;0.3;1.2;0.9;0;0;9.28;0.6
38252;38;Montchaboud;283;248;240;41;46;80;40;13;4;10;1;4;0;1;0;35;0;17.08;19.17;33.33;16.67;5.42;1.67;4.17;0.42;1.67;0;0.42;0;12.37;0
38253;38;Les Deux-Alpes;1703;1241;1215;188;175;254;427;47;19;66;8;16;11;4;0;462;3;15.47;14.4;20.91;35.14;3.87;1.56;5.43;0.66;1.32;0.91;0.33;0;27.13;0.25
38254;38;Monteynard;449;352;344;110;72;86;28;18;5;17;6;1;1;0;0;97;0;31.98;20.93;25;8.14;5.23;1.45;4.94;1.74;0.29;0.29;0;0;21.6;0
38255;38;Montfalcon;98;89;87;24;21;13;19;7;0;2;1;0;0;0;0;9;1;27.59;24.14;14.94;21.84;8.05;0;2.3;1.15;0;0;0;0;9.18;1.15
38256;38;Montferrat;1200;979;963;250;158;201;189;64;8;57;11;15;10;0;0;221;4;25.96;16.41;20.87;19.63;6.65;0.83;5.92;1.14;1.56;1.04;0;0;18.42;0.42
38257;38;Montrevel;351;300;290;119;37;44;44;15;6;12;5;5;2;1;0;51;2;41.03;12.76;15.17;15.17;5.17;2.07;4.14;1.72;1.72;0.69;0.34;0;14.53;0.69
38258;38;Mont-Saint-Martin;96;82;81;6;34;20;11;4;1;5;0;0;0;0;0;14;0;7.41;41.98;24.69;13.58;4.94;1.23;6.17;0;0;0;0;0;14.58;0
38259;38;Montseveroux;717;604;587;179;98;139;54;44;10;43;7;8;3;2;0;113;3;30.49;16.7;23.68;9.2;7.5;1.7;7.33;1.19;1.36;0.51;0.34;0;15.76;0.51
38260;38;Moras;435;357;351;101;50;68;68;30;7;16;1;8;2;0;0;78;2;28.77;14.25;19.37;19.37;8.55;1.99;4.56;0.28;2.28;0.57;0;0;17.93;0.57
38261;38;Morestel;2714;2124;2057;627;335;404;392;145;20;73;24;20;14;3;0;590;11;30.48;16.29;19.64;19.06;7.05;0.97;3.55;1.17;0.97;0.68;0.15;0;21.74;0.53
38263;38;Morette;303;253;248;65;38;55;28;21;7;22;3;5;4;0;0;50;0;26.21;15.32;22.18;11.29;8.47;2.82;8.87;1.21;2.02;1.61;0;0;16.5;0
38264;38;La Morte;174;126;119;25;18;32;23;5;1;10;0;5;0;0;0;48;3;21.01;15.13;26.89;19.33;4.2;0.84;8.4;0;4.2;0;0;0;27.59;2.52
38265;38;La Motte-d'Aveillans;1296;1045;1026;294;253;194;120;51;18;62;13;6;14;1;0;251;5;28.65;24.66;18.91;11.7;4.97;1.75;6.04;1.27;0.58;1.36;0.1;0;19.37;0.49
38266;38;La Motte-Saint-Martin;347;289;278;59;66;76;22;18;4;19;7;4;3;0;0;58;5;21.22;23.74;27.34;7.91;6.47;1.44;6.83;2.52;1.44;1.08;0;0;16.71;1.8
38267;38;Mottier;550;439;425;139;76;72;78;36;6;10;4;2;1;1;0;111;2;32.71;17.88;16.94;18.35;8.47;1.41;2.35;0.94;0.47;0.24;0.24;0;20.18;0.47
38268;38;Le Moutaret;205;176;167;36;43;32;32;5;2;11;0;4;2;0;0;29;0;21.56;25.75;19.16;19.16;2.99;1.2;6.59;0;2.4;1.2;0;0;14.15;0
38269;38;La Mure;3356;2454;2370;631;468;426;402;149;30;152;60;33;15;4;0;902;22;26.62;19.75;17.97;16.96;6.29;1.27;6.41;2.53;1.39;0.63;0.17;0;26.88;0.93
38270;38;La Murette;1459;1235;1208;211;191;363;268;65;9;73;10;11;5;2;0;224;4;17.47;15.81;30.05;22.19;5.38;0.75;6.04;0.83;0.91;0.41;0.17;0;15.35;0.33
38271;38;Murianette;651;563;546;145;82;124;118;28;1;29;10;5;3;1;0;88;6;26.56;15.02;22.71;21.61;5.13;0.18;5.31;1.83;0.92;0.55;0.18;0;13.52;1.1
38272;38;Murinais;309;255;250;68;49;53;30;21;2;18;4;3;0;2;0;54;0;27.2;19.6;21.2;12;8.4;0.8;7.2;1.6;1.2;0;0.8;0;17.48;0
38273;38;Nantes-en-Ratier;409;360;351;49;95;93;51;19;12;21;5;4;2;0;0;49;3;13.96;27.07;26.5;14.53;5.41;3.42;5.98;1.42;1.14;0.57;0;0;11.98;0.85
38274;38;Nantoin;380;314;304;85;40;61;47;32;6;18;6;3;5;1;0;66;0;27.96;13.16;20.07;15.46;10.53;1.97;5.92;1.97;0.99;1.64;0.33;0;17.37;0
38275;38;Serre-Nerpol;251;179;164;50;27;26;36;9;0;6;1;4;4;1;0;72;9;30.49;16.46;15.85;21.95;5.49;0;3.66;0.61;2.44;2.44;0.61;0;28.69;5.49
38276;38;Nivolas-Vermelle;1770;1425;1385;366;218;330;258;82;12;69;18;13;15;4;0;345;8;26.43;15.74;23.83;18.63;5.92;0.87;4.98;1.3;0.94;1.08;0.29;0;19.49;0.58
38277;38;Notre-Dame-de-Commiers;405;327;323;102;71;69;29;18;2;25;3;4;0;0;0;78;0;31.58;21.98;21.36;8.98;5.57;0.62;7.74;0.93;1.24;0;0;0;19.26;0
38278;38;Notre-Dame-de-l'Osier;372;323;318;81;69;64;42;22;2;28;0;8;2;0;0;49;0;25.47;21.7;20.13;13.21;6.92;0.63;8.81;0;2.52;0.63;0;0;13.17;0
38279;38;Notre-Dame-de-Mésage;928;783;764;180;160;194;94;48;10;60;8;5;5;0;0;145;4;23.56;20.94;25.39;12.3;6.28;1.31;7.85;1.05;0.65;0.65;0;0;15.63;0.52
38280;38;Notre-Dame-de-Vaux;495;436;427;82;130;114;38;8;6;39;3;5;0;2;0;59;2;19.2;30.44;26.7;8.9;1.87;1.41;9.13;0.7;1.17;0;0.47;0;11.92;0.47
38281;38;Noyarey;1742;1414;1386;264;269;387;252;95;9;79;12;11;8;0;0;328;3;19.05;19.41;27.92;18.18;6.85;0.65;5.7;0.87;0.79;0.58;0;0;18.83;0.22
38282;38;Optevoz;605;506;489;169;66;97;105;19;9;16;4;2;1;1;0;99;2;34.56;13.5;19.84;21.47;3.89;1.84;3.27;0.82;0.41;0.2;0.2;0;16.36;0.41
38283;38;Oris-en-Rattier;116;85;79;7;16;27;13;1;0;14;0;1;0;0;0;31;1;8.86;20.25;34.18;16.46;1.27;0;17.72;0;1.27;0;0;0;26.72;1.27
38284;38;Ornacieux;311;284;276;91;57;56;36;13;5;12;3;2;1;0;0;27;0;32.97;20.65;20.29;13.04;4.71;1.81;4.35;1.09;0.72;0.36;0;0;8.68;0
38285;38;Ornon;151;132;132;8;36;46;23;5;1;8;0;1;2;2;0;19;0;6.06;27.27;34.85;17.42;3.79;0.76;6.06;0;0.76;1.52;1.52;0;12.58;0
38286;38;Oulles;35;26;23;13;1;2;6;1;0;0;0;0;0;0;0;9;1;56.52;4.35;8.7;26.09;4.35;0;0;0;0;0;0;0;25.71;4.35
38287;38;Oyeu;749;617;597;149;109;147;93;32;6;36;12;7;4;2;0;132;2;24.96;18.26;24.62;15.58;5.36;1.01;6.03;2.01;1.17;0.67;0.34;0;17.62;0.34
38288;38;Oytier-Saint-Oblas;1288;1047;1016;338;146;218;152;63;8;60;11;11;7;2;0;241;4;33.27;14.37;21.46;14.96;6.2;0.79;5.91;1.08;1.08;0.69;0.2;0;18.71;0.39
38289;38;Oz;252;196;193;22;48;54;42;13;5;6;0;3;0;0;0;56;1;11.4;24.87;27.98;21.76;6.74;2.59;3.11;0;1.55;0;0;0;22.22;0.52
38290;38;Pact;603;506;489;200;62;91;65;43;6;13;3;3;3;0;0;97;3;40.9;12.68;18.61;13.29;8.79;1.23;2.66;0.61;0.61;0.61;0;0;16.09;0.61
38291;38;Pajay;734;621;602;222;81;100;130;35;8;16;4;3;2;1;0;113;2;36.88;13.46;16.61;21.59;5.81;1.33;2.66;0.66;0.5;0.33;0.17;0;15.4;0.33
38292;38;Villages du lac de Paladru;1897;1569;1515;412;263;324;261;104;17;81;20;24;8;1;0;328;15;27.19;17.36;21.39;17.23;6.86;1.12;5.35;1.32;1.58;0.53;0.07;0;17.29;0.99
38293;38;Panissage;324;270;264;75;41;54;43;16;8;19;4;2;2;0;0;54;0;28.41;15.53;20.45;16.29;6.06;3.03;7.2;1.52;0.76;0.76;0;0;16.67;0
38294;38;Panossas;460;396;389;114;44;92;63;32;3;29;5;5;2;0;0;64;3;29.31;11.31;23.65;16.2;8.23;0.77;7.46;1.29;1.29;0.51;0;0;13.91;0.77
38295;38;Parmilieu;483;404;399;115;84;68;71;27;4;19;4;5;1;1;0;79;1;28.82;21.05;17.04;17.79;6.77;1;4.76;1;1.25;0.25;0.25;0;16.36;0.25
38296;38;Le Passage;641;568;560;150;101;115;104;46;6;25;6;6;1;0;0;73;2;26.79;18.04;20.54;18.57;8.21;1.07;4.46;1.07;1.07;0.18;0;0;11.39;0.36
38297;38;Arandon-Passins;1228;998;978;378;153;158;134;80;16;41;3;10;5;0;0;230;6;38.65;15.64;16.16;13.7;8.18;1.64;4.19;0.31;1.02;0.51;0;0;18.73;0.61
38298;38;Le Péage-de-Roussillon;3832;2648;2568;644;650;567;354;96;21;144;45;23;20;4;0;1184;32;25.08;25.31;22.08;13.79;3.74;0.82;5.61;1.75;0.9;0.78;0.16;0;30.9;1.25
38299;38;Pellafol;194;157;154;42;34;31;28;5;1;9;0;3;1;0;0;37;0;27.27;22.08;20.13;18.18;3.25;0.65;5.84;0;1.95;0.65;0;0;19.07;0
38300;38;Penol;283;242;234;81;18;41;53;18;4;12;2;2;2;1;0;41;1;34.62;7.69;17.52;22.65;7.69;1.71;5.13;0.85;0.85;0.85;0.43;0;14.49;0.43
38301;38;Percy;137;108;105;12;38;21;17;6;2;7;0;2;0;0;0;29;0;11.43;36.19;20;16.19;5.71;1.9;6.67;0;1.9;0;0;0;21.17;0
38302;38;Le Périer;142;115;113;20;32;20;18;3;6;8;2;1;3;0;0;27;1;17.7;28.32;17.7;15.93;2.65;5.31;7.08;1.77;0.88;2.65;0;0;19.01;0.88
38303;38;La Pierre;364;314;302;60;67;92;45;10;2;21;0;3;2;0;0;50;6;19.87;22.19;30.46;14.9;3.31;0.66;6.95;0;0.99;0.66;0;0;13.74;1.99
38304;38;Pierre-Châtel;1067;886;861;217;234;159;84;52;11;78;9;12;5;0;0;181;21;25.2;27.18;18.47;9.76;6.04;1.28;9.06;1.05;1.39;0.58;0;0;16.96;2.44
38306;38;Pinsot;189;159;153;26;46;34;17;11;1;14;1;2;1;0;0;30;1;16.99;30.07;22.22;11.11;7.19;0.65;9.15;0.65;1.31;0.65;0;0;15.87;0.65
38307;38;Pisieu;433;369;358;123;64;75;43;20;5;15;2;8;3;0;0;64;5;34.36;17.88;20.95;12.01;5.59;1.4;4.19;0.56;2.23;0.84;0;0;14.78;1.4
38308;38;Plan;187;155;150;44;31;29;27;7;3;4;1;3;1;0;0;32;3;29.33;20.67;19.33;18;4.67;2;2.67;0.67;2;0.67;0;0;17.11;2
38309;38;Poisat;1577;1328;1304;144;296;441;192;40;12;147;6;15;9;2;0;249;4;11.04;22.7;33.82;14.72;3.07;0.92;11.27;0.46;1.15;0.69;0.15;0;15.79;0.31
38310;38;Poliénas;882;718;694;198;156;113;99;46;20;38;9;7;7;1;0;164;11;28.53;22.48;16.28;14.27;6.63;2.88;5.48;1.3;1.01;1.01;0.14;0;18.59;1.59
38311;38;Pommier-de-Beaurepaire;592;459;448;147;48;69;102;33;14;21;4;8;2;0;0;133;0;32.81;10.71;15.4;22.77;7.37;3.13;4.69;0.89;1.79;0.45;0;0;22.47;0
38313;38;Ponsonnas;245;203;195;34;55;40;33;13;2;14;4;0;0;0;0;42;1;17.44;28.21;20.51;16.92;6.67;1.03;7.18;2.05;0;0;0;0;17.14;0.51
38314;38;Pontcharra;5068;3974;3873;925;838;928;500;218;35;293;53;42;29;12;0;1094;16;23.88;21.64;23.96;12.91;5.63;0.9;7.57;1.37;1.08;0.75;0.31;0;21.59;0.41
38315;38;Le Pont-de-Beauvoisin;2143;1741;1699;416;371;361;295;105;19;93;13;16;7;3;0;402;14;24.48;21.84;21.25;17.36;6.18;1.12;5.47;0.77;0.94;0.41;0.18;0;18.76;0.82
38316;38;Pont-de-Chéruy;3157;2054;2002;652;442;377;238;96;9;95;58;25;7;3;0;1103;8;32.57;22.08;18.83;11.89;4.8;0.45;4.75;2.9;1.25;0.35;0.15;0;34.94;0.4
38317;38;Le Pont-de-Claix;6643;4622;4521;1070;1299;968;475;236;27;292;59;52;28;15;0;2021;28;23.67;28.73;21.41;10.51;5.22;0.6;6.46;1.31;1.15;0.62;0.33;0;30.42;0.62
38318;38;Pont-Evêque;3362;2325;2266;513;511;556;350;107;19;130;29;32;14;5;0;1037;14;22.64;22.55;24.54;15.45;4.72;0.84;5.74;1.28;1.41;0.62;0.22;0;30.84;0.62
38319;38;Pont-en-Royans;577;444;436;80;139;89;47;18;4;45;4;3;6;1;0;133;2;18.35;31.88;20.41;10.78;4.13;0.92;10.32;0.92;0.69;1.38;0.23;0;23.05;0.46
38320;38;Porcieu-Amblagnieu;1274;1007;982;347;162;178;140;73;6;38;13;13;8;4;0;267;2;35.34;16.5;18.13;14.26;7.43;0.61;3.87;1.32;1.32;0.81;0.41;0;20.96;0.2
38321;38;Prébois;166;138;134;12;40;30;21;16;3;9;1;1;0;1;0;28;0;8.96;29.85;22.39;15.67;11.94;2.24;6.72;0.75;0.75;0;0.75;0;16.87;0
38322;38;Presles;90;80;77;14;21;9;17;2;4;6;0;2;2;0;0;10;3;18.18;27.27;11.69;22.08;2.6;5.19;7.79;0;2.6;2.6;0;0;11.11;3.9
38323;38;Pressins;941;747;724;227;126;155;106;49;3;32;9;6;8;3;0;194;4;31.35;17.4;21.41;14.64;6.77;0.41;4.42;1.24;0.83;1.1;0.41;0;20.62;0.55
38324;38;Primarette;607;498;487;165;78;83;88;24;8;23;9;5;1;3;0;109;3;33.88;16.02;17.04;18.07;4.93;1.64;4.72;1.85;1.03;0.21;0.62;0;17.96;0.62
38325;38;Proveysieux;404;338;337;39;87;94;58;14;3;36;2;3;0;1;0;66;0;11.57;25.82;27.89;17.21;4.15;0.89;10.68;0.59;0.89;0;0.3;0;16.34;0
38326;38;Prunières;284;238;234;68;65;37;24;15;3;13;1;6;2;0;0;46;1;29.06;27.78;15.81;10.26;6.41;1.28;5.56;0.43;2.56;0.85;0;0;16.2;0.43
38328;38;Quaix-en-Chartreuse;763;633;617;76;114;225;109;30;7;48;3;2;1;2;0;130;11;12.32;18.48;36.47;17.67;4.86;1.13;7.78;0.49;0.32;0.16;0.32;0;17.04;1.78
38329;38;Quet-en-Beaumont;82;67;64;16;12;12;14;2;2;5;0;0;1;0;0;15;0;25;18.75;18.75;21.88;3.13;3.13;7.81;0;0;1.56;0;0;18.29;0
38330;38;Quincieu;77;65;63;22;8;6;13;12;0;0;0;0;0;2;0;12;0;34.92;12.7;9.52;20.63;19.05;0;0;0;0;0;3.17;0;15.58;0
38331;38;Réaumont;786;680;663;120;128;206;97;42;12;35;8;5;6;4;0;106;2;18.1;19.31;31.07;14.63;6.33;1.81;5.28;1.21;0.75;0.9;0.6;0;13.49;0.3
38332;38;Renage;2297;1791;1740;379;444;423;208;93;27;105;16;26;17;2;0;506;13;21.78;25.52;24.31;11.95;5.34;1.55;6.03;0.92;1.49;0.98;0.11;0;22.03;0.75
38333;38;Rencurel;289;246;244;33;54;65;39;9;1;30;4;7;2;0;0;43;1;13.52;22.13;26.64;15.98;3.69;0.41;12.3;1.64;2.87;0.82;0;0;14.88;0.41
38334;38;Revel;1130;955;942;139;181;304;165;20;9;108;5;8;1;2;0;175;3;14.76;19.21;32.27;17.52;2.12;0.96;11.46;0.53;0.85;0.11;0.21;0;15.49;0.32
38335;38;Revel-Tourdan;792;660;640;199;115;127;108;47;3;26;1;10;4;0;0;132;4;31.09;17.97;19.84;16.88;7.34;0.47;4.06;0.16;1.56;0.63;0;0;16.67;0.63
38336;38;Reventin-Vaugris;1438;1232;1210;360;217;264;219;52;18;50;5;19;4;2;0;206;6;29.75;17.93;21.82;18.1;4.3;1.49;4.13;0.41;1.57;0.33;0.17;0;14.33;0.5
38337;38;Rives;4137;3100;3020;737;641;722;481;128;26;203;26;34;19;3;0;1037;15;24.4;21.23;23.91;15.93;4.24;0.86;6.72;0.86;1.13;0.63;0.1;0;25.07;0.5
38338;38;La Rivière;540;436;421;141;58;97;41;36;6;28;4;4;6;0;0;104;1;33.49;13.78;23.04;9.74;8.55;1.43;6.65;0.95;0.95;1.43;0;0;19.26;0.24
38339;38;Roche;1628;1352;1322;395;190;268;287;79;23;49;22;2;7;0;0;276;6;29.88;14.37;20.27;21.71;5.98;1.74;3.71;1.66;0.15;0.53;0;0;16.95;0.45
38340;38;Les Roches-de-Condrieu;1306;1040;1019;234;207;253;166;60;9;59;12;10;6;3;0;266;7;22.96;20.31;24.83;16.29;5.89;0.88;5.79;1.18;0.98;0.59;0.29;0;20.37;0.69
38341;38;Rochetoirin;909;761;741;232;124;152;108;47;16;38;12;7;4;1;0;148;6;31.31;16.73;20.51;14.57;6.34;2.16;5.13;1.62;0.94;0.54;0.13;0;16.28;0.81
38342;38;Roissard;225;190;185;55;41;36;20;9;2;14;5;3;0;0;0;35;3;29.73;22.16;19.46;10.81;4.86;1.08;7.57;2.7;1.62;0;0;0;15.56;1.62
38343;38;Romagnieu;1298;1105;1067;333;155;216;210;64;12;51;12;6;5;3;0;193;34;31.21;14.53;20.24;19.68;6;1.12;4.78;1.12;0.56;0.47;0.28;0;14.87;3.19
38344;38;Roussillon;5416;4090;4001;1056;939;865;581;177;40;216;46;53;22;6;0;1326;24;26.39;23.47;21.62;14.52;4.42;1;5.4;1.15;1.32;0.55;0.15;0;24.48;0.6
38345;38;Rovon;475;396;385;123;87;83;39;26;3;12;5;3;1;3;0;79;0;31.95;22.6;21.56;10.13;6.75;0.78;3.12;1.3;0.78;0.26;0.78;0;16.63;0
38346;38;Royas;282;240;227;57;20;63;50;15;7;9;3;2;1;0;0;42;7;25.11;8.81;27.75;22.03;6.61;3.08;3.96;1.32;0.88;0.44;0;0;14.89;3.08
38347;38;Roybon;893;694;671;158;142;151;138;22;12;36;4;5;2;1;0;199;2;23.55;21.16;22.5;20.57;3.28;1.79;5.37;0.6;0.75;0.3;0.15;0;22.28;0.3
38348;38;Ruy;3638;3019;2935;725;390;732;668;200;31;131;26;16;12;4;0;619;21;24.7;13.29;24.94;22.76;6.81;1.06;4.46;0.89;0.55;0.41;0.14;0;17.01;0.72
38349;38;Sablons;1346;1089;1059;356;197;193;179;52;12;35;13;12;9;1;0;257;9;33.62;18.6;18.22;16.9;4.91;1.13;3.31;1.23;1.13;0.85;0.09;0;19.09;0.85
38350;38;Sainte-Agnès;479;419;404;64;93;113;78;20;4;26;2;1;1;2;0;60;4;15.84;23.02;27.97;19.31;4.95;0.99;6.44;0.5;0.25;0.25;0.5;0;12.53;0.99
38351;38;Saint-Agnin-sur-Bion;726;631;607;229;76;98;92;62;21;21;2;2;3;1;0;95;24;37.73;12.52;16.14;15.16;10.21;3.46;3.46;0.33;0.33;0.49;0.16;0;13.09;3.95
38352;38;Saint-Alban-de-Roche;1572;1290;1260;241;195;343;273;94;21;69;6;10;5;3;0;282;4;19.13;15.48;27.22;21.67;7.46;1.67;5.48;0.48;0.79;0.4;0.24;0;17.94;0.32
38353;38;Saint-Alban-du-Rhône;653;497;487;185;81;85;62;27;6;25;5;6;3;2;0;156;1;37.99;16.63;17.45;12.73;5.54;1.23;5.13;1.03;1.23;0.62;0.41;0;23.89;0.21
38354;38;Saint-Albin-de-Vaulserre;311;265;259;75;42;58;48;19;1;8;1;2;5;0;0;46;2;28.96;16.22;22.39;18.53;7.34;0.39;3.09;0.39;0.77;1.93;0;0;14.79;0.77
38355;38;Saint-Andéol;121;101;101;11;22;33;12;7;5;11;0;0;0;0;0;20;0;10.89;21.78;32.67;11.88;6.93;4.95;10.89;0;0;0;0;0;16.53;0
38356;38;Saint-André-en-Royans;288;246;236;42;66;48;47;15;1;10;2;4;1;0;0;42;2;17.8;27.97;20.34;19.92;6.36;0.42;4.24;0.85;1.69;0.42;0;0;14.58;0.85
38357;38;Saint-André-le-Gaz;1968;1590;1542;503;293;312;195;106;15;71;19;12;10;6;0;378;18;32.62;19;20.23;12.65;6.87;0.97;4.6;1.23;0.78;0.65;0.39;0;19.21;1.17
38358;38;Sainte-Anne-sur-Gervonde;517;430;412;119;61;98;69;32;7;16;5;4;0;1;0;87;1;28.88;14.81;23.79;16.75;7.77;1.7;3.88;1.21;0.97;0;0.24;0;16.83;0.24
38359;38;Saint-Antoine-l'Abbaye;948;823;794;169;179;171;141;46;5;51;11;14;6;1;0;125;5;21.28;22.54;21.54;17.76;5.79;0.63;6.42;1.39;1.76;0.76;0.13;0;13.19;0.63
38360;38;Saint-Appolinard;327;290;282;90;42;68;47;17;4;8;2;2;2;0;0;37;0;31.91;14.89;24.11;16.67;6.03;1.42;2.84;0.71;0.71;0.71;0;0;11.31;0
38361;38;Saint-Arey;80;71;67;10;22;14;10;5;0;2;1;1;2;0;0;9;0;14.93;32.84;20.9;14.93;7.46;0;2.99;1.49;1.49;2.99;0;0;11.25;0
38362;38;Saint-Aupre;887;752;730;167;90;230;131;46;8;47;2;7;2;0;0;135;3;22.88;12.33;31.51;17.95;6.3;1.1;6.44;0.27;0.96;0.27;0;0;15.22;0.41
38363;38;Saint-Barthélemy;676;517;506;155;83;125;81;27;7;18;1;6;1;2;0;159;4;30.63;16.4;24.7;16.01;5.34;1.38;3.56;0.2;1.19;0.2;0.4;0;23.52;0.79
38364;38;Saint-Barthélemy-de-Séchilienne;354;294;289;85;85;61;26;8;2;16;3;2;0;1;0;60;1;29.41;29.41;21.11;9;2.77;0.69;5.54;1.04;0.69;0;0.35;0;16.95;0.35
38365;38;Saint-Baudille-de-la-Tour;621;502;494;187;79;81;75;29;5;26;3;5;3;1;0;119;1;37.85;15.99;16.4;15.18;5.87;1.01;5.26;0.61;1.01;0.61;0.2;0;19.16;0.2
38366;38;Saint-Baudille-et-Pipet;260;214;210;38;40;71;34;10;5;9;0;2;0;1;0;46;1;18.1;19.05;33.81;16.19;4.76;2.38;4.29;0;0.95;0;0.48;0;17.69;0.48
38367;38;Saint-Bernard;514;441;432;37;172;97;37;19;5;50;4;7;4;0;0;73;0;8.56;39.81;22.45;8.56;4.4;1.16;11.57;0.93;1.62;0.93;0;0;14.2;0
38368;38;Saint-Blaise-du-Buis;738;595;582;117;101;151;117;44;5;32;4;5;5;1;0;143;2;20.1;17.35;25.95;20.1;7.56;0.86;5.5;0.69;0.86;0.86;0.17;0;19.38;0.34
38369;38;Sainte-Blandine;764;659;634;208;117;113;98;47;12;31;5;1;2;0;0;105;3;32.81;18.45;17.82;15.46;7.41;1.89;4.89;0.79;0.16;0.32;0;0;13.74;0.47
38370;38;Saint-Bonnet-de-Chavagne;537;444;434;122;65;96;84;31;3;24;5;1;2;1;0;93;3;28.11;14.98;22.12;19.35;7.14;0.69;5.53;1.15;0.23;0.46;0.23;0;17.32;0.69
38372;38;Saint-Bueil;483;382;368;115;73;77;48;23;5;13;5;6;3;0;0;101;3;31.25;19.84;20.92;13.04;6.25;1.36;3.53;1.36;1.63;0.82;0;0;20.91;0.82
38373;38;Saint-Cassien;930;808;784;145;104;236;183;35;18;50;2;6;4;1;0;122;8;18.49;13.27;30.1;23.34;4.46;2.3;6.38;0.26;0.77;0.51;0.13;0;13.12;1.02
38374;38;Saint-Chef;2593;2089;2027;660;313;414;367;115;22;92;16;10;16;2;0;504;14;32.56;15.44;20.42;18.11;5.67;1.09;4.54;0.79;0.49;0.79;0.1;0;19.44;0.69
38375;38;Saint-Christophe-en-Oisans;126;101;98;15;26;24;17;7;1;5;1;1;0;1;0;25;0;15.31;26.53;24.49;17.35;7.14;1.02;5.1;1.02;1.02;0;1.02;0;19.84;0
38376;38;Saint-Christophe-sur-Guiers;593;500;488;126;79;111;80;28;15;29;4;10;6;0;0;93;2;25.82;16.19;22.75;16.39;5.74;3.07;5.94;0.82;2.05;1.23;0;0;15.68;0.41
38377;38;Saint-Clair-de-la-Tour;2349;1868;1823;588;358;388;252;104;12;73;20;17;6;5;0;481;11;32.25;19.64;21.28;13.82;5.7;0.66;4;1.1;0.93;0.33;0.27;0;20.48;0.6
38378;38;Saint-Clair-du-Rhône;3142;2394;2340;713;476;474;354;122;28;108;33;18;13;1;0;748;13;30.47;20.34;20.26;15.13;5.21;1.2;4.62;1.41;0.77;0.56;0.04;0;23.81;0.56
38379;38;Saint-Clair-sur-Galaure;211;186;179;48;22;45;42;14;1;2;0;4;1;0;0;25;2;26.82;12.29;25.14;23.46;7.82;0.56;1.12;0;2.23;0.56;0;0;11.85;1.12
38380;38;Saint-Didier-de-Bizonnes;222;195;189;84;38;28;21;7;0;8;0;1;1;1;0;27;0;44.44;20.11;14.81;11.11;3.7;0;4.23;0;0.53;0.53;0.53;0;12.16;0
38381;38;Saint-Didier-de-la-Tour;1505;1229;1211;442;161;216;226;78;10;59;4;4;9;2;0;276;1;36.5;13.29;17.84;18.66;6.44;0.83;4.87;0.33;0.33;0.74;0.17;0;18.34;0.08
38382;38;Saint-Egrève;11880;9188;9017;1346;1989;2795;1445;388;73;759;92;77;32;21;0;2692;37;14.93;22.06;31;16.03;4.3;0.81;8.42;1.02;0.85;0.35;0.23;0;22.66;0.41
38383;38;Saint-Etienne-de-Crossey;2204;1831;1789;257;334;566;305;113;19;148;18;19;6;4;0;373;7;14.37;18.67;31.64;17.05;6.32;1.06;8.27;1.01;1.06;0.34;0.22;0;16.92;0.39
38384;38;Saint-Etienne-de-Saint-Geoirs;2195;1782;1724;516;261;374;300;116;20;95;15;18;8;1;0;413;9;29.93;15.14;21.69;17.4;6.73;1.16;5.51;0.87;1.04;0.46;0.06;0;18.82;0.52
38386;38;Saint-Geoire-en-Valdaine;1540;1232;1197;303;206;243;220;85;15;83;22;9;8;3;0;308;7;25.31;17.21;20.3;18.38;7.1;1.25;6.93;1.84;0.75;0.67;0.25;0;20;0.58
38387;38;Saint-Geoirs;383;319;308;75;42;53;78;22;6;25;2;3;1;1;0;64;0;24.35;13.64;17.21;25.32;7.14;1.95;8.12;0.65;0.97;0.32;0.32;0;16.71;0
38388;38;Saint-Georges-de-Commiers;1674;1376;1345;372;258;315;200;67;18;90;12;10;3;0;0;298;5;27.66;19.18;23.42;14.87;4.98;1.34;6.69;0.89;0.74;0.22;0;0;17.8;0.37
38389;38;Saint-Georges-d'Espéranche;2513;2085;2044;631;268;415;420;146;36;83;23;14;5;3;0;428;12;30.87;13.11;20.3;20.55;7.14;1.76;4.06;1.13;0.68;0.24;0.15;0;17.03;0.59
38390;38;Saint-Gervais;412;319;316;97;81;49;44;15;5;18;3;2;2;0;0;93;1;30.7;25.63;15.51;13.92;4.75;1.58;5.7;0.95;0.63;0.63;0;0;22.57;0.32
38391;38;Saint-Guillaume;206;178;173;36;37;27;43;11;3;12;1;2;1;0;0;28;0;20.81;21.39;15.61;24.86;6.36;1.73;6.94;0.58;1.16;0.58;0;0;13.59;0
38392;38;Saint-Hilaire-de-Brens;474;413;397;95;55;91;87;33;1;29;1;3;2;0;0;61;4;23.93;13.85;22.92;21.91;8.31;0.25;7.3;0.25;0.76;0.5;0;0;12.87;1.01
38393;38;Saint-Hilaire-de-la-Côte;1151;953;932;226;202;199;161;48;19;51;6;11;7;2;0;198;6;24.25;21.67;21.35;17.27;5.15;2.04;5.47;0.64;1.18;0.75;0.21;0;17.2;0.64
38394;38;Saint-Hilaire-du-Rosier;1637;1281;1254;357;229;247;231;63;26;57;5;24;14;1;0;356;4;28.47;18.26;19.7;18.42;5.02;2.07;4.55;0.4;1.91;1.12;0.08;0;21.75;0.32
38395;38;Saint-Hilaire;907;741;728;82;268;165;51;38;3;89;15;9;3;5;0;166;2;11.26;36.81;22.66;7.01;5.22;0.41;12.23;2.06;1.24;0.41;0.69;0;18.3;0.27
38396;38;Saint-Honoré;628;532;517;120;139;90;78;37;9;27;4;8;1;4;0;96;1;23.21;26.89;17.41;15.09;7.16;1.74;5.22;0.77;1.55;0.19;0.77;0;15.29;0.19
38397;38;Saint-Ismier;5782;4971;4902;438;479;1808;1675;164;24;258;29;17;4;6;0;811;15;8.94;9.77;36.88;34.17;3.35;0.49;5.26;0.59;0.35;0.08;0.12;0;14.03;0.31
38398;38;Saint-Jean-d'Avelanne;655;540;525;141;109;101;104;39;5;17;3;4;0;2;0;115;11;26.86;20.76;19.24;19.81;7.43;0.95;3.24;0.57;0.76;0;0.38;0;17.56;2.1
38399;38;Saint-Jean-de-Bournay;3249;2668;2588;809;346;537;483;196;43;118;16;23;13;4;0;581;23;31.26;13.37;20.75;18.66;7.57;1.66;4.56;0.62;0.89;0.5;0.15;0;17.88;0.89
38400;38;Saint-Jean-de-Moirans;2594;2070;2014;363;456;556;337;76;16;167;23;8;6;6;0;524;18;18.02;22.64;27.61;16.73;3.77;0.79;8.29;1.14;0.4;0.3;0.3;0;20.2;0.89
38401;38;Saint-Jean-de-Soudain;1080;864;843;242;141;180;155;56;12;31;8;13;3;2;0;216;4;28.71;16.73;21.35;18.39;6.64;1.42;3.68;0.95;1.54;0.36;0.24;0;20;0.47
38402;38;Saint-Jean-de-Vaulx;464;385;376;76;105;85;24;14;7;46;6;9;3;1;0;79;1;20.21;27.93;22.61;6.38;3.72;1.86;12.23;1.6;2.39;0.8;0.27;0;17.03;0.27
38403;38;Saint-Jean-d'Hérans;291;234;231;53;47;58;32;9;0;26;1;3;1;1;0;57;1;22.94;20.35;25.11;13.85;3.9;0;11.26;0.43;1.3;0.43;0.43;0;19.59;0.43
38404;38;Saint-Jean-le-Vieux;220;194;188;28;33;56;44;9;5;7;3;2;0;1;0;26;2;14.89;17.55;29.79;23.4;4.79;2.66;3.72;1.6;1.06;0;0.53;0;11.82;1.06
38405;38;Saint-Joseph-de-Rivière;983;809;795;184;173;178;102;51;9;75;11;8;3;1;0;174;3;23.14;21.76;22.39;12.83;6.42;1.13;9.43;1.38;1.01;0.38;0.13;0;17.7;0.38
38406;38;Saint-Julien-de-l'Herms;117;92;91;27;20;16;13;5;1;5;0;2;2;0;0;25;0;29.67;21.98;17.58;14.29;5.49;1.1;5.49;0;2.2;2.2;0;0;21.37;0
38407;38;La Sure en Chartreuse;908;765;747;130;157;216;122;33;8;63;7;7;4;0;0;143;3;17.4;21.02;28.92;16.33;4.42;1.07;8.43;0.94;0.94;0.54;0;0;15.75;0.4
38408;38;Saint-Just-Chaleyssin;2002;1688;1647;455;206;375;369;138;12;59;16;10;6;1;0;314;12;27.63;12.51;22.77;22.4;8.38;0.73;3.58;0.97;0.61;0.36;0.06;0;15.68;0.73
38409;38;Saint-Just-de-Claix;875;723;709;239;144;132;90;35;8;36;0;10;12;3;0;152;3;33.71;20.31;18.62;12.69;4.94;1.13;5.08;0;1.41;1.69;0.42;0;17.37;0.42
38410;38;Saint-Lattier;1005;818;799;254;134;152;128;45;18;37;5;7;18;1;0;187;4;31.79;16.77;19.02;16.02;5.63;2.25;4.63;0.63;0.88;2.25;0.13;0;18.61;0.5
38412;38;Saint-Laurent-du-Pont;3124;2534;2458;587;475;526;449;175;23;139;23;36;20;5;0;590;22;23.88;19.32;21.4;18.27;7.12;0.94;5.66;0.94;1.46;0.81;0.2;0;18.89;0.9
38413;38;Saint-Laurent-en-Beaumont;378;303;296;82;71;62;46;18;1;10;1;2;3;0;0;75;2;27.7;23.99;20.95;15.54;6.08;0.34;3.38;0.34;0.68;1.01;0;0;19.84;0.68
38414;38;Sainte-Luce;50;41;39;7;10;12;5;1;0;3;0;1;0;0;0;9;0;17.95;25.64;30.77;12.82;2.56;0;7.69;0;2.56;0;0;0;18;0
38415;38;Saint-Marcel-Bel-Accueil;1099;953;927;185;126;239;241;58;11;45;7;11;3;1;0;146;4;19.96;13.59;25.78;26;6.26;1.19;4.85;0.76;1.19;0.32;0.11;0;13.28;0.43
38416;38;Saint-Marcellin;5218;4049;3950;847;876;902;732;203;43;218;41;42;34;12;0;1169;29;21.44;22.18;22.84;18.53;5.14;1.09;5.52;1.04;1.06;0.86;0.3;0;22.4;0.73
38417;38;Sainte-Marie-d'Alloix;358;304;299;71;65;77;45;5;2;25;3;3;3;0;0;54;0;23.75;21.74;25.75;15.05;1.67;0.67;8.36;1;1;1;0;0;15.08;0
38418;38;Sainte-Marie-du-Mont;157;139;133;22;28;42;20;4;0;15;1;1;0;0;0;18;3;16.54;21.05;31.58;15.04;3.01;0;11.28;0.75;0.75;0;0;0;11.46;2.26
38419;38;Saint-Martin-de-Clelles;149;128;125;21;28;34;24;4;1;12;1;0;0;0;0;21;0;16.8;22.4;27.2;19.2;3.2;0.8;9.6;0.8;0;0;0;0;14.09;0
38420;38;Saint-Martin-de-Vaulserre;236;205;200;58;41;42;22;19;0;14;4;0;0;0;0;31;1;29;20.5;21;11;9.5;0;7;2;0;0;0;0;13.14;0.5
38421;38;Saint-Martin-d'Hères;18577;13520;13219;2419;4311;3101;1357;462;104;1040;166;163;70;26;0;5057;86;18.3;32.61;23.46;10.27;3.49;0.79;7.87;1.26;1.23;0.53;0.2;0;27.22;0.65
38422;38;Saint-Martin-d'Uriage;4374;3728;3669;452;653;1241;759;131;29;337;31;23;10;3;0;646;19;12.32;17.8;33.82;20.69;3.57;0.79;9.19;0.84;0.63;0.27;0.08;0;14.77;0.52
38423;38;Saint-Martin-le-Vinoux;3872;2659;2616;359;723;719;400;91;32;212;23;30;20;7;0;1213;13;13.72;27.64;27.48;15.29;3.48;1.22;8.1;0.88;1.15;0.76;0.27;0;31.33;0.5
38424;38;Saint-Maurice-en-Trièves;130;108;107;33;17;15;30;3;2;5;1;0;0;1;0;22;1;30.84;15.89;14.02;28.04;2.8;1.87;4.67;0.93;0;0;0.93;0;16.92;0.93
38425;38;Saint-Maurice-l'Exil;4063;2998;2915;841;719;554;329;176;26;161;31;53;20;5;0;1065;25;28.85;24.67;19.01;11.29;6.04;0.89;5.52;1.06;1.82;0.69;0.17;0;26.21;0.86
38426;38;Saint-Maximin;579;487;480;126;75;121;60;33;6;46;4;6;2;1;0;92;2;26.25;15.63;25.21;12.5;6.88;1.25;9.58;0.83;1.25;0.42;0.21;0;15.89;0.42
38427;38;Saint-Michel-de-Saint-Geoirs;215;175;172;33;37;36;44;9;3;9;1;0;0;0;0;40;1;19.19;21.51;20.93;25.58;5.23;1.74;5.23;0.58;0;0;0;0;18.6;0.58
38428;38;Saint-Michel-en-Beaumont;66;56;53;13;6;16;12;3;1;2;0;0;0;0;0;10;0;24.53;11.32;30.19;22.64;5.66;1.89;3.77;0;0;0;0;0;15.15;0
38429;38;Saint-Michel-les-Portes;226;192;187;25;51;38;37;4;7;21;0;1;2;1;0;34;0;13.37;27.27;20.32;19.79;2.14;3.74;11.23;0;0.53;1.07;0.53;0;15.04;0
38430;38;Saint-Mury-Monteymond;247;223;218;47;47;46;31;11;7;26;0;1;2;0;0;24;0;21.56;21.56;21.1;14.22;5.05;3.21;11.93;0;0.46;0.92;0;0;9.72;0
38431;38;Saint-Nazaire-les-Eymes;2386;2009;1980;205;259;722;565;75;7;120;12;11;4;0;0;377;5;10.35;13.08;36.46;28.54;3.79;0.35;6.06;0.61;0.56;0.2;0;0;15.8;0.25
38432;38;Saint-Nicolas-de-Macherin;761;655;639;112;135;160;105;48;11;52;6;6;2;2;0;106;2;17.53;21.13;25.04;16.43;7.51;1.72;8.14;0.94;0.94;0.31;0.31;0;13.93;0.31
38433;38;Saint-Nizier-du-Moucherotte;893;752;741;78;203;221;99;33;12;77;7;6;2;3;0;141;1;10.53;27.4;29.82;13.36;4.45;1.62;10.39;0.94;0.81;0.27;0.4;0;15.79;0.13
38434;38;Saint-Ondras;467;383;372;110;66;69;64;27;5;15;6;4;2;4;0;84;2;29.57;17.74;18.55;17.2;7.26;1.34;4.03;1.61;1.08;0.54;1.08;0;17.99;0.54
38435;38;Saint-Pancrasse;337;292;286;36;99;65;29;11;4;33;4;3;2;0;0;45;1;12.59;34.62;22.73;10.14;3.85;1.4;11.54;1.4;1.05;0.7;0;0;13.35;0.35
38436;38;Saint-Paul-de-Varces;1870;1553;1521;301;286;409;315;68;12;92;13;17;4;4;0;317;8;19.79;18.8;26.89;20.71;4.47;0.79;6.05;0.85;1.12;0.26;0.26;0;16.95;0.53
38437;38;Saint-Paul-d'Izeaux;258;191;185;57;44;39;16;8;7;8;2;2;1;1;0;67;1;30.81;23.78;21.08;8.65;4.32;3.78;4.32;1.08;1.08;0.54;0.54;0;25.97;0.54
38438;38;Saint-Paul-lès-Monestier;214;186;183;28;47;46;32;13;3;11;0;2;0;1;0;28;1;15.3;25.68;25.14;17.49;7.1;1.64;6.01;0;1.09;0;0.55;0;13.08;0.55
38439;38;Crêts en Belledonne;2457;1990;1950;506;516;450;185;101;22;114;18;19;15;4;0;467;5;25.95;26.46;23.08;9.49;5.18;1.13;5.85;0.92;0.97;0.77;0.21;0;19.01;0.26
38440;38;Saint-Pierre-de-Bressieux;559;475;465;94;71;110;114;28;13;25;4;4;2;0;0;84;0;20.22;15.27;23.66;24.52;6.02;2.8;5.38;0.86;0.86;0.43;0;0;15.03;0
38442;38;Saint-Pierre-de-Chartreuse;895;763;745;91;213;178;147;30;11;52;9;10;2;2;0;132;4;12.21;28.59;23.89;19.73;4.03;1.48;6.98;1.21;1.34;0.27;0.27;0;14.75;0.54
38443;38;Saint-Pierre-de-Chérennes;398;354;343;78;74;74;48;29;4;28;4;3;1;0;0;44;2;22.74;21.57;21.57;13.99;8.45;1.17;8.16;1.17;0.87;0.29;0;0;11.06;0.58
38444;38;Saint-Pierre-de-Méarotz;128;96;95;39;13;18;10;3;1;5;1;1;4;0;0;32;0;41.05;13.68;18.95;10.53;3.16;1.05;5.26;1.05;1.05;4.21;0;0;25;0
38445;38;Saint-Pierre-de-Mésage;549;467;448;129;85;96;66;22;4;31;2;8;4;1;0;82;4;28.79;18.97;21.43;14.73;4.91;0.89;6.92;0.45;1.79;0.89;0.22;0;14.94;0.89
38446;38;Saint-Pierre-d'Entremont;509;431;420;79;80;64;117;25;3;37;6;7;2;0;0;78;2;18.81;19.05;15.24;27.86;5.95;0.71;8.81;1.43;1.67;0.48;0;0;15.32;0.48
38448;38;Saint-Prim;1067;857;835;264;135;187;137;47;8;31;13;6;6;1;0;210;4;31.62;16.17;22.4;16.41;5.63;0.96;3.71;1.56;0.72;0.72;0.12;0;19.68;0.48
38449;38;Saint-Quentin-Fallavier;3510;2821;2746;778;720;494;365;126;19;177;18;29;16;4;0;689;16;28.33;26.22;17.99;13.29;4.59;0.69;6.45;0.66;1.06;0.58;0.15;0;19.63;0.58
38450;38;Saint-Quentin-sur-Isère;1016;861;831;245;147;182;136;58;9;38;6;6;3;1;0;155;6;29.48;17.69;21.9;16.37;6.98;1.08;4.57;0.72;0.72;0.36;0.12;0;15.26;0.72
38451;38;Saint-Romain-de-Jalionas;2352;1964;1917;687;268;353;339;157;13;62;16;11;6;5;0;388;13;35.84;13.98;18.41;17.68;8.19;0.68;3.23;0.83;0.57;0.31;0.26;0;16.5;0.68
38452;38;Saint-Romain-de-Surieu;307;256;245;67;45;52;45;18;0;11;3;3;1;0;0;51;1;27.35;18.37;21.22;18.37;7.35;0;4.49;1.22;1.22;0.41;0;0;16.61;0.41
38453;38;Saint-Romans;1280;1027;989;252;173;229;189;58;22;37;9;10;10;0;0;253;12;25.48;17.49;23.15;19.11;5.86;2.22;3.74;0.91;1.01;1.01;0;0;19.77;1.21
38454;38;Saint-Sauveur;1302;1074;1043;270;209;225;166;72;14;55;9;12;8;3;0;228;8;25.89;20.04;21.57;15.92;6.9;1.34;5.27;0.86;1.15;0.77;0.29;0;17.51;0.77
38455;38;Saint-Savin;3092;2551;2493;759;313;578;460;168;38;117;17;19;22;2;0;541;27;30.45;12.56;23.18;18.45;6.74;1.52;4.69;0.68;0.76;0.88;0.08;0;17.5;1.08
38456;38;Châtel en Trièves;449;367;358;59;119;81;49;10;5;29;0;5;1;0;0;82;2;16.48;33.24;22.63;13.69;2.79;1.4;8.1;0;1.4;0.28;0;0;18.26;0.56
38457;38;Saint-Siméon-de-Bressieux;2085;1601;1559;427;318;323;256;85;25;93;2;17;13;0;0;484;17;27.39;20.4;20.72;16.42;5.45;1.6;5.97;0.13;1.09;0.83;0;0;23.21;1.09
38458;38;Saint-Sorlin-de-Morestel;428;356;347;131;60;60;54;17;3;15;0;4;2;1;0;72;2;37.75;17.29;17.29;15.56;4.9;0.86;4.32;0;1.15;0.58;0.29;0;16.82;0.58
38459;38;Saint-Sorlin-de-Vienne;644;574;560;181;77;117;107;38;6;20;7;1;4;2;0;70;3;32.32;13.75;20.89;19.11;6.79;1.07;3.57;1.25;0.18;0.71;0.36;0;10.87;0.54
38460;38;Saint-Sulpice-des-Rivoires;355;306;296;77;53;56;65;21;8;12;2;2;0;0;0;49;2;26.01;17.91;18.92;21.96;7.09;2.7;4.05;0.68;0.68;0;0;0;13.8;0.68
38462;38;Saint-Théoffrey;387;313;304;66;55;77;57;18;1;21;2;3;3;1;0;74;3;21.71;18.09;25.33;18.75;5.92;0.33;6.91;0.66;0.99;0.99;0.33;0;19.12;0.99
38463;38;Saint-Vérand;1395;1153;1123;299;223;245;197;69;8;61;4;10;5;2;0;242;0;26.63;19.86;21.82;17.54;6.14;0.71;5.43;0.36;0.89;0.45;0.18;0;17.35;0
38464;38;Saint-Victor-de-Cessieu;1530;1270;1227;444;208;217;167;98;9;50;8;15;11;0;0;260;16;36.19;16.95;17.69;13.61;7.99;0.73;4.07;0.65;1.22;0.9;0;0;16.99;1.3
38465;38;Saint-Victor-de-Morestel;901;705;681;211;104;144;107;53;5;38;3;5;6;5;0;196;5;30.98;15.27;21.15;15.71;7.78;0.73;5.58;0.44;0.73;0.88;0.73;0;21.75;0.73
38466;38;Saint-Vincent-de-Mercuze;1220;1036;1018;152;183;331;193;50;12;76;5;5;8;3;0;184;3;14.93;17.98;32.51;18.96;4.91;1.18;7.47;0.49;0.49;0.79;0.29;0;15.08;0.29
38467;38;Salagnon;1040;824;812;283;125;162;117;58;12;38;6;4;3;4;0;216;5;34.85;15.39;19.95;14.41;7.14;1.48;4.68;0.74;0.49;0.37;0.49;0;20.77;0.62
38468;38;Salaise-sur-Sanne;3270;2496;2429;694;610;512;302;111;17;120;29;23;8;3;0;774;21;28.57;25.11;21.08;12.43;4.57;0.7;4.94;1.19;0.95;0.33;0.12;0;23.67;0.86
38469;38;La Salette-Fallavaux;108;80;78;24;0;23;12;3;10;3;0;1;0;2;0;28;0;30.77;0;29.49;15.38;3.85;12.82;3.85;0;1.28;0;2.56;0;25.93;0
38470;38;La Salle-en-Beaumont;328;263;256;70;61;45;45;10;1;18;2;2;1;1;0;65;3;27.34;23.83;17.58;17.58;3.91;0.39;7.03;0.78;0.78;0.39;0.39;0;19.82;1.17
38471;38;Le Sappey-en-Chartreuse;943;778;768;60;198;291;116;29;7;51;6;8;2;0;0;165;1;7.81;25.78;37.89;15.1;3.78;0.91;6.64;0.78;1.04;0.26;0;0;17.5;0.13
38472;38;Sarcenas;184;153;152;19;43;44;19;4;2;19;0;1;1;0;0;31;1;12.5;28.29;28.95;12.5;2.63;1.32;12.5;0;0.66;0.66;0;0;16.85;0.66
38473;38;Sardieu;728;616;596;206;93;118;94;37;5;21;9;5;7;1;0;112;4;34.56;15.6;19.8;15.77;6.21;0.84;3.52;1.51;0.84;1.17;0.17;0;15.38;0.67
38474;38;Sassenage;7945;6535;6369;1411;1235;1799;967;356;52;406;47;63;24;9;0;1410;35;22.15;19.39;28.25;15.18;5.59;0.82;6.37;0.74;0.99;0.38;0.14;0;17.75;0.55
38475;38;Satolas-et-Bonce;1790;1484;1440;487;200;295;257;108;13;45;14;15;5;1;0;306;14;33.82;13.89;20.49;17.85;7.5;0.9;3.13;0.97;1.04;0.35;0.07;0;17.09;0.97
38476;38;Savas-Mépin;655;531;519;189;61;94;94;48;5;13;3;4;6;2;0;124;4;36.42;11.75;18.11;18.11;9.25;0.96;2.5;0.58;0.77;1.16;0.39;0;18.93;0.77
38478;38;Séchilienne;740;595;579;159;160;124;46;36;9;32;2;7;4;0;0;145;1;27.46;27.63;21.42;7.94;6.22;1.55;5.53;0.35;1.21;0.69;0;0;19.59;0.17
38479;38;Semons;288;235;219;65;36;43;46;13;3;7;0;4;2;0;0;53;4;29.68;16.44;19.63;21;5.94;1.37;3.2;0;1.83;0.91;0;0;18.4;1.83
38480;38;Septème;1510;1247;1216;447;177;218;206;82;14;50;5;12;4;1;0;263;6;36.76;14.56;17.93;16.94;6.74;1.15;4.11;0.41;0.99;0.33;0.08;0;17.42;0.49
38481;38;Sérézin-de-la-Tour;741;649;629;192;68;141;114;58;7;36;4;4;3;2;0;92;3;30.52;10.81;22.42;18.12;9.22;1.11;5.72;0.64;0.64;0.48;0.32;0;12.42;0.48
38483;38;Sermérieu;1224;1045;1026;336;152;213;161;70;18;55;6;10;4;1;0;179;13;32.75;14.81;20.76;15.69;6.82;1.75;5.36;0.58;0.97;0.39;0.1;0;14.62;1.27
38484;38;Serpaize;1330;1120;1098;338;168;252;159;84;11;63;5;14;4;0;0;210;5;30.78;15.3;22.95;14.48;7.65;1;5.74;0.46;1.28;0.36;0;0;15.79;0.46
38485;38;Seyssinet-Pariset;8364;6759;6603;1258;1352;1824;1109;309;38;529;82;54;38;10;0;1605;44;19.05;20.48;27.62;16.8;4.68;0.58;8.01;1.24;0.82;0.58;0.15;0;19.19;0.67
38486;38;Seyssins;5636;4728;4656;694;750;1621;977;183;49;305;32;20;19;6;0;908;22;14.91;16.11;34.82;20.98;3.93;1.05;6.55;0.69;0.43;0.41;0.13;0;16.11;0.47
38487;38;Seyssuel;1659;1366;1338;246;199;383;312;88;15;64;17;6;4;4;0;293;7;18.39;14.87;28.62;23.32;6.58;1.12;4.78;1.27;0.45;0.3;0.3;0;17.66;0.52
38488;38;Siccieu-Saint-Julien-et-Carisieu;485;394;389;91;59;96;73;22;9;24;2;11;2;0;0;91;1;23.39;15.17;24.68;18.77;5.66;2.31;6.17;0.51;2.83;0.51;0;0;18.76;0.26
38489;38;Siévoz;113;96;93;15;21;21;8;5;5;13;3;2;0;0;0;17;2;16.13;22.58;22.58;8.6;5.38;5.38;13.98;3.23;2.15;0;0;0;15.04;2.15
38490;38;Sillans;1359;1167;1129;351;207;221;136;84;26;73;5;10;15;1;0;192;10;31.09;18.33;19.57;12.05;7.44;2.3;6.47;0.44;0.89;1.33;0.09;0;14.13;0.89
38492;38;Sinard;505;417;405;69;123;95;48;15;6;40;2;4;2;1;0;88;2;17.04;30.37;23.46;11.85;3.7;1.48;9.88;0.49;0.99;0.49;0.25;0;17.43;0.49
38494;38;Soleymieu;614;468;454;147;44;95;104;32;5;17;1;5;3;1;0;146;3;32.38;9.69;20.93;22.91;7.05;1.1;3.74;0.22;1.1;0.66;0.22;0;23.78;0.66
38495;38;La Sône;425;332;316;87;67;70;46;21;6;10;0;6;2;1;0;93;4;27.53;21.2;22.15;14.56;6.65;1.9;3.16;0;1.9;0.63;0.32;0;21.88;1.27
38496;38;Sonnay;1022;845;831;301;118;147;140;52;8;38;5;10;6;6;0;177;4;36.22;14.2;17.69;16.85;6.26;0.96;4.57;0.6;1.2;0.72;0.72;0;17.32;0.48
38497;38;Sousville;148;124;119;31;26;22;20;7;5;6;2;0;0;0;0;24;0;26.05;21.85;18.49;16.81;5.88;4.2;5.04;1.68;0;0;0;0;16.22;0
38498;38;Succieu;550;468;452;163;81;91;57;25;7;17;3;5;2;1;0;82;2;36.06;17.92;20.13;12.61;5.53;1.55;3.76;0.66;1.11;0.44;0.22;0;14.91;0.44
38499;38;Susville;834;632;606;177;145;111;38;44;5;59;10;11;6;0;0;202;9;29.21;23.93;18.32;6.27;7.26;0.83;9.74;1.65;1.82;0.99;0;0;24.22;1.49
38500;38;Têche;458;379;373;119;65;67;68;21;7;15;5;4;1;1;0;79;6;31.9;17.43;17.96;18.23;5.63;1.88;4.02;1.34;1.07;0.27;0.27;0;17.25;1.61
38501;38;Tencin;1240;1006;970;274;172;245;118;69;9;60;4;10;8;1;0;234;6;28.25;17.73;25.26;12.16;7.11;0.93;6.19;0.41;1.03;0.82;0.1;0;18.87;0.62
38503;38;La Terrasse;1819;1579;1542;250;310;444;273;53;11;159;15;18;8;1;0;240;9;16.21;20.1;28.79;17.7;3.44;0.71;10.31;0.97;1.17;0.52;0.06;0;13.19;0.58
38504;38;Theys;1623;1398;1374;270;253;321;292;84;24;89;13;20;6;2;0;225;8;19.65;18.41;23.36;21.25;6.11;1.75;6.48;0.95;1.46;0.44;0.15;0;13.86;0.58
38505;38;Thodure;594;508;494;147;108;89;77;30;9;23;5;1;3;2;0;86;3;29.76;21.86;18.02;15.59;6.07;1.82;4.66;1.01;0.2;0.61;0.4;0;14.48;0.61
38507;38;Tignieu-Jameyzieu;4618;3608;3531;1146;583;750;572;202;29;162;46;22;12;7;0;1010;13;32.46;16.51;21.24;16.2;5.72;0.82;4.59;1.3;0.62;0.34;0.2;0;21.87;0.37
38508;38;Torchefelon;485;418;408;127;68;106;44;22;8;27;2;3;1;0;0;67;1;31.13;16.67;25.98;10.78;5.39;1.96;6.62;0.49;0.74;0.25;0;0;13.81;0.25
38509;38;La Tour-du-Pin;5116;3483;3405;865;710;690;634;151;35;218;44;33;22;3;0;1633;22;25.4;20.85;20.26;18.62;4.43;1.03;6.4;1.29;0.97;0.65;0.09;0;31.92;0.65
38511;38;Le Touvet;2407;1936;1887;338;353;480;346;100;19;203;20;20;6;2;0;471;4;17.91;18.71;25.44;18.34;5.3;1.01;10.76;1.06;1.06;0.32;0.11;0;19.57;0.21
38512;38;Tramolé;509;433;424;110;76;86;82;34;5;20;4;6;0;1;0;76;3;25.94;17.92;20.28;19.34;8.02;1.18;4.72;0.94;1.42;0;0.24;0;14.93;0.71
38513;38;Treffort;194;165;162;32;28;47;37;7;0;6;0;3;2;0;0;29;0;19.75;17.28;29.01;22.84;4.32;0;3.7;0;1.85;1.23;0;0;14.95;0
38514;38;Tréminis;194;163;162;31;29;31;31;14;5;15;0;5;1;0;0;31;1;19.14;17.9;19.14;19.14;8.64;3.09;9.26;0;3.09;0.62;0;0;15.98;0.62
38515;38;Trept;1490;1237;1198;402;161;237;230;82;9;45;12;10;8;2;0;253;7;33.56;13.44;19.78;19.2;6.84;0.75;3.76;1;0.83;0.67;0.17;0;16.98;0.58
38516;38;La Tronche;4107;3398;3345;261;594;1105;939;98;17;274;22;18;11;6;0;709;19;7.8;17.76;33.03;28.07;2.93;0.51;8.19;0.66;0.54;0.33;0.18;0;17.26;0.57
38517;38;Tullins;5385;4231;4123;971;878;944;602;229;62;321;41;46;24;5;0;1154;35;23.55;21.3;22.9;14.6;5.55;1.5;7.79;0.99;1.12;0.58;0.12;0;21.43;0.85
38518;38;Valbonnais;498;381;374;87;73;93;51;24;10;26;3;2;5;0;0;117;3;23.26;19.52;24.87;13.64;6.42;2.67;6.95;0.8;0.53;1.34;0;0;23.49;0.8
38519;38;Valencin;1923;1621;1580;504;190;375;299;100;18;65;14;7;4;4;0;302;8;31.9;12.03;23.73;18.92;6.33;1.14;4.11;0.89;0.44;0.25;0.25;0;15.7;0.51
38520;38;Valencogne;507;412;405;137;61;66;65;30;13;17;6;4;3;3;0;95;0;33.83;15.06;16.3;16.05;7.41;3.21;4.2;1.48;0.99;0.74;0.74;0;18.74;0
38521;38;La Valette;63;52;51;5;14;19;3;5;0;4;1;0;0;0;0;11;0;9.8;27.45;37.25;5.88;9.8;0;7.84;1.96;0;0;0;0;17.46;0
38522;38;Valjouffrey;204;168;167;33;36;53;19;9;2;11;0;2;2;0;0;36;1;19.76;21.56;31.74;11.38;5.39;1.2;6.59;0;1.2;1.2;0;0;17.65;0.6
38523;38;Varacieux;729;601;584;184;105;95;88;55;9;36;3;9;0;0;0;128;5;31.51;17.98;16.27;15.07;9.42;1.54;6.16;0.51;1.54;0;0;0;17.56;0.86
38524;38;Varces-Allières-et-Risset;5113;4120;4047;985;632;1153;729;233;33;197;32;32;15;6;0;993;13;24.34;15.62;28.49;18.01;5.76;0.82;4.87;0.79;0.79;0.37;0.15;0;19.42;0.32
38525;38;Vasselin;339;284;280;112;28;53;38;28;7;8;1;3;1;1;0;55;2;40;10;18.93;13.57;10;2.5;2.86;0.36;1.07;0.36;0.36;0;16.22;0.71
38526;38;Vatilieu;331;275;271;60;50;79;27;18;5;20;7;4;1;0;0;56;1;22.14;18.45;29.15;9.96;6.64;1.85;7.38;2.58;1.48;0.37;0;0;16.92;0.37
38527;38;Vaujany;398;322;320;74;56;99;66;6;5;12;1;1;0;0;0;76;2;23.13;17.5;30.94;20.63;1.88;1.56;3.75;0.31;0.31;0;0;0;19.1;0.63
38528;38;Vaulnaveys-le-Bas;979;803;790;183;155;222;124;36;11;49;5;3;2;0;0;176;2;23.16;19.62;28.1;15.7;4.56;1.39;6.2;0.63;0.38;0.25;0;0;17.98;0.25
38529;38;Vaulnaveys-le-Haut;3060;2411;2372;421;376;710;538;103;33;148;19;14;7;3;0;649;9;17.75;15.85;29.93;22.68;4.34;1.39;6.24;0.8;0.59;0.3;0.13;0;21.21;0.38
38530;38;Vaulx-Milieu;1846;1521;1495;379;248;372;259;110;12;86;8;13;8;0;0;325;4;25.35;16.59;24.88;17.32;7.36;0.8;5.75;0.54;0.87;0.54;0;0;17.61;0.27
38531;38;Velanne;402;327;318;81;57;84;49;20;2;14;8;3;0;0;0;75;2;25.47;17.92;26.42;15.41;6.29;0.63;4.4;2.52;0.94;0;0;0;18.66;0.63
38532;38;Vénérieu;583;490;482;157;57;101;93;34;5;20;6;5;3;1;0;93;0;32.57;11.83;20.95;19.29;7.05;1.04;4.15;1.24;1.04;0.62;0.21;0;15.95;0
38533;38;Venon;606;528;511;52;120;150;113;23;6;40;1;3;2;1;0;78;3;10.18;23.48;29.35;22.11;4.5;1.17;7.83;0.2;0.59;0.39;0.2;0;12.87;0.59
38535;38;Vernas;204;166;162;50;27;33;25;9;3;7;5;2;1;0;0;38;0;30.86;16.67;20.37;15.43;5.56;1.85;4.32;3.09;1.23;0.62;0;0;18.63;0
38536;38;Vernioz;944;797;771;245;135;181;96;55;8;37;5;6;2;1;0;147;9;31.78;17.51;23.48;12.45;7.13;1.04;4.8;0.65;0.78;0.26;0.13;0;15.57;1.17
38537;38;La Verpillière;4242;3242;3182;871;619;691;508;184;22;177;66;21;18;5;0;1000;13;27.37;19.45;21.72;15.96;5.78;0.69;5.56;2.07;0.66;0.57;0.16;0;23.57;0.41
38538;38;Le Versoud;3323;2776;2714;533;590;820;384;125;27;162;19;33;18;3;0;547;8;19.64;21.74;30.21;14.15;4.61;0.99;5.97;0.7;1.22;0.66;0.11;0;16.46;0.29
38539;38;Vertrieu;471;391;383;133;71;68;62;21;3;18;4;1;1;1;0;80;0;34.73;18.54;17.75;16.19;5.48;0.78;4.7;1.04;0.26;0.26;0.26;0;16.99;0
38540;38;Veurey-Voroize;1076;874;859;179;157;240;164;38;10;56;6;6;2;1;0;202;15;20.84;18.28;27.94;19.09;4.42;1.16;6.52;0.7;0.7;0.23;0.12;0;18.77;1.75
38542;38;Veyssilieu;282;239;230;52;43;45;47;25;2;13;0;0;1;2;0;43;2;22.61;18.7;19.57;20.43;10.87;0.87;5.65;0;0;0.43;0.87;0;15.25;0.87
38543;38;Vézeronce-Curtin;1657;1282;1257;467;199;225;205;79;10;46;14;9;3;0;0;375;5;37.15;15.83;17.9;16.31;6.28;0.8;3.66;1.11;0.72;0.24;0;0;22.63;0.4
38544;38;Vienne;18682;14279;13910;2483;2800;3657;2835;580;124;1017;169;155;71;19;0;4403;97;17.85;20.13;26.29;20.38;4.17;0.89;7.31;1.21;1.11;0.51;0.14;0;23.57;0.7
38545;38;Vif;6365;5184;5077;1408;877;1186;814;289;51;334;32;46;34;6;0;1181;17;27.73;17.27;23.36;16.03;5.69;1;6.58;0.63;0.91;0.67;0.12;0;18.55;0.33
38546;38;Vignieu;725;612;592;216;85;115;87;41;6;31;3;4;3;1;0;113;5;36.49;14.36;19.43;14.7;6.93;1.01;5.24;0.51;0.68;0.51;0.17;0;15.59;0.84
38547;38;Villard-Bonnot;5410;4124;4004;924;1035;1012;425;212;34;253;35;51;19;4;0;1286;21;23.08;25.85;25.27;10.61;5.29;0.85;6.32;0.87;1.27;0.47;0.1;0;23.77;0.52
38548;38;Villard-de-Lans;3772;3036;2967;424;595;779;699;151;27;194;45;30;17;6;0;736;16;14.29;20.05;26.26;23.56;5.09;0.91;6.54;1.52;1.01;0.57;0.2;0;19.51;0.54
38549;38;Villard-Notre-Dame;39;30;29;5;2;14;5;1;0;2;0;0;0;0;0;9;0;17.24;6.9;48.28;17.24;3.45;0;6.9;0;0;0;0;0;23.08;0
38550;38;Villard-Reculas;72;64;63;7;3;21;19;3;2;4;1;2;0;1;0;8;0;11.11;4.76;33.33;30.16;4.76;3.17;6.35;1.59;3.17;0;1.59;0;11.11;0
38551;38;Villard-Reymond;35;30;29;1;6;13;4;1;1;3;0;0;0;0;0;5;1;3.45;20.69;44.83;13.79;3.45;3.45;10.34;0;0;0;0;0;14.29;3.45
38552;38;Villard-Saint-Christophe;339;285;272;53;62;53;39;24;11;20;7;1;2;0;0;54;2;19.49;22.79;19.49;14.34;8.82;4.04;7.35;2.57;0.37;0.74;0;0;15.93;0.74
38553;38;Villefontaine;10709;7723;7528;1743;2170;1706;721;303;50;576;113;72;64;10;0;2986;72;23.15;28.83;22.66;9.58;4.02;0.66;7.65;1.5;0.96;0.85;0.13;0;27.88;0.96
38554;38;Villemoirieu;1371;1128;1096;283;149;241;223;90;15;60;13;13;8;1;0;243;3;25.82;13.59;21.99;20.35;8.21;1.37;5.47;1.19;1.19;0.73;0.09;0;17.72;0.27
38555;38;Villeneuve-de-Marc;846;676;645;236;93;114;96;50;9;30;7;5;5;0;0;170;7;36.59;14.42;17.67;14.88;7.75;1.4;4.65;1.09;0.78;0.78;0;0;20.09;1.09
38556;38;Ville-sous-Anjou;902;731;706;219;107;163;127;36;9;28;5;8;4;0;0;171;8;31.02;15.16;23.09;17.99;5.1;1.27;3.97;0.71;1.13;0.57;0;0;18.96;1.13
38557;38;Villette-d'Anthon;3172;2749;2691;895;298;581;628;175;18;61;12;12;8;3;0;423;7;33.26;11.07;21.59;23.34;6.5;0.67;2.27;0.45;0.45;0.3;0.11;0;13.34;0.26
38558;38;Villette-de-Vienne;1317;1128;1104;302;125;282;237;57;9;75;8;4;4;1;0;189;3;27.36;11.32;25.54;21.47;5.16;0.82;6.79;0.72;0.36;0.36;0.09;0;14.35;0.27
38559;38;Vinay;2878;2283;2229;585;436;469;379;132;28;123;33;22;15;7;0;595;10;26.24;19.56;21.04;17;5.92;1.26;5.52;1.48;0.99;0.67;0.31;0;20.67;0.45
38560;38;Virieu;725;574;569;154;117;121;98;31;5;28;5;3;5;2;0;151;1;27.07;20.56;21.27;17.22;5.45;0.88;4.92;0.88;0.53;0.88;0.35;0;20.83;0.18
38561;38;Viriville;1147;895;857;258;137;173;151;58;11;40;13;10;4;2;0;252;7;30.11;15.99;20.19;17.62;6.77;1.28;4.67;1.52;1.17;0.47;0.23;0;21.97;0.82
38562;38;Vizille;4961;3614;3530;942;914;738;391;174;41;204;39;51;29;7;0;1347;29;26.69;25.89;20.91;11.08;4.93;1.16;5.78;1.1;1.44;0.82;0.2;0;27.15;0.82
38563;38;Voiron;14942;11210;10908;1739;2205;3001;2189;488;98;868;125;104;63;28;0;3732;0;15.94;20.21;27.51;20.07;4.47;0.9;7.96;1.15;0.95;0.58;0.26;0;24.98;0
38564;38;Voissant;182;148;143;41;24;34;19;10;1;6;1;6;1;0;0;34;0;28.67;16.78;23.78;13.29;6.99;0.7;4.2;0.7;4.2;0.7;0;0;18.68;0
38565;38;Voreppe;6836;5725;5594;1046;1070;1586;1053;276;52;393;41;47;21;9;0;1111;23;18.7;19.13;28.35;18.82;4.93;0.93;7.03;0.73;0.84;0.38;0.16;0;16.25;0.41
38566;38;Vourey;1391;1122;1093;208;192;313;199;59;18;85;9;4;5;1;0;269;9;19.03;17.57;28.64;18.21;5.4;1.65;7.78;0.82;0.37;0.46;0.09;0;19.34;0.82
38567;38;Chamrousse;469;350;343;64;64;95;90;12;1;7;3;6;1;0;0;119;0;18.66;18.66;27.7;26.24;3.5;0.29;2.04;0.87;1.75;0.29;0;0;25.37;0