insee;dep;nom;nb_inscrits;nb_votants;nb_exprimes;nb_voix1;nb_voix2;nb_voix3;nb_voix4;nb_voix5;nb_voix6;nb_voix7;nb_voix8;nb_voix9;nb_voix10;nb_voix11;nb_voix12;nb_voix13;nb_voix14;voix_1;voix_2;voix_3;voix_4;voix_5;voix_6;voix_7;voix_8;voix_9;voix_10;voix_11;voix_12;voix_13;voix_14
44001;44;Abbaretz;1456;1219;1191;229;236;255;272;69;14;75;7;15;15;4;0;237;8;19.23;19.82;21.41;22.84;5.79;1.18;6.3;0.59;1.26;1.26;0.34;0;16.28;0.67
44002;44;Aigrefeuille-sur-Maine;2659;2345;2295;339;497;673;408;139;23;142;29;27;13;5;0;314;17;14.77;21.66;29.32;17.78;6.06;1;6.19;1.26;1.18;0.57;0.22;0;11.81;0.74
44003;44;Ancenis;5503;4553;4425;581;870;1324;960;227;28;307;19;66;35;8;0;950;31;13.13;19.66;29.92;21.69;5.13;0.63;6.94;0.43;1.49;0.79;0.18;0;17.26;0.7
44005;44;Chaumes-en-Retz;4629;3947;3849;797;755;920;760;259;42;188;35;50;33;10;0;682;24;20.71;19.62;23.9;19.75;6.73;1.09;4.88;0.91;1.3;0.86;0.26;0;14.73;0.62
44006;44;Assérac;1535;1280;1251;236;244;277;266;80;11;98;10;19;9;1;0;255;8;18.86;19.5;22.14;21.26;6.39;0.88;7.83;0.8;1.52;0.72;0.08;0;16.61;0.64
44007;44;Avessac;1795;1538;1501;315;315;312;324;74;12;90;12;29;14;4;0;257;13;20.99;20.99;20.79;21.59;4.93;0.8;6;0.8;1.93;0.93;0.27;0;14.32;0.87
44009;44;Basse-Goulaine;7264;6411;6285;530;1063;2255;1464;312;41;487;42;59;19;13;0;853;34;8.43;16.91;35.88;23.29;4.96;0.65;7.75;0.67;0.94;0.3;0.21;0;11.74;0.54
44010;44;Batz-sur-Mer;2796;2271;2222;333;406;555;604;90;26;134;26;32;11;5;0;525;10;14.99;18.27;24.98;27.18;4.05;1.17;6.03;1.17;1.44;0.5;0.23;0;18.78;0.45
44012;44;La Bernerie-en-Retz;2633;2253;2204;344;349;633;552;126;20;130;5;31;9;5;0;380;12;15.61;15.83;28.72;25.05;5.72;0.91;5.9;0.23;1.41;0.41;0.23;0;14.43;0.54
44013;44;Besné;2156;1802;1740;376;457;398;229;74;17;121;16;33;18;1;0;354;18;21.61;26.26;22.87;13.16;4.25;0.98;6.95;0.92;1.9;1.03;0.06;0;16.42;1.03
44014;44;Le Bignon;2804;2416;2353;352;485;686;448;145;21;169;7;23;13;4;0;388;18;14.96;20.61;29.15;19.04;6.16;0.89;7.18;0.3;0.98;0.55;0.17;0;13.84;0.76
44015;44;Blain;7055;5859;5639;1012;1304;1465;914;290;50;436;36;91;34;7;0;1196;0;17.95;23.12;25.98;16.21;5.14;0.89;7.73;0.64;1.61;0.6;0.12;0;16.95;0
44016;44;La Boissière-du-Doré;726;650;624;147;122;125;127;56;2;31;5;4;2;3;0;76;4;23.56;19.55;20.03;20.35;8.97;0.32;4.97;0.8;0.64;0.32;0.48;0;10.47;0.64
44017;44;Bonnoeuvre;451;385;372;97;65;56;79;21;1;29;2;13;8;1;0;66;5;26.08;17.47;15.05;21.24;5.65;0.27;7.8;0.54;3.49;2.15;0.27;0;14.63;1.34
44018;44;Bouaye;5666;5037;4927;599;1078;1663;835;240;35;365;27;49;30;6;0;629;25;12.16;21.88;33.75;16.95;4.87;0.71;7.41;0.55;0.99;0.61;0.12;0;11.1;0.51
44019;44;Bouée;732;630;610;132;149;161;64;45;2;28;5;16;6;2;0;102;5;21.64;24.43;26.39;10.49;7.38;0.33;4.59;0.82;2.62;0.98;0.33;0;13.93;0.82
44020;44;Bouguenais;14003;11686;11402;1529;3106;3391;1399;523;77;1055;86;143;77;16;0;2317;84;13.41;27.24;29.74;12.27;4.59;0.68;9.25;0.75;1.25;0.68;0.14;0;16.55;0.74
44021;44;Villeneuve-en-Retz;3577;2956;2881;724;449;578;620;240;26;140;21;56;20;7;0;621;21;25.13;15.58;20.06;21.52;8.33;0.9;4.86;0.73;1.94;0.69;0.24;0;17.36;0.73
44022;44;Boussay;1986;1727;1666;301;301;416;375;95;27;89;16;17;21;8;0;259;30;18.07;18.07;24.97;22.51;5.7;1.62;5.34;0.96;1.02;1.26;0.48;0;13.04;1.8
44023;44;Bouvron;2045;1787;1742;309;384;427;331;101;9;133;13;24;11;0;0;258;17;17.74;22.04;24.51;19;5.8;0.52;7.63;0.75;1.38;0.63;0;0;12.62;0.98
44024;44;Brains;2127;1906;1850;266;494;503;275;99;16;145;11;33;7;1;0;221;16;14.38;26.7;27.19;14.86;5.35;0.86;7.84;0.59;1.78;0.38;0.05;0;10.39;0.86
44025;44;Campbon;2789;2482;2406;395;501;624;382;147;33;235;22;45;18;4;0;307;20;16.42;20.82;25.94;15.88;6.11;1.37;9.77;0.91;1.87;0.75;0.17;0;11.01;0.83
44026;44;Carquefou;14823;12478;12209;1068;2129;4327;2993;549;94;791;83;113;47;15;0;2345;68;8.75;17.44;35.44;24.51;4.5;0.77;6.48;0.68;0.93;0.38;0.12;0;15.82;0.56
44027;44;Casson;1573;1342;1302;230;267;341;187;86;13;134;15;19;7;3;0;231;4;17.67;20.51;26.19;14.36;6.61;1;10.29;1.15;1.46;0.54;0.23;0;14.69;0.31
44028;44;Le Cellier;2920;2494;2442;343;521;709;518;105;20;162;17;30;13;4;0;426;16;14.05;21.33;29.03;21.21;4.3;0.82;6.63;0.7;1.23;0.53;0.16;0;14.59;0.66
44029;44;Divatte-sur-Loire;5171;4380;4240;843;836;1096;830;200;34;282;34;52;26;7;0;791;48;19.88;19.72;25.85;19.58;4.72;0.8;6.65;0.8;1.23;0.61;0.17;0;15.3;1.13
44030;44;La Chapelle-des-Marais;2790;2459;2386;483;543;640;329;118;27;159;24;34;26;3;0;331;21;20.24;22.76;26.82;13.79;4.95;1.13;6.66;1.01;1.42;1.09;0.13;0;11.86;0.88
44031;44;La Chapelle-Glain;551;449;436;94;52;72;151;22;13;13;3;12;4;0;0;102;2;21.56;11.93;16.51;34.63;5.05;2.98;2.98;0.69;2.75;0.92;0;0;18.51;0.46
44032;44;La Chapelle-Heulin;2343;1995;1935;278;384;634;348;123;11;123;10;7;13;4;0;348;13;14.37;19.84;32.76;17.98;6.36;0.57;6.36;0.52;0.36;0.67;0.21;0;14.85;0.67
44033;44;La Chapelle-Launay;2260;1973;1914;322;435;550;261;101;20;162;13;22;25;3;0;287;15;16.82;22.73;28.74;13.64;5.28;1.04;8.46;0.68;1.15;1.31;0.16;0;12.7;0.78
44035;44;La Chapelle-sur-Erdre;15792;13526;13276;1170;2675;4819;2479;538;75;1239;107;119;37;18;0;2266;54;8.81;20.15;36.3;18.67;4.05;0.56;9.33;0.81;0.9;0.28;0.14;0;14.35;0.41
44036;44;Châteaubriant;8871;7019;6856;1032;1197;1951;1632;320;64;431;61;91;56;21;0;1852;47;15.05;17.46;28.46;23.8;4.67;0.93;6.29;0.89;1.33;0.82;0.31;0;20.88;0.69
44037;44;Château-Thébaud;2209;1959;1914;316;371;549;385;121;14;125;12;11;8;2;0;250;9;16.51;19.38;28.68;20.11;6.32;0.73;6.53;0.63;0.57;0.42;0.1;0;11.32;0.47
44038;44;Chauvé;2070;1753;1698;446;290;317;357;113;29;86;20;22;15;3;0;317;27;26.27;17.08;18.67;21.02;6.65;1.71;5.06;1.18;1.3;0.88;0.18;0;15.31;1.59
44039;44;Cheix-en-Retz;745;657;640;122;162;154;111;25;7;27;7;15;6;4;0;88;4;19.06;25.31;24.06;17.34;3.91;1.09;4.22;1.09;2.34;0.94;0.63;0;11.81;0.63
44041;44;La Chevrolière;4256;3683;3559;647;760;931;640;210;39;234;26;37;23;12;0;573;28;18.18;21.35;26.16;17.98;5.9;1.1;6.57;0.73;1.04;0.65;0.34;0;13.46;0.79
44043;44;Clisson;5313;4595;4496;470;919;1355;1032;185;36;385;25;51;26;12;0;718;25;10.45;20.44;30.14;22.95;4.11;0.8;8.56;0.56;1.13;0.58;0.27;0;13.51;0.56
44044;44;Conquereuil;794;674;657;171;146;122;121;42;6;31;9;7;1;1;0;120;3;26.03;22.22;18.57;18.42;6.39;0.91;4.72;1.37;1.07;0.15;0.15;0;15.11;0.46
44045;44;Cordemais;2691;2280;2220;484;523;575;277;111;18;175;15;21;18;3;0;411;12;21.8;23.56;25.9;12.48;5;0.81;7.88;0.68;0.95;0.81;0.14;0;15.27;0.54
44046;44;Corsept;2101;1717;1663;374;421;357;225;104;15;106;16;31;13;1;0;384;13;22.49;25.32;21.47;13.53;6.25;0.9;6.37;0.96;1.86;0.78;0.06;0;18.28;0.78
44047;44;Couëron;15836;13021;12579;1792;3581;3659;1403;576;63;1205;80;145;59;16;0;2815;0;14.25;28.47;29.09;11.15;4.58;0.5;9.58;0.64;1.15;0.47;0.13;0;17.78;0
44048;44;Couffé;1838;1567;1514;258;340;357;330;107;9;70;4;28;10;1;0;271;14;17.04;22.46;23.58;21.8;7.07;0.59;4.62;0.26;1.85;0.66;0.07;0;14.74;0.92
44049;44;Le Croisic;3790;3026;2978;449;431;780;945;133;25;142;16;39;12;6;0;764;12;15.08;14.47;26.19;31.73;4.47;0.84;4.77;0.54;1.31;0.4;0.2;0;20.16;0.4
44050;44;Crossac;2114;1818;1776;371;475;423;220;100;22;107;10;35;8;5;0;296;11;20.89;26.75;23.82;12.39;5.63;1.24;6.02;0.56;1.97;0.45;0.28;0;14;0.62
44051;44;Derval;2291;1885;1829;331;358;499;369;94;10;115;7;30;10;6;0;406;17;18.1;19.57;27.28;20.17;5.14;0.55;6.29;0.38;1.64;0.55;0.33;0;17.72;0.93
44052;44;Donges;5264;4283;4171;986;1160;937;430;201;25;277;27;71;48;9;0;981;32;23.64;27.81;22.46;10.31;4.82;0.6;6.64;0.65;1.7;1.15;0.22;0;18.64;0.77
44053;44;Drefféac;1555;1382;1331;309;309;329;147;84;8;82;21;21;13;8;0;173;9;23.22;23.22;24.72;11.04;6.31;0.6;6.16;1.58;1.58;0.98;0.6;0;11.13;0.68
44054;44;Erbray;2259;1909;1848;368;345;487;355;116;23;99;8;33;13;1;0;350;18;19.91;18.67;26.35;19.21;6.28;1.24;5.36;0.43;1.79;0.7;0.05;0;15.49;0.97
44055;44;La Baule-Escoublac;14997;12582;12390;1296;1203;3104;5581;457;82;468;76;74;34;15;0;2415;56;10.46;9.71;25.05;45.04;3.69;0.66;3.78;0.61;0.6;0.27;0.12;0;16.1;0.45
44056;44;Fay-de-Bretagne;2490;2170;2104;373;498;482;374;141;26;143;13;39;12;3;0;320;12;17.73;23.67;22.91;17.78;6.7;1.24;6.8;0.62;1.85;0.57;0.14;0;12.85;0.57
44057;44;Fégréac;1713;1471;1427;306;286;331;247;78;16;101;14;31;14;3;0;242;12;21.44;20.04;23.2;17.31;5.47;1.12;7.08;0.98;2.17;0.98;0.21;0;14.13;0.84
44058;44;Fercé;335;287;278;67;59;63;49;12;0;17;3;4;4;0;0;48;3;24.1;21.22;22.66;17.63;4.32;0;6.12;1.08;1.44;1.44;0;0;14.33;1.08
44061;44;Frossay;2281;1914;1861;386;378;383;407;127;25;93;17;30;12;3;0;367;8;20.74;20.31;20.58;21.87;6.82;1.34;5;0.91;1.61;0.64;0.16;0;16.09;0.43
44062;44;Le Gâvre;1256;1049;1026;207;234;234;135;68;15;90;14;19;5;5;0;207;9;20.18;22.81;22.81;13.16;6.63;1.46;8.77;1.36;1.85;0.49;0.49;0;16.48;0.88
44063;44;Gétigné;2740;2396;2320;371;460;637;493;149;21;121;18;34;14;2;0;344;25;15.99;19.83;27.46;21.25;6.42;0.91;5.22;0.78;1.47;0.6;0.09;0;12.55;1.08
44064;44;Gorges;3208;2833;2757;372;532;806;576;177;19;205;17;39;12;2;0;375;23;13.49;19.3;29.23;20.89;6.42;0.69;7.44;0.62;1.41;0.44;0.07;0;11.69;0.83
44065;44;Grand-Auverné;569;493;475;104;66;105;132;26;2;22;5;8;4;1;0;76;9;21.89;13.89;22.11;27.79;5.47;0.42;4.63;1.05;1.68;0.84;0.21;0;13.36;1.89
44066;44;Grandchamps-des-Fontaines;4105;3597;3482;551;796;997;589;146;22;283;35;40;14;9;0;508;18;15.82;22.86;28.63;16.92;4.19;0.63;8.13;1.01;1.15;0.4;0.26;0;12.38;0.52
44067;44;Guémené-Penfao;3804;3192;3112;567;698;755;609;148;27;193;25;45;32;13;0;612;33;18.22;22.43;24.26;19.57;4.76;0.87;6.2;0.8;1.45;1.03;0.42;0;16.09;1.06
44068;44;Guenrouet;2417;2020;1966;440;480;414;326;92;14;127;13;42;13;5;0;397;10;22.38;24.42;21.06;16.58;4.68;0.71;6.46;0.66;2.14;0.66;0.25;0;16.43;0.51
44069;44;Guérande;13956;11539;11312;1513;1993;3093;3147;462;90;704;81;143;61;25;0;2417;61;13.38;17.62;27.34;27.82;4.08;0.8;6.22;0.72;1.26;0.54;0.22;0;17.32;0.54
44070;44;La Haie-Fouassière;3565;3087;3031;373;720;903;518;168;29;257;21;21;15;6;0;478;10;12.31;23.75;29.79;17.09;5.54;0.96;8.48;0.69;0.69;0.49;0.2;0;13.41;0.33
44071;44;Haute-Goulaine;4642;4096;4003;458;652;1335;970;207;31;258;25;52;10;5;0;546;23;11.44;16.29;33.35;24.23;5.17;0.77;6.45;0.62;1.3;0.25;0.12;0;11.76;0.57
44072;44;Herbignac;4975;4298;4181;876;844;1051;757;209;44;260;28;61;44;7;0;677;52;20.95;20.19;25.14;18.11;5;1.05;6.22;0.67;1.46;1.05;0.17;0;13.61;1.24
44073;44;Héric;4347;3781;3671;697;758;944;650;231;46;233;29;52;29;2;0;566;20;18.99;20.65;25.72;17.71;6.29;1.25;6.35;0.79;1.42;0.79;0.05;0;13.02;0.54
44074;44;Indre;2787;2379;2334;289;743;671;198;79;26;264;12;33;16;3;0;408;12;12.38;31.83;28.75;8.48;3.38;1.11;11.31;0.51;1.41;0.69;0.13;0;14.64;0.51
44075;44;Issé;1345;1166;1128;302;164;252;247;40;15;59;9;26;11;3;0;179;15;26.77;14.54;22.34;21.9;3.55;1.33;5.23;0.8;2.3;0.98;0.27;0;13.31;1.33
44076;44;Jans;973;805;788;168;149;176;148;51;15;50;12;14;4;1;0;168;9;21.32;18.91;22.34;18.78;6.47;1.9;6.35;1.52;1.78;0.51;0.13;0;17.27;1.14
44077;44;Joué-sur-Erdre;1701;1465;1411;288;332;297;254;74;20;109;5;20;9;3;0;236;13;20.41;23.53;21.05;18;5.24;1.42;7.73;0.35;1.42;0.64;0.21;0;13.87;0.92
44078;44;Juigné-des-Moutiers;272;234;228;93;34;19;52;11;1;12;2;0;4;0;0;38;3;40.79;14.91;8.33;22.81;4.82;0.44;5.26;0.88;0;1.75;0;0;13.97;1.32
44079;44;Le Landreau;2172;1844;1794;360;308;454;390;101;17;111;9;24;16;4;0;328;10;20.07;17.17;25.31;21.74;5.63;0.95;6.19;0.5;1.34;0.89;0.22;0;15.1;0.56
44080;44;Lavau-sur-Loire;534;486;478;66;160;117;65;13;0;46;3;5;2;1;0;48;1;13.81;33.47;24.48;13.6;2.72;0;9.62;0.63;1.05;0.42;0.21;0;8.99;0.21
44081;44;Legé;3222;2704;2617;668;434;562;564;168;18;136;16;22;26;3;0;518;38;25.53;16.58;21.47;21.55;6.42;0.69;5.2;0.61;0.84;0.99;0.11;0;16.08;1.45
44082;44;Ligné;3522;3049;2931;564;566;802;491;202;27;172;28;52;23;4;0;473;37;19.24;19.31;27.36;16.75;6.89;0.92;5.87;0.96;1.77;0.78;0.14;0;13.43;1.26
44083;44;La Limouzinière;1569;1326;1281;291;225;280;255;88;11;74;10;29;14;4;0;243;12;22.72;17.56;21.86;19.91;6.87;0.86;5.78;0.78;2.26;1.09;0.31;0;15.49;0.94
44084;44;Le Loroux-Bottereau;5731;5066;4930;823;965;1425;931;297;34;325;43;47;35;5;0;665;47;16.69;19.57;28.9;18.88;6.02;0.69;6.59;0.87;0.95;0.71;0.1;0;11.6;0.95
44085;44;Louisfert;721;643;626;145;110;150;111;40;4;40;3;11;12;0;0;78;5;23.16;17.57;23.96;17.73;6.39;0.64;6.39;0.48;1.76;1.92;0;0;10.82;0.8
44086;44;Lusanger;770;620;601;125;100;137;130;33;10;36;9;13;7;1;0;150;10;20.8;16.64;22.8;21.63;5.49;1.66;5.99;1.5;2.16;1.16;0.17;0;19.48;1.66
44087;44;Machecoul-Saint-Même;5735;4746;4629;852;790;1116;1150;313;53;244;29;41;33;8;0;989;52;18.41;17.07;24.11;24.84;6.76;1.14;5.27;0.63;0.89;0.71;0.17;0;17.24;1.12
44088;44;Maisdon-sur-Sèvre;2135;1801;1759;252;402;512;268;91;15;139;18;37;18;7;0;334;12;14.33;22.85;29.11;15.24;5.17;0.85;7.9;1.02;2.1;1.02;0.4;0;15.64;0.68
44089;44;Malville;2419;2120;2068;414;569;487;217;126;15;184;13;25;13;5;0;299;10;20.02;27.51;23.55;10.49;6.09;0.73;8.9;0.63;1.21;0.63;0.24;0;12.36;0.48
44090;44;La Marne;1005;815;790;179;137;148;186;67;10;32;6;16;6;3;0;190;7;22.66;17.34;18.73;23.54;8.48;1.27;4.05;0.76;2.03;0.76;0.38;0;18.91;0.89
44091;44;Marsac-sur-Don;1145;966;928;174;227;178;176;45;6;83;15;14;8;2;0;179;28;18.75;24.46;19.18;18.97;4.85;0.65;8.94;1.62;1.51;0.86;0.22;0;15.63;3.02
44092;44;Massérac;524;419;405;93;124;80;52;18;6;16;4;7;4;1;0;105;5;22.96;30.62;19.75;12.84;4.44;1.48;3.95;0.99;1.73;0.99;0.25;0;20.04;1.23
44093;44;Maumusson;761;648;623;122;93;139;172;33;12;28;11;12;1;0;0;113;6;19.58;14.93;22.31;27.61;5.3;1.93;4.49;1.77;1.93;0.16;0;0;14.85;0.96
44094;44;Mauves-sur-Loire;2384;2120;2070;253;473;607;404;111;14;156;11;23;15;3;0;264;12;12.22;22.85;29.32;19.52;5.36;0.68;7.54;0.53;1.11;0.72;0.14;0;11.07;0.58
44095;44;La Meilleraye-de-Bretagne;953;810;787;182;125;180;172;52;14;36;9;7;9;1;0;143;5;23.13;15.88;22.87;21.86;6.61;1.78;4.57;1.14;0.89;1.14;0.13;0;15.01;0.64
44096;44;Mésanger;3401;2878;2786;596;488;663;572;208;21;161;17;37;20;3;0;523;24;21.39;17.52;23.8;20.53;7.47;0.75;5.78;0.61;1.33;0.72;0.11;0;15.38;0.86
44097;44;Mesquer;1972;1706;1675;187;296;446;536;69;14;83;9;18;15;2;0;266;8;11.16;17.67;26.63;32;4.12;0.84;4.96;0.54;1.07;0.9;0.12;0;13.49;0.48
44098;44;Missillac;3652;3102;3026;669;630;752;522;178;22;142;34;57;15;5;0;550;21;22.11;20.82;24.85;17.25;5.88;0.73;4.69;1.12;1.88;0.5;0.17;0;15.06;0.69
44099;44;Moisdon-la-Rivière;1436;1230;1193;200;185;275;360;59;16;75;4;10;7;2;0;206;18;16.76;15.51;23.05;30.18;4.95;1.34;6.29;0.34;0.84;0.59;0.17;0;14.35;1.51
44100;44;Monnières;1618;1430;1382;175;292;363;315;77;18;97;12;19;10;4;0;188;9;12.66;21.13;26.27;22.79;5.57;1.3;7.02;0.87;1.37;0.72;0.29;0;11.62;0.65
44101;44;La Montagne;4794;3999;3904;506;1283;1081;380;184;20;337;24;49;35;5;0;795;21;12.96;32.86;27.69;9.73;4.71;0.51;8.63;0.61;1.26;0.9;0.13;0;16.58;0.54
44102;44;Montbert;2267;1928;1866;279;365;504;381;146;17;129;15;15;12;3;0;339;13;14.95;19.56;27.01;20.42;7.82;0.91;6.91;0.8;0.8;0.64;0.16;0;14.95;0.7
44103;44;Montoir-de-Bretagne;4836;3986;3888;917;1164;881;317;200;29;241;29;59;47;4;0;850;26;23.59;29.94;22.66;8.15;5.14;0.75;6.2;0.75;1.52;1.21;0.1;0;17.58;0.67
44104;44;Montrelais;610;527;506;109;112;113;91;34;5;26;4;8;4;0;0;83;5;21.54;22.13;22.33;17.98;6.72;0.99;5.14;0.79;1.58;0.79;0;0;13.61;0.99
44105;44;Mouais;269;215;207;46;42;56;33;12;0;9;1;8;0;0;0;54;3;22.22;20.29;27.05;15.94;5.8;0;4.35;0.48;3.86;0;0;0;20.07;1.45
44106;44;Les Moutiers-en-Retz;1425;1221;1197;182;232;317;296;52;17;81;6;5;8;1;0;204;11;15.2;19.38;26.48;24.73;4.34;1.42;6.77;0.5;0.42;0.67;0.08;0;14.32;0.92
44107;44;Mouzeil;1377;1170;1143;255;258;250;166;86;11;78;8;19;8;4;0;207;8;22.31;22.57;21.87;14.52;7.52;0.96;6.82;0.7;1.66;0.7;0.35;0;15.03;0.7
44108;44;Mouzillon;1985;1770;1722;269;367;426;371;112;16;104;15;22;12;8;0;215;13;15.62;21.31;24.74;21.54;6.5;0.93;6.04;0.87;1.28;0.7;0.46;0;10.83;0.75
44109;44;Nantes;187820;152010;149462;10644;38074;46072;30259;3713;786;16409;1253;1462;576;214;0;35810;606;7.12;25.47;30.83;20.25;2.48;0.53;10.98;0.84;0.98;0.39;0.14;0;19.07;0.41
44110;44;Nort-sur-Erdre;6357;5416;5260;774;1078;1592;936;257;50;423;29;75;38;8;0;941;34;14.71;20.49;30.27;17.79;4.89;0.95;8.04;0.55;1.43;0.72;0.15;0;14.8;0.65
44111;44;Notre-Dame-des-Landes;1574;1332;1307;242;400;246;172;78;16;115;12;16;9;1;0;242;4;18.52;30.6;18.82;13.16;5.97;1.22;8.8;0.92;1.22;0.69;0.08;0;15.37;0.31
44112;44;Noyal-sur-Brutz;438;373;360;83;49;93;68;35;3;12;3;9;5;0;0;65;6;23.06;13.61;25.83;18.89;9.72;0.83;3.33;0.83;2.5;1.39;0;0;14.84;1.67
44113;44;Nozay;2723;2379;2302;364;433;596;532;129;17;157;11;47;12;4;0;344;24;15.81;18.81;25.89;23.11;5.6;0.74;6.82;0.48;2.04;0.52;0.17;0;12.63;1.04
44114;44;Orvault;20127;16617;16262;1465;3050;5794;3626;614;91;1336;97;116;47;26;0;3510;0;9.01;18.76;35.63;22.3;3.78;0.56;8.22;0.6;0.71;0.29;0.16;0;17.44;0
44115;44;Oudon;2849;2420;2370;327;551;696;416;96;16;198;13;37;18;2;0;429;18;13.8;23.25;29.37;17.55;4.05;0.68;8.35;0.55;1.56;0.76;0.08;0;15.06;0.76
44116;44;Paimboeuf;2011;1633;1596;281;438;370;218;80;16;124;14;34;18;3;0;378;15;17.61;27.44;23.18;13.66;5.01;1;7.77;0.88;2.13;1.13;0.19;0;18.8;0.94
44117;44;Le Pallet;2253;1991;1920;268;459;548;319;116;12;148;11;22;13;4;0;262;19;13.96;23.91;28.54;16.61;6.04;0.63;7.71;0.57;1.15;0.68;0.21;0;11.63;0.99
44118;44;Pannecé;916;814;790;195;171;152;148;43;4;59;6;5;7;0;0;102;10;24.68;21.65;19.24;18.73;5.44;0.51;7.47;0.76;0.63;0.89;0;0;11.14;1.27
44119;44;Paulx;1316;1154;1129;260;203;225;251;92;13;52;10;12;6;5;0;162;7;23.03;17.98;19.93;22.23;8.15;1.15;4.61;0.89;1.06;0.53;0.44;0;12.31;0.62
44120;44;Le Pellerin;3639;3024;2954;514;829;723;385;122;25;269;21;40;21;5;0;615;37;17.4;28.06;24.48;13.03;4.13;0.85;9.11;0.71;1.35;0.71;0.17;0;16.9;1.25
44121;44;Petit-Auverné;314;262;256;57;35;56;74;8;1;15;0;4;6;0;0;52;0;22.27;13.67;21.88;28.91;3.13;0.39;5.86;0;1.56;2.34;0;0;16.56;0
44122;44;Petit-Mars;2629;2274;2186;422;397;636;350;157;12;141;20;31;18;2;0;355;23;19.3;18.16;29.09;16.01;7.18;0.55;6.45;0.91;1.42;0.82;0.09;0;13.5;1.05
44123;44;Pierric;711;595;588;171;109;120;99;22;3;31;13;10;8;2;0;116;3;29.08;18.54;20.41;16.84;3.74;0.51;5.27;2.21;1.7;1.36;0.34;0;16.32;0.51
44124;44;Le Pin;527;443;430;97;63;86;124;27;1;15;6;8;2;1;0;84;2;22.56;14.65;20;28.84;6.28;0.23;3.49;1.4;1.86;0.47;0.23;0;15.94;0.47
44125;44;Piriac-sur-Mer;2232;1914;1881;268;256;530;625;67;15;78;8;20;8;6;0;318;6;14.25;13.61;28.18;33.23;3.56;0.8;4.15;0.43;1.06;0.43;0.32;0;14.25;0.32
44126;44;La Plaine-sur-Mer;3493;2923;2850;676;526;610;639;183;26;139;15;15;18;3;0;570;14;23.72;18.46;21.4;22.42;6.42;0.91;4.88;0.53;0.53;0.63;0.11;0;16.32;0.49
44127;44;La Planche;1885;1597;1547;308;270;397;302;104;14;91;13;34;10;4;0;288;15;19.91;17.45;25.66;19.52;6.72;0.9;5.88;0.84;2.2;0.65;0.26;0;15.28;0.97
44128;44;Plessé;3725;3082;3009;599;754;721;443;168;30;188;20;54;26;6;0;643;31;19.91;25.06;23.96;14.72;5.58;1;6.25;0.66;1.79;0.86;0.2;0;17.26;1.03
44129;44;Pontchâteau;7605;6406;6235;1169;1355;1729;984;353;56;376;58;102;40;13;0;1199;34;18.75;21.73;27.73;15.78;5.66;0.9;6.03;0.93;1.64;0.64;0.21;0;15.77;0.55
44130;44;Pont-Saint-Martin;4644;3929;3827;590;782;1178;709;201;12;265;22;39;20;9;0;715;28;15.42;20.43;30.78;18.53;5.25;0.31;6.92;0.57;1.02;0.52;0.24;0;15.4;0.73
44131;44;Pornic;13811;11695;11460;1546;1790;3082;3500;548;93;632;80;119;49;21;0;2116;67;13.49;15.62;26.89;30.54;4.78;0.81;5.51;0.7;1.04;0.43;0.18;0;15.32;0.58
44132;44;Pornichet;10074;8438;8259;929;1202;2577;2592;309;44;438;59;79;22;8;0;1636;0;11.25;14.55;31.2;31.38;3.74;0.53;5.3;0.71;0.96;0.27;0.1;0;16.24;0
44133;44;Port-Saint-Père;2188;1887;1832;336;408;464;346;83;9;135;19;20;7;5;0;301;9;18.34;22.27;25.33;18.89;4.53;0.49;7.37;1.04;1.09;0.38;0.27;0;13.76;0.49
44134;44;Pouillé-les-Côteaux;716;621;588;160;116;102;108;49;2;32;4;10;5;0;0;95;13;27.21;19.73;17.35;18.37;8.33;0.34;5.44;0.68;1.7;0.85;0;0;13.27;2.21
44135;44;Le Pouliguen;4437;3660;3589;434;424;917;1419;131;26;136;56;25;14;7;0;777;15;12.09;11.81;25.55;39.54;3.65;0.72;3.79;1.56;0.7;0.39;0.2;0;17.51;0.42
44136;44;Préfailles;1412;1183;1165;161;163;308;414;36;7;54;5;11;5;1;0;229;4;13.82;13.99;26.44;35.54;3.09;0.6;4.64;0.43;0.94;0.43;0.09;0;16.22;0.34
44137;44;Prinquiau;2334;2046;1996;408;440;527;297;125;13;131;9;24;16;6;0;288;15;20.44;22.04;26.4;14.88;6.26;0.65;6.56;0.45;1.2;0.8;0.3;0;12.34;0.75
44138;44;Puceul;702;606;592;104;127;162;103;39;4;33;5;9;5;1;0;96;3;17.57;21.45;27.36;17.4;6.59;0.68;5.57;0.84;1.52;0.84;0.17;0;13.68;0.51
44139;44;Quilly;928;791;765;180;198;168;103;39;4;47;7;18;1;0;0;137;25;23.53;25.88;21.96;13.46;5.1;0.52;6.14;0.92;2.35;0.13;0;0;14.76;3.27
44140;44;La Regrippière;1105;935;895;217;148;217;133;89;4;54;5;14;14;0;0;170;14;24.25;16.54;24.25;14.86;9.94;0.45;6.03;0.56;1.56;1.56;0;0;15.38;1.56
44141;44;La Remaudière;787;684;648;157;104;152;124;45;8;43;4;4;6;1;0;103;5;24.23;16.05;23.46;19.14;6.94;1.23;6.64;0.62;0.62;0.93;0.15;0;13.09;0.77
44142;44;Remouillé;1325;1167;1128;184;216;322;218;74;7;69;10;19;7;2;0;158;12;16.31;19.15;28.55;19.33;6.56;0.62;6.12;0.89;1.68;0.62;0.18;0;11.92;1.06
44143;44;Rezé;30059;23979;23482;2414;6846;6938;2839;777;137;2808;212;313;156;42;0;6080;119;10.28;29.15;29.55;12.09;3.31;0.58;11.96;0.9;1.33;0.66;0.18;0;20.23;0.51
44144;44;Riaillé;1564;1341;1287;245;251;318;271;63;15;79;13;16;12;4;0;223;6;19.04;19.5;24.71;21.06;4.9;1.17;6.14;1.01;1.24;0.93;0.31;0;14.26;0.47
44145;44;Rouans;2098;1778;1719;342;396;400;322;92;17;93;14;23;19;1;0;320;12;19.9;23.04;23.27;18.73;5.35;0.99;5.41;0.81;1.34;1.11;0.06;0;15.25;0.7
44146;44;Rougé;1718;1432;1388;304;227;324;315;83;12;72;8;23;18;2;0;286;13;21.9;16.35;23.34;22.69;5.98;0.86;5.19;0.58;1.66;1.3;0.14;0;16.65;0.94
44148;44;Ruffigné;425;375;359;88;54;93;80;16;1;18;2;5;2;0;0;50;6;24.51;15.04;25.91;22.28;4.46;0.28;5.01;0.56;1.39;0.56;0;0;11.76;1.67
44149;44;Saffré;2804;2363;2295;454;588;540;340;113;20;166;21;29;18;6;0;441;20;19.78;25.62;23.53;14.81;4.92;0.87;7.23;0.92;1.26;0.78;0.26;0;15.73;0.87
44150;44;Saint-Aignan-Grandlieu;3186;2791;2696;458;626;760;431;145;20;189;26;29;11;1;0;395;26;16.99;23.22;28.19;15.99;5.38;0.74;7.01;0.96;1.08;0.41;0.04;0;12.4;0.96
44151;44;Saint-André-des-Eaux;4859;4214;4105;623;713;1170;1017;268;24;180;35;54;17;4;0;645;24;15.18;17.37;28.5;24.77;6.53;0.58;4.38;0.85;1.32;0.41;0.1;0;13.27;0.58
44152;44;Sainte-Anne-sur-Brivet;2094;1784;1740;319;418;429;242;106;16;146;18;30;15;1;0;310;11;18.33;24.02;24.66;13.91;6.09;0.92;8.39;1.03;1.72;0.86;0.06;0;14.8;0.63
44153;44;Saint-Aubin-des-Châteaux;1223;1053;1011;246;196;236;182;58;16;41;9;17;9;1;0;170;16;24.33;19.39;23.34;18;5.74;1.58;4.06;0.89;1.68;0.89;0.1;0;13.9;1.58
44154;44;Saint-Brevin-les-Pins;10759;9049;8841;1442;1749;2460;1838;464;66;598;76;84;51;13;0;1710;57;16.31;19.78;27.82;20.79;5.25;0.75;6.76;0.86;0.95;0.58;0.15;0;15.89;0.64
44155;44;Saint-Colomban;2195;1917;1853;378;376;418;378;124;31;93;8;31;11;5;0;278;17;20.4;20.29;22.56;20.4;6.69;1.67;5.02;0.43;1.67;0.59;0.27;0;12.67;0.92
44156;44;Corcoué-sur-Logne;1956;1640;1593;305;343;361;332;86;16;96;16;22;16;0;0;316;16;19.15;21.53;22.66;20.84;5.4;1;6.03;1;1.38;1;0;0;16.16;1
44157;44;Saint-Etienne-de-Mer-Morte;1136;927;902;201;149;195;217;69;4;40;5;11;9;2;0;209;9;22.28;16.52;21.62;24.06;7.65;0.44;4.43;0.55;1.22;1;0.22;0;18.4;1
44158;44;Saint-Etienne-de-Montluc;5569;4804;4704;601;974;1353;1000;236;35;394;31;49;23;8;0;765;18;12.78;20.71;28.76;21.26;5.02;0.74;8.38;0.66;1.04;0.49;0.17;0;13.74;0.38
44159;44;Saint-Fiacre-sur-Maine;959;848;833;80;182;278;175;35;6;61;5;7;4;0;0;111;9;9.6;21.85;33.37;21.01;4.2;0.72;7.32;0.6;0.84;0.48;0;0;11.57;1.08
44160;44;Saint-Géréon;2442;2135;2080;291;360;674;430;110;15;148;9;19;19;5;0;307;13;13.99;17.31;32.4;20.67;5.29;0.72;7.12;0.43;0.91;0.91;0.24;0;12.57;0.63
44161;44;Saint-Gildas-des-Bois;2515;2181;2116;450;390;527;411;116;24;130;31;25;8;4;0;334;18;21.27;18.43;24.91;19.42;5.48;1.13;6.14;1.47;1.18;0.38;0.19;0;13.28;0.85
44162;44;Saint-Herblain;31565;25552;24941;2866;6151;7796;3769;944;138;2586;232;284;134;41;0;6013;149;11.49;24.66;31.26;15.11;3.78;0.55;10.37;0.93;1.14;0.54;0.16;0;19.05;0.6
44163;44;Vair-sur-Loire;3373;2920;2831;557;525;696;541;182;27;201;20;49;26;7;0;453;32;19.68;18.54;24.58;19.11;6.43;0.95;7.1;0.71;1.73;0.92;0.25;0;13.43;1.13
44164;44;Saint-Hilaire-de-Chaléons;1566;1327;1275;238;280;291;263;76;17;70;7;21;8;4;0;239;13;18.67;21.96;22.82;20.63;5.96;1.33;5.49;0.55;1.65;0.63;0.31;0;15.26;1.02
44165;44;Saint-Hilaire-de-Clisson;1666;1475;1433;230;298;390;267;98;9;86;12;24;16;3;0;191;13;16.05;20.8;27.22;18.63;6.84;0.63;6;0.84;1.67;1.12;0.21;0;11.46;0.91
44166;44;Saint-Jean-de-Boiseau;4271;3685;3581;539;1044;903;425;148;24;392;16;59;22;9;0;586;20;15.05;29.15;25.22;11.87;4.13;0.67;10.95;0.45;1.65;0.61;0.25;0;13.72;0.56
44168;44;Saint-Joachim;3157;2573;2520;586;735;587;235;113;15;149;18;53;28;1;0;584;16;23.25;29.17;23.29;9.33;4.48;0.6;5.91;0.71;2.1;1.11;0.04;0;18.5;0.63
44169;44;Saint-Julien-de-Concelles;5334;4570;4461;614;885;1286;1014;214;37;303;28;44;29;7;0;764;26;13.76;19.84;28.83;22.73;4.8;0.83;6.79;0.63;0.99;0.65;0.16;0;14.32;0.58
44170;44;Saint-Julien-de-Vouvantes;642;550;535;150;71;83;156;38;2;19;2;8;6;0;0;92;1;28.04;13.27;15.51;29.16;7.1;0.37;3.55;0.37;1.5;1.12;0;0;14.33;0.19
44171;44;Saint-Léger-les-Vignes;1329;1201;1167;171;292;339;200;68;6;65;6;15;4;1;0;128;3;14.65;25.02;29.05;17.14;5.83;0.51;5.57;0.51;1.29;0.34;0.09;0;9.63;0.26
44172;44;Sainte-Luce-sur-Loire;10638;9410;9227;942;1858;3180;1718;422;64;829;62;83;50;19;0;1228;39;10.21;20.14;34.46;18.62;4.57;0.69;8.98;0.67;0.9;0.54;0.21;0;11.54;0.42
44173;44;Saint-Lumine-de-Clisson;1469;1264;1238;218;251;295;243;82;12;101;9;16;8;3;0;205;2;17.61;20.27;23.83;19.63;6.62;0.97;8.16;0.73;1.29;0.65;0.24;0;13.96;0.16
44174;44;Saint-Lumine-de-Coutais;1551;1359;1324;316;242;276;263;108;17;64;8;19;11;0;0;192;9;23.87;18.28;20.85;19.86;8.16;1.28;4.83;0.6;1.44;0.83;0;0;12.38;0.68
44175;44;Saint-Lyphard;3413;3043;2972;539;575;793;599;175;29;188;18;28;24;4;0;370;24;18.14;19.35;26.68;20.15;5.89;0.98;6.33;0.61;0.94;0.81;0.13;0;10.84;0.81
44176;44;Saint-Malo-de-Guersac;2587;2161;2109;454;621;463;166;108;21;186;22;38;24;6;0;426;7;21.53;29.45;21.95;7.87;5.12;1;8.82;1.04;1.8;1.14;0.28;0;16.47;0.33
44178;44;Saint-Mars-de-Coutais;1950;1640;1610;292;352;405;283;87;22;124;7;19;17;2;0;310;4;18.14;21.86;25.16;17.58;5.4;1.37;7.7;0.43;1.18;1.06;0.12;0;15.9;0.25
44179;44;Saint-Mars-du-Désert;3695;3169;3090;571;583;835;584;189;29;209;19;46;22;3;0;526;15;18.48;18.87;27.02;18.9;6.12;0.94;6.76;0.61;1.49;0.71;0.1;0;14.24;0.49
44180;44;Saint-Mars-la-Jaille;1754;1437;1380;373;187;266;365;86;7;48;10;14;22;2;0;317;22;27.03;13.55;19.28;26.45;6.23;0.51;3.48;0.72;1.01;1.59;0.14;0;18.07;1.59
44182;44;Saint-Michel-Chef-Chef;4154;3511;3432;625;574;886;838;234;32;152;26;33;23;9;0;643;23;18.21;16.72;25.82;24.42;6.82;0.93;4.43;0.76;0.96;0.67;0.26;0;15.48;0.67
44183;44;Saint-Molf;1986;1691;1644;349;368;354;303;92;15;97;13;38;10;5;0;295;12;21.23;22.38;21.53;18.43;5.6;0.91;5.9;0.79;2.31;0.61;0.3;0;14.85;0.73
44184;44;Saint-Nazaire;49244;38267;37515;5079;10035;10888;5359;1329;289;3476;278;430;301;51;0;10977;208;13.54;26.75;29.02;14.28;3.54;0.77;9.27;0.74;1.15;0.8;0.14;0;22.29;0.55
44185;44;Saint-Nicolas-de-Redon;2348;1967;1923;319;395;570;344;103;11;128;19;16;14;4;0;381;12;16.59;20.54;29.64;17.89;5.36;0.57;6.66;0.99;0.83;0.73;0.21;0;16.23;0.62
44186;44;Sainte-Pazanne;4551;4001;3878;624;789;1138;670;251;27;285;20;43;25;6;0;550;34;16.09;20.35;29.35;17.28;6.47;0.7;7.35;0.52;1.11;0.64;0.15;0;12.09;0.88
44187;44;Saint-Père-en-Retz;3233;2709;2629;558;509;565;545;166;29;154;29;39;29;6;0;524;20;21.22;19.36;21.49;20.73;6.31;1.1;5.86;1.1;1.48;1.1;0.23;0;16.21;0.76
44188;44;Saint-Philbert-de-Grand-Lieu;6508;5571;5419;1020;1022;1350;1192;313;50;333;26;75;36;2;0;937;35;18.82;18.86;24.91;22;5.78;0.92;6.15;0.48;1.38;0.66;0.04;0;14.4;0.65
44189;44;Sainte-Reine-de-Bretagne;1738;1434;1395;300;400;329;148;67;12;84;12;23;16;4;0;304;12;21.51;28.67;23.58;10.61;4.8;0.86;6.02;0.86;1.65;1.15;0.29;0;17.49;0.86
44190;44;Saint-Sébastien-sur-Loire;20708;17323;16939;1595;3957;5605;3029;569;107;1683;105;179;86;24;0;3385;98;9.42;23.36;33.09;17.88;3.36;0.63;9.94;0.62;1.06;0.51;0.14;0;16.35;0.58
44191;44;Saint-Sulpice-des-Landes;458;388;365;94;46;63;108;29;3;9;8;2;3;0;0;70;9;25.75;12.6;17.26;29.59;7.95;0.82;2.47;2.19;0.55;0.82;0;0;15.28;2.47
44192;44;Saint-Viaud;1772;1510;1467;299;319;306;281;102;29;84;5;25;16;1;0;262;13;20.38;21.75;20.86;19.15;6.95;1.98;5.73;0.34;1.7;1.09;0.07;0;14.79;0.89
44193;44;Saint-Vincent-des-Landes;1020;872;841;212;144;201;162;30;9;51;4;21;7;0;0;148;10;25.21;17.12;23.9;19.26;3.57;1.07;6.06;0.48;2.5;0.83;0;0;14.51;1.19
44194;44;Sautron;6268;5629;5558;507;744;1783;1851;256;35;304;31;30;9;8;0;639;9;9.12;13.39;32.08;33.3;4.61;0.63;5.47;0.56;0.54;0.16;0.14;0;10.19;0.16
44195;44;Savenay;6158;5139;5005;698;1154;1555;725;256;44;437;41;55;34;6;0;1019;28;13.95;23.06;31.07;14.49;5.11;0.88;8.73;0.82;1.1;0.68;0.12;0;16.55;0.56
44196;44;Sévérac;1159;1011;982;226;235;255;118;42;6;51;10;23;12;4;0;148;5;23.01;23.93;25.97;12.02;4.28;0.61;5.19;1.02;2.34;1.22;0.41;0;12.77;0.51
44197;44;Sion-les-Mines;1261;1036;1003;244;163;265;177;48;14;66;3;7;11;5;0;225;12;24.33;16.25;26.42;17.65;4.79;1.4;6.58;0.3;0.7;1.1;0.5;0;17.84;1.2
44198;44;Les Sorinières;6251;5510;5361;710;1121;1742;1001;232;34;388;36;56;33;8;0;741;34;13.24;20.91;32.49;18.67;4.33;0.63;7.24;0.67;1.04;0.62;0.15;0;11.85;0.63
44199;44;Soudan;1583;1290;1237;286;212;292;262;74;11;66;6;21;7;0;0;293;12;23.12;17.14;23.61;21.18;5.98;0.89;5.34;0.49;1.7;0.57;0;0;18.51;0.97
44200;44;Soulvache;271;219;211;66;40;40;25;14;3;9;0;8;4;2;0;52;3;31.28;18.96;18.96;11.85;6.64;1.42;4.27;0;3.79;1.9;0.95;0;19.19;1.42
44201;44;Sucé-sur-Erdre;5815;5150;5063;455;885;1777;1145;245;35;434;26;38;16;7;0;665;25;8.99;17.48;35.1;22.62;4.84;0.69;8.57;0.51;0.75;0.32;0.14;0;11.44;0.49
44202;44;Teillé;1270;1069;1036;208;189;269;182;65;5;79;18;16;3;2;0;201;9;20.08;18.24;25.97;17.57;6.27;0.48;7.63;1.74;1.54;0.29;0.19;0;15.83;0.87
44203;44;Le Temple-de-Bretagne;1315;1160;1128;236;260;278;166;60;12;85;4;20;6;1;0;155;11;20.92;23.05;24.65;14.72;5.32;1.06;7.54;0.35;1.77;0.53;0.09;0;11.79;0.98
44204;44;Thouaré-sur-Loire;7162;6302;6159;680;1272;2113;1250;286;42;386;38;54;20;18;0;860;23;11.04;20.65;34.31;20.3;4.64;0.68;6.27;0.62;0.88;0.32;0.29;0;12.01;0.37
44205;44;Les Touches;1685;1440;1382;287;252;334;241;109;16;76;11;32;17;7;0;245;16;20.77;18.23;24.17;17.44;7.89;1.16;5.5;0.8;2.32;1.23;0.51;0;14.54;1.16
44206;44;Touvois;1120;946;921;204;175;218;197;62;9;32;6;7;9;2;0;174;11;22.15;19;23.67;21.39;6.73;0.98;3.47;0.65;0.76;0.98;0.22;0;15.54;1.19
44207;44;Trans-sur-Erdre;602;530;517;121;87;102;92;41;9;52;3;8;2;0;0;72;4;23.4;16.83;19.73;17.79;7.93;1.74;10.06;0.58;1.55;0.39;0;0;11.96;0.77
44208;44;Treffieux;595;508;491;132;107;111;59;23;7;39;1;9;3;0;0;87;0;26.88;21.79;22.61;12.02;4.68;1.43;7.94;0.2;1.83;0.61;0;0;14.62;0
44209;44;Treillières;6973;6151;6003;698;1227;1955;1159;265;39;485;54;71;29;21;0;822;33;11.63;20.44;32.57;19.31;4.41;0.65;8.08;0.9;1.18;0.48;0.35;0;11.79;0.55
44210;44;Trignac;5406;4237;4148;947;1191;1006;389;182;31;253;31;68;43;7;0;1169;24;22.83;28.71;24.25;9.38;4.39;0.75;6.1;0.75;1.64;1.04;0.17;0;21.62;0.58
44211;44;La Turballe;4242;3531;3432;538;570;986;828;189;39;200;23;35;19;5;0;711;29;15.68;16.61;28.73;24.13;5.51;1.14;5.83;0.67;1.02;0.55;0.15;0;16.76;0.84
44212;44;Vallet;6502;5621;5477;803;990;1433;1329;396;42;340;31;74;30;9;0;881;38;14.66;18.08;26.16;24.27;7.23;0.77;6.21;0.57;1.35;0.55;0.16;0;13.55;0.69
44213;44;Loireauxence;5377;4532;4379;927;679;1067;918;287;50;286;34;77;41;13;0;845;55;21.17;15.51;24.37;20.96;6.55;1.14;6.53;0.78;1.76;0.94;0.3;0;15.72;1.26
44214;44;Vay;1377;1175;1141;268;301;229;165;49;5;83;8;23;7;3;0;202;11;23.49;26.38;20.07;14.46;4.29;0.44;7.27;0.7;2.02;0.61;0.26;0;14.67;0.96
44215;44;Vertou;18765;16326;15967;1507;3055;5407;3613;671;114;1265;119;133;68;15;0;2439;93;9.44;19.13;33.86;22.63;4.2;0.71;7.92;0.75;0.83;0.43;0.09;0;13;0.58
44216;44;Vieillevigne;3015;2540;2458;415;472;630;556;178;22;123;12;30;16;4;0;475;24;16.88;19.2;25.63;22.62;7.24;0.9;5;0.49;1.22;0.65;0.16;0;15.75;0.98
44217;44;Vigneux-de-Bretagne;4636;4110;4019;488;880;1177;807;206;30;349;25;34;15;8;0;526;12;12.14;21.9;29.29;20.08;5.13;0.75;8.68;0.62;0.85;0.37;0.2;0;11.35;0.3
44218;44;Villepot;490;408;398;97;66;67;102;23;3;22;7;8;3;0;0;82;1;24.37;16.58;16.83;25.63;5.78;0.75;5.53;1.76;2.01;0.75;0;0;16.73;0.25
44219;44;Vritz;613;488;470;119;52;90;131;32;4;19;10;10;2;1;0;125;5;25.32;11.06;19.15;27.87;6.81;0.85;4.04;2.13;2.13;0.43;0.21;0;20.39;1.06
44220;44;Vue;1123;927;904;198;209;176;137;63;16;65;10;18;8;4;0;196;7;21.9;23.12;19.47;15.15;6.97;1.77;7.19;1.11;1.99;0.88;0.44;0;17.45;0.77
44221;44;La Chevallerais;961;857;819;167;207;204;91;36;8;74;5;15;11;1;0;104;8;20.39;25.27;24.91;11.11;4.4;0.98;9.04;0.61;1.83;1.34;0.12;0;10.82;0.98
44222;44;La Roche-Blanche;848;767;733;161;102;184;184;48;3;31;3;13;2;2;0;81;8;21.96;13.92;25.1;25.1;6.55;0.41;4.23;0.41;1.77;0.27;0.27;0;9.55;1.09
44223;44;Geneston;2662;2177;2108;333;398;645;415;136;14;123;5;23;12;4;0;485;23;15.8;18.88;30.6;19.69;6.45;0.66;5.83;0.24;1.09;0.57;0.19;0;18.22;1.09
44224;44;La Grigonnais;1156;1000;963;157;237;211;166;52;12;86;9;18;13;2;0;156;8;16.3;24.61;21.91;17.24;5.4;1.25;8.93;0.93;1.87;1.35;0.21;0;13.49;0.83