insee;dep;nom;nb_inscrits;nb_votants;nb_exprimes;nb_voix1;nb_voix2;nb_voix3;nb_voix4;nb_voix5;nb_voix6;nb_voix7;nb_voix8;nb_voix9;nb_voix10;nb_voix11;nb_voix12;nb_voix13;nb_voix14;voix_1;voix_2;voix_3;voix_4;voix_5;voix_6;voix_7;voix_8;voix_9;voix_10;voix_11;voix_12;voix_13;voix_14
47001;47;Agen;18008;13609;13276;2386;2867;3177;2656;487;334;981;144;159;63;22;0;4399;97;17.97;21.6;23.93;20.01;3.67;2.52;7.39;1.08;1.2;0.47;0.17;0;24.43;0.73
47002;47;Agmé;92;83;81;24;10;6;31;1;2;7;0;0;0;0;0;9;2;29.63;12.35;7.41;38.27;1.23;2.47;8.64;0;0;0;0;0;9.78;2.47
47003;47;Agnac;291;242;235;54;49;39;54;12;5;14;1;4;3;0;0;49;3;22.98;20.85;16.6;22.98;5.11;2.13;5.96;0.43;1.7;1.28;0;0;16.84;1.28
47004;47;Aiguillon;2778;2128;2065;506;477;378;406;92;49;106;7;32;10;2;0;650;20;24.5;23.1;18.31;19.66;4.46;2.37;5.13;0.34;1.55;0.48;0.1;0;23.4;0.97
47005;47;Allemans-du-Dropt;362;325;314;61;47;70;73;21;11;19;1;7;4;0;0;37;3;19.43;14.97;22.29;23.25;6.69;3.5;6.05;0.32;2.23;1.27;0;0;10.22;0.96
47006;47;Allez-et-Cazeneuve;421;362;355;85;74;76;63;10;27;6;3;7;1;3;0;59;0;23.94;20.85;21.41;17.75;2.82;7.61;1.69;0.85;1.97;0.28;0.85;0;14.01;0
47007;47;Allons;162;145;142;25;35;25;27;8;8;12;1;1;0;0;0;17;1;17.61;24.65;17.61;19.01;5.63;5.63;8.45;0.7;0.7;0;0;0;10.49;0.7
47008;47;Ambrus;88;78;77;16;24;11;9;4;4;5;0;2;1;1;0;10;1;20.78;31.17;14.29;11.69;5.19;5.19;6.49;0;2.6;1.3;1.3;0;11.36;1.3
47009;47;Andiran;197;162;153;33;26;29;43;2;8;8;2;2;0;0;0;35;4;21.57;16.99;18.95;28.1;1.31;5.23;5.23;1.31;1.31;0;0;0;17.77;2.61
47010;47;Antagnac;170;145;137;32;30;22;19;11;5;12;1;5;0;0;0;25;1;23.36;21.9;16.06;13.87;8.03;3.65;8.76;0.73;3.65;0;0;0;14.71;0.73
47011;47;Anthé;140;112;109;31;19;20;12;8;5;9;1;3;1;0;0;28;2;28.44;17.43;18.35;11.01;7.34;4.59;8.26;0.92;2.75;0.92;0;0;20;1.83
47012;47;Anzex;239;199;196;49;23;40;38;15;6;18;5;2;0;0;0;40;1;25;11.73;20.41;19.39;7.65;3.06;9.18;2.55;1.02;0;0;0;16.74;0.51
47013;47;Argenton;269;219;213;71;42;34;31;17;3;8;3;1;2;1;0;50;2;33.33;19.72;15.96;14.55;7.98;1.41;3.76;1.41;0.47;0.94;0.47;0;18.59;0.94
47014;47;Armillac;154;119;118;38;25;18;21;6;2;6;0;1;1;0;0;35;0;32.2;21.19;15.25;17.8;5.08;1.69;5.08;0;0.85;0.85;0;0;22.73;0
47015;47;Astaffort;1620;1284;1241;278;220;236;253;77;64;73;8;21;10;1;0;336;13;22.4;17.73;19.02;20.39;6.2;5.16;5.88;0.64;1.69;0.81;0.08;0;20.74;1.05
47016;47;Aubiac;872;761;745;196;117;173;124;34;27;53;5;10;4;2;0;111;4;26.31;15.7;23.22;16.64;4.56;3.62;7.11;0.67;1.34;0.54;0.27;0;12.73;0.54
47017;47;Auradou;274;234;225;70;34;48;40;17;5;7;2;1;0;1;0;40;3;31.11;15.11;21.33;17.78;7.56;2.22;3.11;0.89;0.44;0;0.44;0;14.6;1.33
47018;47;Auriac-sur-Dropt;133;115;110;27;14;19;31;7;5;3;0;2;2;0;0;18;3;24.55;12.73;17.27;28.18;6.36;4.55;2.73;0;1.82;1.82;0;0;13.53;2.73
47019;47;Bajamont;805;670;651;176;138;137;107;23;17;46;1;4;2;0;0;135;6;27.04;21.2;21.04;16.44;3.53;2.61;7.07;0.15;0.61;0.31;0;0;16.77;0.92
47020;47;Baleyssagues;133;126;121;20;19;33;29;1;7;12;0;0;0;0;0;7;0;16.53;15.7;27.27;23.97;0.83;5.79;9.92;0;0;0;0;0;5.26;0
47021;47;Barbaste;1114;961;936;258;207;186;141;45;31;46;1;7;8;6;0;153;11;27.56;22.12;19.87;15.06;4.81;3.31;4.91;0.11;0.75;0.85;0.64;0;13.73;1.18
47022;47;Bazens;415;340;334;95;65;54;58;12;18;22;2;6;2;0;0;75;0;28.44;19.46;16.17;17.37;3.59;5.39;6.59;0.6;1.8;0.6;0;0;18.07;0
47023;47;Beaugas;240;217;207;45;32;36;44;19;15;11;1;4;0;0;0;23;5;21.74;15.46;17.39;21.26;9.18;7.25;5.31;0.48;1.93;0;0;0;9.58;2.42
47024;47;Beaupuy;1200;1041;1020;272;177;228;187;58;19;59;6;6;8;0;0;159;5;26.67;17.35;22.35;18.33;5.69;1.86;5.78;0.59;0.59;0.78;0;0;13.25;0.49
47025;47;Beauville;382;316;305;66;75;57;40;20;16;19;6;5;1;0;0;66;3;21.64;24.59;18.69;13.11;6.56;5.25;6.23;1.97;1.64;0.33;0;0;17.28;0.98
47026;47;Beauziac;190;156;150;29;37;37;15;4;11;16;0;0;1;0;0;34;5;19.33;24.67;24.67;10;2.67;7.33;10.67;0;0;0.67;0;0;17.89;3.33
47027;47;Bias;2436;1910;1858;472;405;384;309;101;38;100;11;24;13;1;0;526;17;25.4;21.8;20.67;16.63;5.44;2.05;5.38;0.59;1.29;0.7;0.05;0;21.59;0.91
47028;47;Birac-sur-Trec;613;519;501;154;69;106;78;40;9;26;4;9;5;1;0;94;7;30.74;13.77;21.16;15.57;7.98;1.8;5.19;0.8;1.8;1;0.2;0;15.33;1.4
47029;47;Blanquefort-sur-Briolance;389;327;315;65;90;54;53;11;8;24;4;4;1;1;0;62;4;20.63;28.57;17.14;16.83;3.49;2.54;7.62;1.27;1.27;0.32;0.32;0;15.94;1.27
47030;47;Blaymont;178;147;143;38;19;34;20;8;10;10;3;1;0;0;0;31;2;26.57;13.29;23.78;13.99;5.59;6.99;6.99;2.1;0.7;0;0;0;17.42;1.4
47031;47;Boé;4246;3369;3296;909;663;691;518;169;68;184;30;35;24;5;0;877;27;27.58;20.12;20.96;15.72;5.13;2.06;5.58;0.91;1.06;0.73;0.15;0;20.65;0.82
47032;47;Bon-Encontre;4982;4033;3944;934;771;881;715;192;109;240;39;41;21;1;0;949;33;23.68;19.55;22.34;18.13;4.87;2.76;6.09;0.99;1.04;0.53;0.03;0;19.05;0.84
47033;47;Boudy-de-Beauregard;285;247;238;65;47;35;48;10;12;8;2;7;3;1;0;38;2;27.31;19.75;14.71;20.17;4.2;5.04;3.36;0.84;2.94;1.26;0.42;0;13.33;0.84
47034;47;Bouglon;464;398;390;138;76;55;68;18;9;13;2;7;3;1;0;66;2;35.38;19.49;14.1;17.44;4.62;2.31;3.33;0.51;1.79;0.77;0.26;0;14.22;0.51
47035;47;Bourgougnague;197;165;161;46;15;38;23;19;7;7;1;1;2;2;0;32;0;28.57;9.32;23.6;14.29;11.8;4.35;4.35;0.62;0.62;1.24;1.24;0;16.24;0
47036;47;Bourlens;270;226;220;58;35;35;46;16;10;13;5;2;0;0;0;44;0;26.36;15.91;15.91;20.91;7.27;4.55;5.91;2.27;0.91;0;0;0;16.3;0
47037;47;Bournel;167;127;124;34;19;26;28;7;5;1;1;1;1;1;0;40;1;27.42;15.32;20.97;22.58;5.65;4.03;0.81;0.81;0.81;0.81;0.81;0;23.95;0.81
47038;47;Bourran;449;369;355;122;55;61;69;20;10;8;1;5;4;0;0;80;4;34.37;15.49;17.18;19.44;5.63;2.82;2.25;0.28;1.41;1.13;0;0;17.82;1.13
47039;47;Boussès;37;33;33;9;13;2;0;0;3;6;0;0;0;0;0;4;0;27.27;39.39;6.06;0;0;9.09;18.18;0;0;0;0;0;10.81;0
47040;47;Brax;1535;1347;1322;305;214;361;233;67;29;86;6;13;6;2;0;188;6;23.07;16.19;27.31;17.62;5.07;2.19;6.51;0.45;0.98;0.45;0.15;0;12.25;0.45
47041;47;Bruch;561;472;449;108;70;89;98;35;18;19;3;5;3;1;0;89;11;24.05;15.59;19.82;21.83;7.8;4.01;4.23;0.67;1.11;0.67;0.22;0;15.86;2.45
47042;47;Brugnac;148;131;129;41;25;21;29;3;2;3;0;5;0;0;0;17;0;31.78;19.38;16.28;22.48;2.33;1.55;2.33;0;3.88;0;0;0;11.49;0
47043;47;Buzet-sur-Baïse;935;753;737;219;149;116;138;42;18;39;5;6;5;0;0;182;1;29.72;20.22;15.74;18.72;5.7;2.44;5.29;0.68;0.81;0.68;0;0;19.47;0.14
47044;47;Cahuzac;230;201;196;57;46;48;23;6;5;5;2;2;2;0;0;29;0;29.08;23.47;24.49;11.73;3.06;2.55;2.55;1.02;1.02;1.02;0;0;12.61;0
47045;47;Calignac;381;331;324;79;47;62;58;28;17;24;1;5;3;0;0;50;0;24.38;14.51;19.14;17.9;8.64;5.25;7.41;0.31;1.54;0.93;0;0;13.12;0
47046;47;Calonges;425;343;329;108;72;66;34;14;8;14;6;4;2;1;0;82;6;32.83;21.88;20.06;10.33;4.26;2.43;4.26;1.82;1.22;0.61;0.3;0;19.29;1.82
47047;47;Cambes;131;115;110;21;20;18;28;8;4;6;0;0;4;1;0;16;2;19.09;18.18;16.36;25.45;7.27;3.64;5.45;0;0;3.64;0.91;0;12.21;1.82
47048;47;Cancon;902;743;727;226;110;151;129;45;17;35;1;7;4;2;0;159;4;31.09;15.13;20.77;17.74;6.19;2.34;4.81;0.14;0.96;0.55;0.28;0;17.63;0.55
47049;47;Casseneuil;1712;1379;1335;319;318;273;232;79;18;72;7;7;8;2;0;333;11;23.9;23.82;20.45;17.38;5.92;1.35;5.39;0.52;0.52;0.6;0.15;0;19.45;0.82
47050;47;Cassignas;96;86;84;29;15;20;11;1;2;3;1;1;1;0;0;10;2;34.52;17.86;23.81;13.1;1.19;2.38;3.57;1.19;1.19;1.19;0;0;10.42;2.38
47051;47;Castelculier;1761;1475;1440;401;249;304;247;73;46;73;16;20;9;2;0;286;8;27.85;17.29;21.11;17.15;5.07;3.19;5.07;1.11;1.39;0.63;0.14;0;16.24;0.56
47052;47;Casteljaloux;3693;2855;2786;611;594;567;580;148;92;135;18;28;8;5;0;838;30;21.93;21.32;20.35;20.82;5.31;3.3;4.85;0.65;1.01;0.29;0.18;0;22.69;1.08
47053;47;Castella;260;221;217;64;49;52;14;15;7;10;0;2;3;1;0;39;1;29.49;22.58;23.96;6.45;6.91;3.23;4.61;0;0.92;1.38;0.46;0;15;0.46
47054;47;Castelmoron-sur-Lot;1232;981;953;212;191;204;172;49;30;61;6;13;11;4;0;251;7;22.25;20.04;21.41;18.05;5.14;3.15;6.4;0.63;1.36;1.15;0.42;0;20.37;0.73
47055;47;Castelnaud-de-Gratecambe;361;312;306;94;42;50;54;27;15;17;3;3;0;1;0;49;0;30.72;13.73;16.34;17.65;8.82;4.9;5.56;0.98;0.98;0;0.33;0;13.57;0
47056;47;Castelnau-sur-Gupie;692;583;567;159;104;124;100;28;13;25;3;10;1;0;0;109;7;28.04;18.34;21.87;17.64;4.94;2.29;4.41;0.53;1.76;0.18;0;0;15.75;1.23
47057;47;Castillonnès;927;747;726;183;110;194;132;51;25;21;2;6;1;1;0;180;6;25.21;15.15;26.72;18.18;7.02;3.44;2.89;0.28;0.83;0.14;0.14;0;19.42;0.83
47058;47;Caubeyres;171;152;145;53;28;29;10;2;10;10;0;0;2;1;0;19;3;36.55;19.31;20;6.9;1.38;6.9;6.9;0;0;1.38;0.69;0;11.11;2.07
47059;47;Caubon-Saint-Sauveur;171;141;139;42;23;25;24;7;1;13;0;4;0;0;0;30;0;30.22;16.55;17.99;17.27;5.04;0.72;9.35;0;2.88;0;0;0;17.54;0
47060;47;Caudecoste;777;656;629;212;80;135;101;41;14;31;2;9;3;1;0;121;3;33.7;12.72;21.46;16.06;6.52;2.23;4.93;0.32;1.43;0.48;0.16;0;15.57;0.48
47061;47;Caumont-sur-Garonne;501;419;415;136;71;77;69;31;8;8;8;5;2;0;0;82;1;32.77;17.11;18.55;16.63;7.47;1.93;1.93;1.93;1.2;0.48;0;0;16.37;0.24
47062;47;Cauzac;291;244;240;64;29;43;41;22;10;12;5;10;2;2;0;47;3;26.67;12.08;17.92;17.08;9.17;4.17;5;2.08;4.17;0.83;0.83;0;16.15;1.25
47063;47;Cavarc;127;108;104;26;15;23;20;7;7;3;1;1;1;0;0;19;0;25;14.42;22.12;19.23;6.73;6.73;2.88;0.96;0.96;0.96;0;0;14.96;0
47064;47;Cazideroque;189;171;167;32;20;41;31;10;11;9;4;6;1;2;0;18;1;19.16;11.98;24.55;18.56;5.99;6.59;5.39;2.4;3.59;0.6;1.2;0;9.52;0.6
47065;47;Clairac;1725;1405;1365;328;256;268;288;68;46;78;12;14;4;3;0;320;17;24.03;18.75;19.63;21.1;4.98;3.37;5.71;0.88;1.03;0.29;0.22;0;18.55;1.25
47066;47;Clermont-Dessous;634;546;529;163;96;101;94;18;14;22;8;7;6;0;0;88;9;30.81;18.15;19.09;17.77;3.4;2.65;4.16;1.51;1.32;1.13;0;0;13.88;1.7
47067;47;Clermont-Soubiran;349;301;295;95;46;60;50;19;12;8;1;1;2;1;0;48;1;32.2;15.59;20.34;16.95;6.44;4.07;2.71;0.34;0.34;0.68;0.34;0;13.75;0.34
47068;47;Cocumont;836;712;682;169;139;153;111;36;26;32;2;6;8;0;0;124;3;24.78;20.38;22.43;16.28;5.28;3.81;4.69;0.29;0.88;1.17;0;0;14.83;0.44
47069;47;Colayrac-Saint-Cirq;2236;1870;1822;527;364;315;353;79;68;75;13;18;8;2;0;366;14;28.92;19.98;17.29;19.37;4.34;3.73;4.12;0.71;0.99;0.44;0.11;0;16.37;0.77
47070;47;Condezaygues;670;572;549;137;95;130;78;35;13;33;5;16;6;1;0;98;2;24.95;17.3;23.68;14.21;6.38;2.37;6.01;0.91;2.91;1.09;0.18;0;14.63;0.36
47071;47;Coulx;169;141;137;36;14;23;40;8;7;7;0;0;2;0;0;28;1;26.28;10.22;16.79;29.2;5.84;5.11;5.11;0;0;1.46;0;0;16.57;0.73
47072;47;Courbiac;82;74;74;14;11;18;21;5;2;2;0;1;0;0;0;8;0;18.92;14.86;24.32;28.38;6.76;2.7;2.7;0;1.35;0;0;0;9.76;0
47073;47;Cours;162;139;130;35;24;34;19;7;1;8;0;1;1;0;0;23;2;26.92;18.46;26.15;14.62;5.38;0.77;6.15;0;0.77;0.77;0;0;14.2;1.54
47074;47;Couthures-sur-Garonne;276;231;218;49;45;60;31;2;10;11;4;3;3;0;0;45;3;22.48;20.64;27.52;14.22;0.92;4.59;5.05;1.83;1.38;1.38;0;0;16.3;1.38
47075;47;La Croix-Blanche;698;618;603;173;111;135;95;45;8;29;4;2;1;0;0;80;5;28.69;18.41;22.39;15.75;7.46;1.33;4.81;0.66;0.33;0.17;0;0;11.46;0.83
47076;47;Cuq;243;206;195;53;36;39;31;9;4;18;1;3;1;0;0;37;2;27.18;18.46;20;15.9;4.62;2.05;9.23;0.51;1.54;0.51;0;0;15.23;1.03
47077;47;Cuzorn;739;633;611;163;96;129;85;36;39;40;8;12;1;2;0;106;10;26.68;15.71;21.11;13.91;5.89;6.38;6.55;1.31;1.96;0.16;0.33;0;14.34;1.64
47078;47;Damazan;924;738;720;217;144;135;115;28;26;45;2;4;4;0;0;186;8;30.14;20;18.75;15.97;3.89;3.61;6.25;0.28;0.56;0.56;0;0;20.13;1.11
47079;47;Dausse;346;293;284;77;44;55;55;11;13;19;0;7;1;2;0;53;4;27.11;15.49;19.37;19.37;3.87;4.58;6.69;0;2.46;0.35;0.7;0;15.32;1.41
47080;47;Dévillac;119;96;94;18;25;15;16;3;5;7;3;2;0;0;0;23;1;19.15;26.6;15.96;17.02;3.19;5.32;7.45;3.19;2.13;0;0;0;19.33;1.06
47081;47;Dolmayrac;529;439;425;133;64;90;67;25;13;22;7;2;1;1;0;90;2;31.29;15.06;21.18;15.76;5.88;3.06;5.18;1.65;0.47;0.24;0.24;0;17.01;0.47
47082;47;Dondas;185;157;150;35;34;22;35;8;5;10;1;0;0;0;0;28;3;23.33;22.67;14.67;23.33;5.33;3.33;6.67;0.67;0;0;0;0;15.14;2
47083;47;Doudrac;57;51;48;13;5;5;16;2;1;5;0;0;1;0;0;6;0;27.08;10.42;10.42;33.33;4.17;2.08;10.42;0;0;2.08;0;0;10.53;0
47084;47;Douzains;187;155;151;24;30;35;33;11;5;7;1;1;1;3;0;32;1;15.89;19.87;23.18;21.85;7.28;3.31;4.64;0.66;0.66;0.66;1.99;0;17.11;0.66
47085;47;Durance;236;187;175;46;32;23;39;10;10;8;2;4;1;0;0;49;4;26.29;18.29;13.14;22.29;5.71;5.71;4.57;1.14;2.29;0.57;0;0;20.76;2.29
47086;47;Duras;865;716;692;138;136;125;162;37;26;38;9;10;9;2;0;149;7;19.94;19.65;18.06;23.41;5.35;3.76;5.49;1.3;1.45;1.3;0.29;0;17.23;1.01
47087;47;Engayrac;135;107;103;17;30;20;14;5;6;8;2;0;0;1;0;28;1;16.5;29.13;19.42;13.59;4.85;5.83;7.77;1.94;0;0;0.97;0;20.74;0.97
47088;47;Escassefort;462;387;373;98;69;75;59;33;11;16;4;6;2;0;0;75;3;26.27;18.5;20.11;15.82;8.85;2.95;4.29;1.07;1.61;0.54;0;0;16.23;0.8
47089;47;Esclottes;118;104;103;19;23;12;25;5;5;8;4;1;1;0;0;14;0;18.45;22.33;11.65;24.27;4.85;4.85;7.77;3.88;0.97;0.97;0;0;11.86;0
47090;47;Espiens;297;243;234;69;38;40;48;6;14;11;2;4;2;0;0;54;2;29.49;16.24;17.09;20.51;2.56;5.98;4.7;0.85;1.71;0.85;0;0;18.18;0.85
47091;47;Estillac;1482;1233;1202;371;185;268;206;67;44;43;10;7;0;1;0;249;8;30.87;15.39;22.3;17.14;5.57;3.66;3.58;0.83;0.58;0;0.08;0;16.8;0.67
47092;47;Fals;305;273;264;74;44;60;34;17;14;17;3;1;0;0;0;32;1;28.03;16.67;22.73;12.88;6.44;5.3;6.44;1.14;0.38;0;0;0;10.49;0.38
47093;47;Fargues-sur-Ourbise;327;273;268;63;67;59;44;12;9;10;1;1;1;1;0;54;1;23.51;25;22.01;16.42;4.48;3.36;3.73;0.37;0.37;0.37;0.37;0;16.51;0.37
47094;47;Fauguerolles;441;370;362;125;53;61;59;11;18;20;7;5;3;0;0;71;4;34.53;14.64;16.85;16.3;3.04;4.97;5.52;1.93;1.38;0.83;0;0;16.1;1.1
47095;47;Fauillet;642;546;531;175;105;81;91;33;19;13;3;6;4;1;0;96;8;32.96;19.77;15.25;17.14;6.21;3.58;2.45;0.56;1.13;0.75;0.19;0;14.95;1.51
47096;47;Ferrensac;155;130;126;23;18;34;27;6;2;6;4;5;0;1;0;25;1;18.25;14.29;26.98;21.43;4.76;1.59;4.76;3.17;3.97;0;0.79;0;16.13;0.79
47097;47;Feugarolles;637;513;493;136;85;99;92;22;14;30;8;2;4;1;0;124;6;27.59;17.24;20.08;18.66;4.46;2.84;6.09;1.62;0.41;0.81;0.2;0;19.47;1.22
47098;47;Fieux;267;224;212;52;13;43;62;13;14;8;4;3;0;0;0;43;2;24.53;6.13;20.28;29.25;6.13;6.6;3.77;1.89;1.42;0;0;0;16.1;0.94
47099;47;Fongrave;481;395;379;88;87;81;58;18;9;25;3;9;1;0;0;86;6;23.22;22.96;21.37;15.3;4.75;2.37;6.6;0.79;2.37;0.26;0;0;17.88;1.58
47100;47;Foulayronnes;4198;3501;3401;667;638;914;667;154;86;190;30;30;16;9;0;697;23;19.61;18.76;26.87;19.61;4.53;2.53;5.59;0.88;0.88;0.47;0.26;0;16.6;0.68
47101;47;Fourques-sur-Garonne;1001;849;823;224;111;189;154;45;34;42;6;8;9;1;0;152;8;27.22;13.49;22.96;18.71;5.47;4.13;5.1;0.73;0.97;1.09;0.12;0;15.18;0.97
47102;47;Francescas;522;445;431;102;61;68;118;19;26;25;5;5;2;0;0;77;3;23.67;14.15;15.78;27.38;4.41;6.03;5.8;1.16;1.16;0.46;0;0;14.75;0.7
47103;47;Fréchou;193;154;152;42;22;22;42;10;6;5;1;1;0;1;0;39;1;27.63;14.47;14.47;27.63;6.58;3.95;3.29;0.66;0.66;0;0.66;0;20.21;0.66
47104;47;Frégimont;185;160;159;52;34;26;19;5;4;16;3;0;0;0;0;25;0;32.7;21.38;16.35;11.95;3.14;2.52;10.06;1.89;0;0;0;0;13.51;0
47105;47;Frespech;211;186;180;50;43;31;25;9;8;11;0;2;0;1;0;25;2;27.78;23.89;17.22;13.89;5;4.44;6.11;0;1.11;0;0.56;0;11.85;1.11
47106;47;Fumel;3706;2822;2742;643;593;586;470;107;70;175;17;51;19;11;0;884;21;23.45;21.63;21.37;17.14;3.9;2.55;6.38;0.62;1.86;0.69;0.4;0;23.85;0.77
47107;47;Galapian;257;212;208;62;53;30;28;11;10;8;1;2;3;0;0;45;1;29.81;25.48;14.42;13.46;5.29;4.81;3.85;0.48;0.96;1.44;0;0;17.51;0.48
47108;47;Gaujac;193;162;156;40;22;40;33;2;2;7;0;5;4;1;0;31;1;25.64;14.1;25.64;21.15;1.28;1.28;4.49;0;3.21;2.56;0.64;0;16.06;0.64
47109;47;Gavaudun;223;187;178;46;26;26;46;12;9;5;3;4;0;1;0;36;0;25.84;14.61;14.61;25.84;6.74;5.06;2.81;1.69;2.25;0;0.56;0;16.14;0
47110;47;Gontaud-de-Nogaret;1189;1008;976;332;133;165;197;58;36;28;6;11;6;4;0;181;16;34.02;13.63;16.91;20.18;5.94;3.69;2.87;0.61;1.13;0.61;0.41;0;15.22;1.64
47111;47;Granges-sur-Lot;436;346;341;95;78;57;68;16;3;15;1;5;3;0;0;90;2;27.86;22.87;16.72;19.94;4.69;0.88;4.4;0.29;1.47;0.88;0;0;20.64;0.59
47112;47;Grateloup Saint Gayrand;367;309;305;83;68;42;40;17;19;19;3;11;2;1;0;58;2;27.21;22.3;13.77;13.11;5.57;6.23;6.23;0.98;3.61;0.66;0.33;0;15.8;0.66
47113;47;Grayssas;99;87;87;26;11;18;17;3;3;7;1;0;1;0;0;12;0;29.89;12.64;20.69;19.54;3.45;3.45;8.05;1.15;0;1.15;0;0;12.12;0
47114;47;Grézet-Cavagnan;305;264;261;66;62;50;38;14;13;11;1;3;3;0;0;41;2;25.29;23.75;19.16;14.56;5.36;4.98;4.21;0.38;1.15;1.15;0;0;13.44;0.77
47115;47;Guérin;218;192;183;54;47;25;24;18;8;5;0;0;2;0;0;26;1;29.51;25.68;13.66;13.11;9.84;4.37;2.73;0;0;1.09;0;0;11.93;0.55
47117;47;Hautefage-la-Tour;682;595;579;178;120;95;100;21;15;33;5;6;5;1;0;87;4;30.74;20.73;16.41;17.27;3.63;2.59;5.7;0.86;1.04;0.86;0.17;0;12.76;0.69
47118;47;Hautesvignes;123;112;110;32;12;12;28;9;8;4;2;3;0;0;0;11;0;29.09;10.91;10.91;25.45;8.18;7.27;3.64;1.82;2.73;0;0;0;8.94;0
47119;47;Houeillès;432;364;349;94;70;65;50;33;15;15;1;2;3;1;0;68;7;26.93;20.06;18.62;14.33;9.46;4.3;4.3;0.29;0.57;0.86;0.29;0;15.74;2.01
47120;47;Jusix;89;73;70;14;11;16;13;6;4;1;3;2;0;0;0;16;0;20;15.71;22.86;18.57;8.57;5.71;1.43;4.29;2.86;0;0;0;17.98;0
47121;47;Labastide-Castel-Amouroux;222;197;192;49;35;45;33;12;7;4;0;6;1;0;0;25;0;25.52;18.23;23.44;17.19;6.25;3.65;2.08;0;3.13;0.52;0;0;11.26;0
47122;47;Labretonie;140;117;112;30;15;21;31;7;1;3;3;1;0;0;0;23;1;26.79;13.39;18.75;27.68;6.25;0.89;2.68;2.68;0.89;0;0;0;16.43;0.89
47123;47;Lacapelle-Biron;323;296;286;45;62;74;32;8;13;36;2;8;6;0;0;27;0;15.73;21.68;25.87;11.19;2.8;4.55;12.59;0.7;2.8;2.1;0;0;8.36;0
47124;47;Lacaussade;156;115;112;27;22;14;28;2;7;9;1;1;1;0;0;41;1;24.11;19.64;12.5;25;1.79;6.25;8.04;0.89;0.89;0.89;0;0;26.28;0.89
47125;47;Lacépède;240;207;201;51;33;41;37;14;10;12;1;2;0;0;0;33;1;25.37;16.42;20.4;18.41;6.97;4.98;5.97;0.5;1;0;0;0;13.75;0.5
47126;47;Lachapelle;76;70;67;15;14;11;12;5;2;7;1;0;0;0;0;6;2;22.39;20.9;16.42;17.91;7.46;2.99;10.45;1.49;0;0;0;0;7.89;2.99
47127;47;Lafitte-sur-Lot;554;471;460;138;78;86;100;22;8;19;2;7;0;0;0;83;0;30;16.96;18.7;21.74;4.78;1.74;4.13;0.43;1.52;0;0;0;14.98;0
47128;47;Lafox;915;739;723;237;123;151;117;31;20;22;12;4;5;1;0;176;4;32.78;17.01;20.89;16.18;4.29;2.77;3.04;1.66;0.55;0.69;0.14;0;19.23;0.55
47129;47;Lagarrigue;231;187;175;48;37;34;30;10;4;8;3;0;1;0;0;44;3;27.43;21.14;19.43;17.14;5.71;2.29;4.57;1.71;0;0.57;0;0;19.05;1.71
47130;47;Lagruère;237;199;191;42;46;45;27;3;5;17;1;4;0;1;0;38;4;21.99;24.08;23.56;14.14;1.57;2.62;8.9;0.52;2.09;0;0.52;0;16.03;2.09
47131;47;Lagupie;559;489;476;182;68;65;82;35;14;18;3;5;3;1;0;70;6;38.24;14.29;13.66;17.23;7.35;2.94;3.78;0.63;1.05;0.63;0.21;0;12.52;1.26
47132;47;Lalandusse;116;100;100;25;23;23;13;7;7;1;0;1;0;0;0;16;0;25;23;23;13;7;7;1;0;1;0;0;0;13.79;0
47133;47;Lamontjoie;415;364;356;93;77;52;56;29;13;29;3;2;2;0;0;51;2;26.12;21.63;14.61;15.73;8.15;3.65;8.15;0.84;0.56;0.56;0;0;12.29;0.56
47134;47;Lannes;328;273;268;34;39;75;80;10;11;12;1;4;2;0;0;55;1;12.69;14.55;27.99;29.85;3.73;4.1;4.48;0.37;1.49;0.75;0;0;16.77;0.37
47135;47;Laparade;317;239;231;65;72;42;19;9;6;8;3;5;2;0;0;78;2;28.14;31.17;18.18;8.23;3.9;2.6;3.46;1.3;2.16;0.87;0;0;24.61;0.87
47136;47;Laperche;102;87;85;26;19;15;12;3;3;5;0;1;1;0;0;15;1;30.59;22.35;17.65;14.12;3.53;3.53;5.88;0;1.18;1.18;0;0;14.71;1.18
47137;47;Laplume;1069;910;891;235;136;197;178;42;36;42;12;7;4;2;0;159;2;26.37;15.26;22.11;19.98;4.71;4.04;4.71;1.35;0.79;0.45;0.22;0;14.87;0.22
47138;47;Laroque-Timbaut;1240;1064;1051;247;208;200;233;56;29;55;6;12;5;0;0;176;3;23.5;19.79;19.03;22.17;5.33;2.76;5.23;0.57;1.14;0.48;0;0;14.19;0.29
47139;47;Lasserre;69;62;62;6;20;17;12;1;3;3;0;0;0;0;0;7;0;9.68;32.26;27.42;19.35;1.61;4.84;4.84;0;0;0;0;0;10.14;0
47140;47;Laugnac;490;417;409;109;64;71;90;20;8;28;6;7;6;0;0;73;0;26.65;15.65;17.36;22;4.89;1.96;6.85;1.47;1.71;1.47;0;0;14.9;0
47141;47;Laussou;224;182;177;41;36;26;29;13;8;17;1;4;2;0;0;42;0;23.16;20.34;14.69;16.38;7.34;4.52;9.6;0.56;2.26;1.13;0;0;18.75;0
47142;47;Lauzun;512;417;409;89;52;84;97;32;19;30;1;1;2;2;0;95;5;21.76;12.71;20.54;23.72;7.82;4.65;7.33;0.24;0.24;0.49;0.49;0;18.55;1.22
47143;47;Lavardac;1708;1335;1299;308;279;273;232;56;51;68;12;13;7;0;0;373;21;23.71;21.48;21.02;17.86;4.31;3.93;5.23;0.92;1;0.54;0;0;21.84;1.62
47144;47;Lavergne;431;349;340;99;53;58;73;29;13;9;2;2;1;1;0;82;2;29.12;15.59;17.06;21.47;8.53;3.82;2.65;0.59;0.59;0.29;0.29;0;19.03;0.59
47145;47;Layrac;2994;2354;2284;620;393;489;429;107;85;112;20;19;7;3;0;640;16;27.15;17.21;21.41;18.78;4.68;3.72;4.9;0.88;0.83;0.31;0.13;0;21.38;0.7
47146;47;Lédat;1034;871;844;229;153;157;174;44;34;41;2;5;4;1;0;163;6;27.13;18.13;18.6;20.62;5.21;4.03;4.86;0.24;0.59;0.47;0.12;0;15.76;0.71
47147;47;Lévignac-de-Guyenne;473;390;379;88;86;71;61;22;19;22;2;3;3;2;0;83;3;23.22;22.69;18.73;16.09;5.8;5.01;5.8;0.53;0.79;0.79;0.53;0;17.55;0.79
47148;47;Leyritz-Moncassin;174;144;138;47;24;22;24;3;5;10;0;2;1;0;0;30;0;34.06;17.39;15.94;17.39;2.17;3.62;7.25;0;1.45;0.72;0;0;17.24;0
47150;47;Longueville;279;239;236;94;37;26;40;14;8;13;2;1;1;0;0;40;0;39.83;15.68;11.02;16.95;5.93;3.39;5.51;0.85;0.42;0.42;0;0;14.34;0
47151;47;Loubès-Bernac;249;211;209;36;26;59;45;10;11;18;1;2;1;0;0;38;0;17.22;12.44;28.23;21.53;4.78;5.26;8.61;0.48;0.96;0.48;0;0;15.26;0
47152;47;Lougratte;313;250;248;72;26;51;65;7;10;5;5;6;1;0;0;63;0;29.03;10.48;20.56;26.21;2.82;4.03;2.02;2.02;2.42;0.4;0;0;20.13;0
47154;47;Lusignan-Petit;282;245;237;55;36;57;42;17;18;7;0;4;1;0;0;37;2;23.21;15.19;24.05;17.72;7.17;7.59;2.95;0;1.69;0.42;0;0;13.12;0.84
47155;47;Madaillan;500;415;403;142;60;69;75;15;11;21;6;0;2;2;0;85;2;35.24;14.89;17.12;18.61;3.72;2.73;5.21;1.49;0;0.5;0.5;0;17;0.5
47156;47;Marcellus;648;549;533;171;88;114;72;25;18;29;5;10;1;0;0;99;3;32.08;16.51;21.39;13.51;4.69;3.38;5.44;0.94;1.88;0.19;0;0;15.28;0.56
47157;47;Marmande;12454;9270;8999;1999;1773;2019;1763;386;237;590;67;112;38;15;0;3184;96;22.21;19.7;22.44;19.59;4.29;2.63;6.56;0.74;1.24;0.42;0.17;0;25.57;1.07
47158;47;Marmont-Pachas;128;112;110;27;10;23;26;8;8;6;1;1;0;0;0;16;1;24.55;9.09;20.91;23.64;7.27;7.27;5.45;0.91;0.91;0;0;0;12.5;0.91
47159;47;Le Mas-d'Agenais;997;835;815;214;164;173;115;33;35;56;5;14;5;1;0;162;6;26.26;20.12;21.23;14.11;4.05;4.29;6.87;0.61;1.72;0.61;0.12;0;16.25;0.74
47160;47;Masquières;134;116;111;27;31;19;13;2;2;10;0;4;3;0;0;18;1;24.32;27.93;17.12;11.71;1.8;1.8;9.01;0;3.6;2.7;0;0;13.43;0.9
47161;47;Massels;82;66;65;26;7;12;15;3;1;0;0;1;0;0;0;16;0;40;10.77;18.46;23.08;4.62;1.54;0;0;1.54;0;0;0;19.51;0
47162;47;Massoulès;157;136;129;43;16;14;34;10;3;5;0;3;1;0;0;21;1;33.33;12.4;10.85;26.36;7.75;2.33;3.88;0;2.33;0.78;0;0;13.38;0.78
47163;47;Mauvezin sur Gupie;465;388;375;100;63;72;72;19;10;23;11;3;2;0;0;77;4;26.67;16.8;19.2;19.2;5.07;2.67;6.13;2.93;0.8;0.53;0;0;16.56;1.07
47164;47;Mazières-Naresse;111;98;92;13;10;18;26;13;5;3;2;1;1;0;0;13;2;14.13;10.87;19.57;28.26;14.13;5.43;3.26;2.17;1.09;1.09;0;0;11.71;2.17
47165;47;Meilhan-sur-Garonne;911;780;745;200;148;145;125;21;19;66;6;7;4;4;0;131;14;26.85;19.87;19.46;16.78;2.82;2.55;8.86;0.81;0.94;0.54;0.54;0;14.38;1.88
47167;47;Mézin;1012;831;798;155;140;198;166;40;36;43;5;11;3;1;0;181;13;19.42;17.54;24.81;20.8;5.01;4.51;5.39;0.63;1.38;0.38;0.13;0;17.89;1.63
47168;47;Miramont-de-Guyenne;2241;1789;1736;422;318;382;313;84;74;84;19;27;7;6;0;452;19;24.31;18.32;22;18.03;4.84;4.26;4.84;1.09;1.56;0.4;0.35;0;20.17;1.09
47169;47;Moirax;960;863;845;217;132;195;158;58;17;51;8;6;3;0;0;97;4;25.68;15.62;23.08;18.7;6.86;2.01;6.04;0.95;0.71;0.36;0;0;10.1;0.47
47170;47;Monbahus;471;378;367;84;70;53;92;20;24;11;5;6;2;0;0;93;6;22.89;19.07;14.44;25.07;5.45;6.54;3;1.36;1.63;0.54;0;0;19.75;1.63
47171;47;Monbalen;305;256;250;75;53;32;34;22;6;21;3;2;1;1;0;49;1;30;21.2;12.8;13.6;8.8;2.4;8.4;1.2;0.8;0.4;0.4;0;16.07;0.4
47172;47;Moncaut;461;373;363;99;70;67;67;18;16;17;0;2;5;2;0;88;4;27.27;19.28;18.46;18.46;4.96;4.41;4.68;0;0.55;1.38;0.55;0;19.09;1.1
47173;47;Monclar;591;477;468;110;116;82;86;26;14;19;5;8;2;0;0;114;4;23.5;24.79;17.52;18.38;5.56;2.99;4.06;1.07;1.71;0.43;0;0;19.29;0.85
47174;47;Moncrabeau;604;500;494;115;74;102;112;20;31;30;2;4;4;0;0;104;1;23.28;14.98;20.65;22.67;4.05;6.28;6.07;0.4;0.81;0.81;0;0;17.22;0.2
47175;47;Monflanquin;1844;1555;1502;302;338;349;243;83;52;88;12;28;5;2;0;289;22;20.11;22.5;23.24;16.18;5.53;3.46;5.86;0.8;1.86;0.33;0.13;0;15.67;1.46
47176;47;Mongaillard;142;119;116;23;17;22;29;4;7;5;5;3;0;1;0;23;2;19.83;14.66;18.97;25;3.45;6.03;4.31;4.31;2.59;0;0.86;0;16.2;1.72
47177;47;Monheurt;156;133;129;19;31;30;20;7;5;14;0;1;1;1;0;23;1;14.73;24.03;23.26;15.5;5.43;3.88;10.85;0;0.78;0.78;0.78;0;14.74;0.78
47178;47;Monségur;318;264;258;70;39;53;42;22;13;16;0;2;1;0;0;54;3;27.13;15.12;20.54;16.28;8.53;5.04;6.2;0;0.78;0.39;0;0;16.98;1.16
47179;47;Monsempron-Libos;1493;1208;1175;256;231;251;192;62;26;104;7;28;16;2;0;285;11;21.79;19.66;21.36;16.34;5.28;2.21;8.85;0.6;2.38;1.36;0.17;0;19.09;0.94
47180;47;Montagnac-sur-Auvignon;503;416;407;97;70;90;87;20;13;24;1;3;2;0;0;87;6;23.83;17.2;22.11;21.38;4.91;3.19;5.9;0.25;0.74;0.49;0;0;17.3;1.47
47181;47;Montagnac-sur-Lède;237;192;190;51;35;21;42;21;6;8;0;3;3;0;0;45;1;26.84;18.42;11.05;22.11;11.05;3.16;4.21;0;1.58;1.58;0;0;18.99;0.53
47182;47;Montastruc;178;165;161;46;16;26;44;5;9;6;3;4;2;0;0;13;0;28.57;9.94;16.15;27.33;3.11;5.59;3.73;1.86;2.48;1.24;0;0;7.3;0
47183;47;Montauriol;152;130;127;41;21;28;12;4;6;9;2;2;2;0;0;22;0;32.28;16.54;22.05;9.45;3.15;4.72;7.09;1.57;1.57;1.57;0;0;14.47;0
47184;47;Montaut;205;169;165;64;19;29;26;10;1;10;1;4;1;0;0;36;1;38.79;11.52;17.58;15.76;6.06;0.61;6.06;0.61;2.42;0.61;0;0;17.56;0.61
47185;47;Montayral;2246;1795;1748;405;379;427;259;78;45;119;7;21;6;2;0;451;19;23.17;21.68;24.43;14.82;4.46;2.57;6.81;0.4;1.2;0.34;0.11;0;20.08;1.09
47186;47;Montesquieu;577;478;467;112;90;83;100;32;18;24;4;4;0;0;0;99;5;23.98;19.27;17.77;21.41;6.85;3.85;5.14;0.86;0.86;0;0;0;17.16;1.07
47187;47;Monteton;222;179;175;54;21;26;35;14;12;8;3;1;1;0;0;43;1;30.86;12;14.86;20;8;6.86;4.57;1.71;0.57;0.57;0;0;19.37;0.57
47188;47;Montignac-de-Lauzun;218;166;162;36;28;42;19;9;15;7;0;4;0;2;0;52;0;22.22;17.28;25.93;11.73;5.56;9.26;4.32;0;2.47;0;1.23;0;23.85;0
47189;47;Montignac-Toupinerie;110;86;84;25;11;20;17;7;0;4;0;0;0;0;0;24;0;29.76;13.1;23.81;20.24;8.33;0;4.76;0;0;0;0;0;21.82;0
47190;47;Montpezat;412;346;345;101;70;64;56;18;6;16;4;6;1;3;0;66;0;29.28;20.29;18.55;16.23;5.22;1.74;4.64;1.16;1.74;0.29;0.87;0;16.02;0
47191;47;Montpouillan;615;514;495;167;99;75;54;36;26;26;1;5;3;3;0;101;5;33.74;20;15.15;10.91;7.27;5.25;5.25;0.2;1.01;0.61;0.61;0;16.42;1.01
47192;47;Monviel;63;55;53;19;5;2;18;1;0;3;4;1;0;0;0;8;0;35.85;9.43;3.77;33.96;1.89;0;5.66;7.55;1.89;0;0;0;12.7;0
47193;47;Moulinet;171;139;134;39;22;23;25;5;10;6;1;3;0;0;0;32;0;29.1;16.42;17.16;18.66;3.73;7.46;4.48;0.75;2.24;0;0;0;18.71;0
47194;47;Moustier;213;172;170;44;35;34;31;6;5;6;2;3;3;1;0;41;0;25.88;20.59;20;18.24;3.53;2.94;3.53;1.18;1.76;1.76;0.59;0;19.25;0
47195;47;Nérac;5501;4314;4193;888;901;921;790;173;180;241;21;52;19;7;0;1187;35;21.18;21.49;21.97;18.84;4.13;4.29;5.75;0.5;1.24;0.45;0.17;0;21.58;0.83
47196;47;Nicole;165;116;115;36;18;21;11;13;3;9;3;1;0;0;0;49;1;31.3;15.65;18.26;9.57;11.3;2.61;7.83;2.61;0.87;0;0;0;29.7;0.87
47197;47;Nomdieu;191;165;163;51;21;31;22;13;6;11;5;3;0;0;0;26;1;31.29;12.88;19.02;13.5;7.98;3.68;6.75;3.07;1.84;0;0;0;13.61;0.61
47198;47;Pailloles;260;221;220;49;43;42;34;20;7;22;1;0;2;0;0;39;0;22.27;19.55;19.09;15.45;9.09;3.18;10;0.45;0;0.91;0;0;15;0
47199;47;Pardaillan;190;156;150;33;14;31;40;12;5;8;2;3;0;2;0;34;2;22;9.33;20.67;26.67;8;3.33;5.33;1.33;2;0;1.33;0;17.89;1.33
47200;47;Parranquet;100;81;79;22;8;18;13;9;4;2;0;2;0;1;0;19;1;27.85;10.13;22.78;16.46;11.39;5.06;2.53;0;2.53;0;1.27;0;19;1.27
47201;47;Le Passage;7023;5491;5360;1289;1077;1262;888;235;146;332;37;64;19;11;0;1532;31;24.05;20.09;23.54;16.57;4.38;2.72;6.19;0.69;1.19;0.35;0.21;0;21.81;0.58
47202;47;Paulhiac;227;196;188;54;53;29;21;10;9;8;1;2;1;0;0;31;4;28.72;28.19;15.43;11.17;5.32;4.79;4.26;0.53;1.06;0.53;0;0;13.66;2.13
47203;47;Penne-d'Agenais;1844;1437;1407;322;306;293;254;58;41;89;5;25;11;3;0;407;11;22.89;21.75;20.82;18.05;4.12;2.91;6.33;0.36;1.78;0.78;0.21;0;22.07;0.78
47204;47;Peyrière;212;182;176;52;24;33;25;15;7;12;5;1;1;1;0;30;3;29.55;13.64;18.75;14.2;8.52;3.98;6.82;2.84;0.57;0.57;0.57;0;14.15;1.7
47205;47;Pindères;187;158;156;34;39;31;26;5;7;8;1;3;2;0;0;29;0;21.79;25;19.87;16.67;3.21;4.49;5.13;0.64;1.92;1.28;0;0;15.51;0
47206;47;Pinel-Hauterive;393;324;313;72;58;62;60;16;10;20;5;6;3;1;0;69;3;23;18.53;19.81;19.17;5.11;3.19;6.39;1.6;1.92;0.96;0.32;0;17.56;0.96
47207;47;Pompiey;168;153;147;45;26;27;17;8;8;9;2;1;4;0;0;15;2;30.61;17.69;18.37;11.56;5.44;5.44;6.12;1.36;0.68;2.72;0;0;8.93;1.36
47208;47;Pompogne;154;137;133;32;36;27;23;8;3;1;2;0;1;0;0;17;1;24.06;27.07;20.3;17.29;6.02;2.26;0.75;1.5;0;0.75;0;0;11.04;0.75
47209;47;Pont-du-Casse;3445;2844;2769;757;523;575;482;117;99;152;21;23;17;3;0;601;26;27.34;18.89;20.77;17.41;4.23;3.58;5.49;0.76;0.83;0.61;0.11;0;17.45;0.94
47210;47;Port-Sainte-Marie;1020;819;795;207;175;138;157;32;23;42;6;10;2;3;0;201;9;26.04;22.01;17.36;19.75;4.03;2.89;5.28;0.75;1.26;0.25;0.38;0;19.71;1.13
47211;47;Poudenas;187;164;158;44;27;23;31;13;7;8;0;5;0;0;0;23;2;27.85;17.09;14.56;19.62;8.23;4.43;5.06;0;3.16;0;0;0;12.3;1.27
47212;47;Poussignac;208;172;170;43;29;33;24;16;8;14;2;1;0;0;0;36;2;25.29;17.06;19.41;14.12;9.41;4.71;8.24;1.18;0.59;0;0;0;17.31;1.18
47213;47;Prayssas;762;655;633;132;108;152;127;30;27;39;5;7;6;0;0;107;10;20.85;17.06;24.01;20.06;4.74;4.27;6.16;0.79;1.11;0.95;0;0;14.04;1.58
47214;47;Puch-d'Agenais;563;476;464;158;63;80;106;18;10;18;6;2;3;0;0;87;3;34.05;13.58;17.24;22.84;3.88;2.16;3.88;1.29;0.43;0.65;0;0;15.45;0.65
47215;47;Pujols;2923;2411;2349;582;401;514;486;120;52;146;16;19;9;4;0;512;29;24.78;17.07;21.88;20.69;5.11;2.21;6.22;0.68;0.81;0.38;0.17;0;17.52;1.23
47216;47;Puymiclan;480;426;418;117;80;56;78;27;18;24;4;12;1;1;0;54;3;27.99;19.14;13.4;18.66;6.46;4.31;5.74;0.96;2.87;0.24;0.24;0;11.25;0.72
47217;47;Puymirol;721;604;590;188;98;101;101;28;21;35;4;12;2;0;0;117;4;31.86;16.61;17.12;17.12;4.75;3.56;5.93;0.68;2.03;0.34;0;0;16.23;0.68
47218;47;Puysserampion;196;167;162;33;21;34;40;6;8;12;5;0;2;1;0;29;0;20.37;12.96;20.99;24.69;3.7;4.94;7.41;3.09;0;1.23;0.62;0;14.8;0
47219;47;Rayet;134;119;114;34;16;19;16;5;12;7;0;4;1;0;0;15;0;29.82;14.04;16.67;14.04;4.39;10.53;6.14;0;3.51;0.88;0;0;11.19;0
47220;47;Razimet;200;166;162;40;34;20;43;5;3;11;1;0;0;5;0;34;0;24.69;20.99;12.35;26.54;3.09;1.85;6.79;0.62;0;0;3.09;0;17;0
47221;47;Réaup-Lisse;519;444;438;109;99;99;52;13;21;36;2;4;3;0;0;75;5;24.89;22.6;22.6;11.87;2.97;4.79;8.22;0.46;0.91;0.68;0;0;14.45;1.14
47222;47;La Réunion;387;325;316;89;46;86;53;14;9;15;0;1;2;1;0;62;0;28.16;14.56;27.22;16.77;4.43;2.85;4.75;0;0.32;0.63;0.32;0;16.02;0
47223;47;Rives;185;162;156;23;36;36;36;14;5;2;1;0;3;0;0;23;0;14.74;23.08;23.08;23.08;8.97;3.21;1.28;0.64;0;1.92;0;0;12.43;0
47224;47;Romestaing;143;112;107;33;32;12;11;8;3;7;0;0;0;1;0;31;3;30.84;29.91;11.21;10.28;7.48;2.8;6.54;0;0;0;0.93;0;21.68;2.8
47225;47;Roquefort;1534;1281;1248;316;200;276;267;71;31;58;15;8;6;0;0;253;9;25.32;16.03;22.12;21.39;5.69;2.48;4.65;1.2;0.64;0.48;0;0;16.49;0.72
47226;47;Roumagne;447;382;369;102;54;73;67;24;23;14;4;4;1;3;0;65;6;27.64;14.63;19.78;18.16;6.5;6.23;3.79;1.08;1.08;0.27;0.81;0;14.54;1.63
47227;47;Ruffiac;147;117;110;33;14;23;20;6;5;6;0;2;0;1;0;30;2;30;12.73;20.91;18.18;5.45;4.55;5.45;0;1.82;0;0.91;0;20.41;1.82
47228;47;Saint-Antoine-de-Ficalba;503;439;426;118;99;71;53;30;10;29;10;3;2;1;0;64;4;27.7;23.24;16.67;12.44;7.04;2.35;6.81;2.35;0.7;0.47;0.23;0;12.72;0.94
47229;47;Saint-Astier;138;125;116;20;23;12;45;6;3;5;1;0;1;0;0;13;2;17.24;19.83;10.34;38.79;5.17;2.59;4.31;0.86;0;0.86;0;0;9.42;1.72
47230;47;Saint-Aubin;321;257;251;47;36;58;56;18;14;13;3;3;3;0;0;64;1;18.73;14.34;23.11;22.31;7.17;5.58;5.18;1.2;1.2;1.2;0;0;19.94;0.4
47231;47;Saint-Avit;145;119;116;43;18;21;20;8;3;2;0;1;0;0;0;26;0;37.07;15.52;18.1;17.24;6.9;2.59;1.72;0;0.86;0;0;0;17.93;0
47232;47;Saint-Barthélemy-d'Agenais;400;350;344;104;54;71;51;24;11;15;3;6;3;2;0;50;3;30.23;15.7;20.64;14.83;6.98;3.2;4.36;0.87;1.74;0.87;0.58;0;12.5;0.87
47233;47;Sainte-Bazeille;2447;1943;1886;516;336;398;320;89;62;101;28;27;7;2;0;504;13;27.36;17.82;21.1;16.97;4.72;3.29;5.36;1.48;1.43;0.37;0.11;0;20.6;0.69
47234;47;Saint-Caprais-de-Lerm;516;453;439;142;87;81;64;23;12;21;1;3;4;1;0;63;5;32.35;19.82;18.45;14.58;5.24;2.73;4.78;0.23;0.68;0.91;0.23;0;12.21;1.14
47235;47;Saint-Colomb-de-Lauzun;361;276;268;72;40;52;54;18;9;14;3;6;0;0;0;85;4;26.87;14.93;19.4;20.15;6.72;3.36;5.22;1.12;2.24;0;0;0;23.55;1.49
47236;47;Sainte-Colombe-de-Duras;65;58;52;11;9;9;8;3;5;4;2;0;1;0;0;7;1;21.15;17.31;17.31;15.38;5.77;9.62;7.69;3.85;0;1.92;0;0;10.77;1.92
47237;47;Sainte-Colombe-de-Villeneuve;366;310;297;65;60;76;60;12;7;6;8;2;1;0;0;56;2;21.89;20.2;25.59;20.2;4.04;2.36;2.02;2.69;0.67;0.34;0;0;15.3;0.67
47238;47;Sainte-Colombe-en-Bruilhois;1325;1114;1084;280;202;220;212;57;36;52;8;9;5;3;0;211;13;25.83;18.63;20.3;19.56;5.26;3.32;4.8;0.74;0.83;0.46;0.28;0;15.92;1.2
47239;47;Saint-Etienne-de-Fougères;714;571;561;182;115;68;91;42;12;28;5;13;4;1;0;143;3;32.44;20.5;12.12;16.22;7.49;2.14;4.99;0.89;2.32;0.71;0.18;0;20.03;0.53
47240;47;Saint-Etienne-de-Villeréal;249;213;201;44;48;43;25;7;10;14;4;3;2;1;0;36;0;21.89;23.88;21.39;12.44;3.48;4.98;6.97;1.99;1.49;1;0.5;0;14.46;0
47241;47;Saint-Eutrope-de-Born;494;406;390;78;73;83;68;16;20;40;5;4;3;0;0;88;3;20;18.72;21.28;17.44;4.1;5.13;10.26;1.28;1.03;0.77;0;0;17.81;0.77
47242;47;Saint-Front-sur-Lémance;416;341;329;97;57;57;67;16;14;12;1;5;2;1;0;75;7;29.48;17.33;17.33;20.36;4.86;4.26;3.65;0.3;1.52;0.61;0.3;0;18.03;2.13
47244;47;Sainte-Gemme-Martaillac;267;219;213;62;31;38;46;12;8;10;1;4;1;0;0;48;1;29.11;14.55;17.84;21.6;5.63;3.76;4.69;0.47;1.88;0.47;0;0;17.98;0.47
47245;47;Saint-Géraud;60;52;51;19;8;12;1;3;2;2;2;2;0;0;0;8;0;37.25;15.69;23.53;1.96;5.88;3.92;3.92;3.92;3.92;0;0;0;13.33;0
47246;47;Saint-Hilaire-de-Lusignan;1185;994;967;259;166;213;163;48;29;58;13;11;5;2;0;191;4;26.78;17.17;22.03;16.86;4.96;3;6;1.34;1.14;0.52;0.21;0;16.12;0.41
47247;47;Saint-Jean-de-Duras;168;143;139;22;19;33;30;8;5;19;1;2;0;0;0;25;3;15.83;13.67;23.74;21.58;5.76;3.6;13.67;0.72;1.44;0;0;0;14.88;2.16
47248;47;Saint-Jean-de-Thurac;421;370;362;99;70;72;46;24;21;18;5;6;1;0;0;51;3;27.35;19.34;19.89;12.71;6.63;5.8;4.97;1.38;1.66;0.28;0;0;12.11;0.83
47249;47;Saint-Laurent;320;267;258;50;60;53;34;15;13;18;5;7;3;0;0;53;2;19.38;23.26;20.54;13.18;5.81;5.04;6.98;1.94;2.71;1.16;0;0;16.56;0.78
47250;47;Saint-Léger;116;101;99;38;12;20;18;4;1;5;1;0;0;0;0;15;2;38.38;12.12;20.2;18.18;4.04;1.01;5.05;1.01;0;0;0;0;12.93;2.02
47251;47;Saint-Léon;236;194;188;58;30;35;26;9;10;14;3;3;0;0;0;42;1;30.85;15.96;18.62;13.83;4.79;5.32;7.45;1.6;1.6;0;0;0;17.8;0.53
47252;47;Sainte-Livrade-sur-Lot;4231;3259;3183;816;639;601;649;147;80;138;48;40;21;4;0;972;28;25.64;20.08;18.88;20.39;4.62;2.51;4.34;1.51;1.26;0.66;0.13;0;22.97;0.88
47253;47;Sainte-Marthe;441;386;373;118;79;59;63;22;15;10;2;3;1;1;0;55;5;31.64;21.18;15.82;16.89;5.9;4.02;2.68;0.54;0.8;0.27;0.27;0;12.47;1.34
47254;47;Saint-Martin-Curton;243;199;193;32;37;59;28;9;5;19;1;3;0;0;0;44;1;16.58;19.17;30.57;14.51;4.66;2.59;9.84;0.52;1.55;0;0;0;18.11;0.52
47255;47;Saint-Martin-de-Beauville;132;115;114;37;21;15;21;6;4;9;0;0;0;1;0;17;0;32.46;18.42;13.16;18.42;5.26;3.51;7.89;0;0;0;0.88;0;12.88;0
47256;47;Saint-Martin-de-Villeréal;92;78;75;14;7;19;16;1;10;4;1;1;2;0;0;14;0;18.67;9.33;25.33;21.33;1.33;13.33;5.33;1.33;1.33;2.67;0;0;15.22;0
47257;47;Saint-Martin-Petit;424;360;352;111;53;72;57;19;11;13;4;10;2;0;0;64;1;31.53;15.06;20.45;16.19;5.4;3.13;3.69;1.14;2.84;0.57;0;0;15.09;0.28
47258;47;Sainte-Maure-de-Peyriac;262;207;197;41;30;45;48;8;11;11;3;0;0;0;0;55;1;20.81;15.23;22.84;24.37;4.06;5.58;5.58;1.52;0;0;0;0;20.99;0.51
47259;47;Saint-Maurice-de-Lestapel;88;79;78;19;12;18;12;4;10;2;0;0;1;0;0;9;0;24.36;15.38;23.08;15.38;5.13;12.82;2.56;0;0;1.28;0;0;10.23;0
47260;47;Saint-Maurin;313;286;284;95;31;54;56;13;10;22;1;2;0;0;0;27;0;33.45;10.92;19.01;19.72;4.58;3.52;7.75;0.35;0.7;0;0;0;8.63;0
47262;47;Saint-Nicolas-de-la-Balerme;295;243;234;74;49;45;30;12;11;8;0;4;1;0;0;52;2;31.62;20.94;19.23;12.82;5.13;4.7;3.42;0;1.71;0.43;0;0;17.63;0.85
47263;47;Saint-Pardoux-du-Breuil;477;391;380;117;53;75;71;16;17;16;1;6;7;1;0;86;3;30.79;13.95;19.74;18.68;4.21;4.47;4.21;0.26;1.58;1.84;0.26;0;18.03;0.79
47264;47;Saint-Pardoux-Isaac;907;703;676;200;120;124;128;33;24;25;4;11;6;1;0;204;8;29.59;17.75;18.34;18.93;4.88;3.55;3.7;0.59;1.63;0.89;0.15;0;22.49;1.18
47265;47;Saint-Pastour;280;237;234;60;44;44;34;9;17;17;2;3;4;0;0;43;2;25.64;18.8;18.8;14.53;3.85;7.26;7.26;0.85;1.28;1.71;0;0;15.36;0.85
47266;47;Saint-Pé-Saint-Simon;174;131;130;32;22;31;19;11;7;6;1;1;0;0;0;43;0;24.62;16.92;23.85;14.62;8.46;5.38;4.62;0.77;0.77;0;0;0;24.71;0
47267;47;Saint-Pierre-de-Buzet;203;163;157;64;21;11;35;6;12;4;4;0;0;0;0;40;4;40.76;13.38;7.01;22.29;3.82;7.64;2.55;2.55;0;0;0;0;19.7;2.55
47269;47;Saint-Pierre-de-Clairac;750;630;612;177;102;97;135;32;25;24;7;6;5;2;0;120;5;28.92;16.67;15.85;22.06;5.23;4.08;3.92;1.14;0.98;0.82;0.33;0;16;0.82
47271;47;Saint-Pierre-sur-Dropt;223;186;178;58;45;17;25;7;8;9;3;3;2;1;0;37;3;32.58;25.28;9.55;14.04;3.93;4.49;5.06;1.69;1.69;1.12;0.56;0;16.59;1.69
47272;47;Saint-Quentin-du-Dropt;149;132;128;26;32;20;21;12;1;10;0;5;1;0;0;17;1;20.31;25;15.63;16.41;9.38;0.78;7.81;0;3.91;0.78;0;0;11.41;0.78
47273;47;Saint-Robert;140;117;115;29;29;15;10;12;1;15;2;1;0;1;0;23;0;25.22;25.22;13.04;8.7;10.43;0.87;13.04;1.74;0.87;0;0.87;0;16.43;0
47274;47;Saint-Romain-le-Noble;334;265;260;88;48;45;35;16;8;12;3;2;3;0;0;69;0;33.85;18.46;17.31;13.46;6.15;3.08;4.62;1.15;0.77;1.15;0;0;20.66;0
47275;47;Saint-Salvy;145;126;122;41;16;15;23;11;4;6;2;2;2;0;0;19;2;33.61;13.11;12.3;18.85;9.02;3.28;4.92;1.64;1.64;1.64;0;0;13.1;1.64
47276;47;Saint-Sardos;221;193;188;55;30;30;47;8;9;6;1;1;1;0;0;28;3;29.26;15.96;15.96;25;4.26;4.79;3.19;0.53;0.53;0.53;0;0;12.67;1.6
47277;47;Saint-Sauveur-de-Meilhan;232;194;186;61;40;28;37;9;4;5;2;0;0;0;0;38;5;32.8;21.51;15.05;19.89;4.84;2.15;2.69;1.08;0;0;0;0;16.38;2.69
47278;47;Saint-Sernin;278;234;228;65;31;47;42;10;20;7;0;4;2;0;0;44;3;28.51;13.6;20.61;18.42;4.39;8.77;3.07;0;1.75;0.88;0;0;15.83;1.32
47279;47;Saint-Sixte;285;233;228;76;28;44;43;11;6;13;1;6;0;0;0;52;2;33.33;12.28;19.3;18.86;4.82;2.63;5.7;0.44;2.63;0;0;0;18.25;0.88
47280;47;Saint-Sylvestre-sur-Lot;1726;1378;1334;347;233;263;296;90;27;47;7;13;10;1;0;348;23;26.01;17.47;19.72;22.19;6.75;2.02;3.52;0.52;0.97;0.75;0.07;0;20.16;1.72
47281;47;Saint-Urcisse;203;178;172;63;22;19;42;7;5;5;5;0;2;2;0;25;3;36.63;12.79;11.05;24.42;4.07;2.91;2.91;2.91;0;1.16;1.16;0;12.32;1.74
47282;47;Saint-Vincent-de-Lamontjoie;219;188;184;44;30;27;45;8;10;13;3;2;1;1;0;31;3;23.91;16.3;14.67;24.46;4.35;5.43;7.07;1.63;1.09;0.54;0.54;0;14.16;1.63
47283;47;Saint-Vite;797;611;590;140;139;126;83;31;10;38;5;12;5;1;0;186;4;23.73;23.56;21.36;14.07;5.25;1.69;6.44;0.85;2.03;0.85;0.17;0;23.34;0.68
47284;47;Salles;235;190;185;53;36;34;30;8;14;6;0;2;0;2;0;45;2;28.65;19.46;18.38;16.22;4.32;7.57;3.24;0;1.08;0;1.08;0;19.15;1.08
47285;47;Samazan;637;547;539;145;138;104;73;17;14;28;9;6;3;2;0;90;2;26.9;25.6;19.29;13.54;3.15;2.6;5.19;1.67;1.11;0.56;0.37;0;14.13;0.37
47286;47;Sauméjan;88;77;76;20;13;15;14;3;2;6;0;3;0;0;0;11;0;26.32;17.11;19.74;18.42;3.95;2.63;7.89;0;3.95;0;0;0;12.5;0
47287;47;Saumont;172;157;151;35;30;33;22;6;8;14;2;1;0;0;0;15;2;23.18;19.87;21.85;14.57;3.97;5.3;9.27;1.32;0.66;0;0;0;8.72;1.32
47288;47;Sauvagnas;369;332;329;78;55;83;73;20;8;9;0;2;1;0;0;37;1;23.71;16.72;25.23;22.19;6.08;2.43;2.74;0;0.61;0.3;0;0;10.03;0.3
47289;47;La Sauvetat-de-Savères;365;321;311;95;68;45;42;16;16;11;7;8;2;1;0;44;0;30.55;21.86;14.47;13.5;5.14;5.14;3.54;2.25;2.57;0.64;0.32;0;12.05;0
47290;47;La Sauvetat-du-Dropt;379;313;304;93;35;55;58;17;23;10;5;6;1;1;0;66;2;30.59;11.51;18.09;19.08;5.59;7.57;3.29;1.64;1.97;0.33;0.33;0;17.41;0.66
47291;47;La Sauvetat-sur-Lède;416;361;350;107;68;51;56;15;12;25;5;10;0;1;0;55;1;30.57;19.43;14.57;16;4.29;3.43;7.14;1.43;2.86;0;0.29;0;13.22;0.29
47292;47;Sauveterre-la-Lémance;449;361;345;88;61;62;75;21;8;17;8;3;1;1;0;88;3;25.51;17.68;17.97;21.74;6.09;2.32;4.93;2.32;0.87;0.29;0.29;0;19.6;0.87
47293;47;Sauveterre-Saint-Denis;311;257;251;92;39;34;42;14;9;13;1;5;2;0;0;54;0;36.65;15.54;13.55;16.73;5.58;3.59;5.18;0.4;1.99;0.8;0;0;17.36;0
47294;47;Savignac-de-Duras;153;130;126;39;10;33;29;9;1;4;0;1;0;0;0;23;1;30.95;7.94;26.19;23.02;7.14;0.79;3.17;0;0.79;0;0;0;15.03;0.79
47295;47;Savignac-sur-Leyze;220;194;185;51;36;52;26;4;3;10;0;3;0;0;0;26;2;27.57;19.46;28.11;14.05;2.16;1.62;5.41;0;1.62;0;0;0;11.82;1.08
47296;47;Ségalas;108;81;79;30;6;23;8;7;3;1;0;0;1;0;0;27;2;37.97;7.59;29.11;10.13;8.86;3.8;1.27;0;0;1.27;0;0;25;2.53
47297;47;Sembas;127;95;95;14;16;22;25;3;6;7;1;1;0;0;0;32;0;14.74;16.84;23.16;26.32;3.16;6.32;7.37;1.05;1.05;0;0;0;25.2;0
47298;47;Sénestis;181;160;152;33;24;32;32;14;4;7;2;1;2;1;0;21;1;21.71;15.79;21.05;21.05;9.21;2.63;4.61;1.32;0.66;1.32;0.66;0;11.6;0.66
47299;47;Sérignac-Péboudou;118;95;93;23;16;15;16;9;4;6;1;1;2;0;0;23;1;24.73;17.2;16.13;17.2;9.68;4.3;6.45;1.08;1.08;2.15;0;0;19.49;1.08
47300;47;Sérignac-sur-Garonne;851;671;648;190;94;135;121;39;26;27;6;8;1;1;0;180;7;29.32;14.51;20.83;18.67;6.02;4.01;4.17;0.93;1.23;0.15;0.15;0;21.15;1.08
47301;47;Seyches;756;609;580;153;82;124;110;37;17;38;4;7;7;1;0;147;15;26.38;14.14;21.38;18.97;6.38;2.93;6.55;0.69;1.21;1.21;0.17;0;19.44;2.59
47302;47;Sos;493;395;384;97;70;78;71;20;18;20;3;5;2;0;0;98;5;25.26;18.23;20.31;18.49;5.21;4.69;5.21;0.78;1.3;0.52;0;0;19.88;1.3
47303;47;Soumensac;184;146;141;31;17;38;33;5;3;10;3;1;0;0;0;38;1;21.99;12.06;26.95;23.4;3.55;2.13;7.09;2.13;0.71;0;0;0;20.65;0.71
47304;47;Taillebourg;71;59;58;16;10;6;19;0;0;5;2;0;0;0;0;12;0;27.59;17.24;10.34;32.76;0;0;8.62;3.45;0;0;0;0;16.9;0
47305;47;Tayrac;292;251;245;74;38;47;46;14;4;13;2;6;1;0;0;41;1;30.2;15.51;19.18;18.78;5.71;1.63;5.31;0.82;2.45;0.41;0;0;14.04;0.41
47306;47;Le Temple-sur-Lot;718;616;599;152;101;101;125;39;19;40;4;12;4;2;0;102;5;25.38;16.86;16.86;20.87;6.51;3.17;6.68;0.67;2;0.67;0.33;0;14.21;0.83
47307;47;Thézac;143;126;124;29;23;14;33;8;7;7;0;3;0;0;0;17;1;23.39;18.55;11.29;26.61;6.45;5.65;5.65;0;2.42;0;0;0;11.89;0.81
47308;47;Thouars-sur-Garonne;164;141;137;36;18;27;38;11;4;1;0;2;0;0;0;23;3;26.28;13.14;19.71;27.74;8.03;2.92;0.73;0;1.46;0;0;0;14.02;2.19
47309;47;Tombeboeuf;327;266;256;65;33;49;75;14;10;4;1;3;2;0;0;61;4;25.39;12.89;19.14;29.3;5.47;3.91;1.56;0.39;1.17;0.78;0;0;18.65;1.56
47310;47;Tonneins;6336;4800;4689;1263;951;964;723;192;164;305;33;57;29;8;0;1536;42;26.94;20.28;20.56;15.42;4.09;3.5;6.5;0.7;1.22;0.62;0.17;0;24.24;0.9
47311;47;Tourliac;92;78;76;21;9;22;9;4;5;5;1;0;0;0;0;14;0;27.63;11.84;28.95;11.84;5.26;6.58;6.58;1.32;0;0;0;0;15.22;0
47312;47;Tournon-d'Agenais;491;413;394;77;80;76;85;21;24;21;4;2;4;0;0;78;6;19.54;20.3;19.29;21.57;5.33;6.09;5.33;1.02;0.51;1.02;0;0;15.89;1.52
47313;47;Tourtrès;100;88;84;31;11;4;21;4;6;5;2;0;0;0;0;12;2;36.9;13.1;4.76;25;4.76;7.14;5.95;2.38;0;0;0;0;12;2.38
47314;47;Trémons;274;230;225;59;46;55;41;9;5;6;1;3;0;0;0;44;1;26.22;20.44;24.44;18.22;4;2.22;2.67;0.44;1.33;0;0;0;16.06;0.44
47315;47;Trentels;659;560;547;115;111;116;96;47;28;22;3;7;2;0;0;99;3;21.02;20.29;21.21;17.55;8.59;5.12;4.02;0.55;1.28;0.37;0;0;15.02;0.55
47316;47;Varès;525;465;455;169;72;60;75;26;15;21;6;7;4;0;0;60;2;37.14;15.82;13.19;16.48;5.71;3.3;4.62;1.32;1.54;0.88;0;0;11.43;0.44
47317;47;Verteuil-d'Agenais;321;273;262;77;48;29;63;16;9;9;3;4;2;2;0;48;1;29.39;18.32;11.07;24.05;6.11;3.44;3.44;1.15;1.53;0.76;0.76;0;14.95;0.38
47318;47;Vianne;736;613;587;172;99;117;99;28;10;35;10;12;4;1;0;123;6;29.3;16.87;19.93;16.87;4.77;1.7;5.96;1.7;2.04;0.68;0.17;0;16.71;1.02
47319;47;Villebramar;72;58;54;11;12;4;16;7;2;2;0;0;0;0;0;14;2;20.37;22.22;7.41;29.63;12.96;3.7;3.7;0;0;0;0;0;19.44;3.7
47320;47;Villefranche-du-Queyran;289;244;237;64;53;41;38;10;14;15;1;0;1;0;0;45;1;27;22.36;17.3;16.03;4.22;5.91;6.33;0.42;0;0.42;0;0;15.57;0.42
47321;47;Villeneuve-de-Duras;200;160;157;42;16;33;39;15;2;5;1;1;3;0;0;40;0;26.75;10.19;21.02;24.84;9.55;1.27;3.18;0.64;0.64;1.91;0;0;20;0
47323;47;Villeneuve-sur-Lot;16728;12338;12004;2747;2425;2583;2386;556;269;680;153;127;57;21;0;4390;110;22.88;20.2;21.52;19.88;4.63;2.24;5.66;1.27;1.06;0.47;0.17;0;26.24;0.92
47324;47;Villeréal;844;704;685;150;107;163;154;36;19;36;9;4;7;0;0;140;5;21.9;15.62;23.8;22.48;5.26;2.77;5.26;1.31;0.58;1.02;0;0;16.59;0.73
47325;47;Villeton;360;294;286;91;57;45;44;24;8;13;2;1;1;0;0;66;2;31.82;19.93;15.73;15.38;8.39;2.8;4.55;0.7;0.35;0.35;0;0;18.33;0.7
47326;47;Virazeil;1400;1207;1179;309;222;251;204;51;44;70;7;12;8;1;0;193;10;26.21;18.83;21.29;17.3;4.33;3.73;5.94;0.59;1.02;0.68;0.08;0;13.79;0.85
47327;47;Xaintrailles;341;306;294;76;72;67;38;11;15;9;1;4;1;0;0;35;1;25.85;24.49;22.79;12.93;3.74;5.1;3.06;0.34;1.36;0.34;0;0;10.26;0.34
47328;47;Saint-Georges;428;356;345;78;72;72;62;19;10;18;3;10;0;1;0;72;1;22.61;20.87;20.87;17.97;5.51;2.9;5.22;0.87;2.9;0;0.29;0;16.82;0.29