insee;dep;nom;nb_inscrits;nb_votants;nb_exprimes;nb_voix1;nb_voix2;nb_voix3;nb_voix4;nb_voix5;nb_voix6;nb_voix7;nb_voix8;nb_voix9;nb_voix10;nb_voix11;nb_voix12;nb_voix13;nb_voix14;voix_1;voix_2;voix_3;voix_4;voix_5;voix_6;voix_7;voix_8;voix_9;voix_10;voix_11;voix_12;voix_13;voix_14
51001;51;Ablancourt;130;113;109;50;8;19;18;10;1;1;0;0;2;0;0;17;1;45.87;7.34;17.43;16.51;9.17;0.92;0.92;0;0;1.83;0;0;13.08;0.92
51002;51;Saint-Martin-d'Ablois;1040;879;854;299;96;128;204;65;11;28;8;7;5;3;0;161;16;35.01;11.24;14.99;23.89;7.61;1.29;3.28;0.94;0.82;0.59;0.35;0;15.48;1.87
51003;51;Aigny;203;177;171;67;22;24;42;11;2;2;0;1;0;0;0;26;2;39.18;12.87;14.04;24.56;6.43;1.17;1.17;0;0.58;0;0;0;12.81;1.17
51004;51;Allemanche-Launay-et-Soyer;96;83;82;22;9;10;33;4;1;2;0;1;0;0;0;13;0;26.83;10.98;12.2;40.24;4.88;1.22;2.44;0;1.22;0;0;0;13.54;0
51005;51;Allemant;118;103;103;29;8;15;42;6;0;0;2;0;1;0;0;15;0;28.16;7.77;14.56;40.78;5.83;0;0;1.94;0;0.97;0;0;12.71;0
51006;51;Alliancelles;124;98;94;29;15;16;18;6;1;4;2;2;0;1;0;26;2;30.85;15.96;17.02;19.15;6.38;1.06;4.26;2.13;2.13;0;1.06;0;20.97;2.13
51007;51;Ambonnay;689;567;558;177;50;72;193;38;2;18;2;5;1;0;0;122;3;31.72;8.96;12.9;34.59;6.81;0.36;3.23;0.36;0.9;0.18;0;0;17.71;0.54
51008;51;Ambrières;189;161;160;59;10;25;45;11;1;7;0;1;1;0;0;28;0;36.88;6.25;15.63;28.13;6.88;0.63;4.38;0;0.63;0.63;0;0;14.81;0
51009;51;Anglure;640;509;494;183;52;96;125;17;5;4;4;2;5;1;0;131;5;37.04;10.53;19.43;25.3;3.44;1.01;0.81;0.81;0.4;1.01;0.2;0;20.47;1.01
51010;51;Angluzelles-et-Courcelles;125;108;103;37;12;16;26;9;1;0;1;1;0;0;0;17;2;35.92;11.65;15.53;25.24;8.74;0.97;0;0.97;0.97;0;0;0;13.6;1.94
51012;51;Anthenay;54;48;48;11;3;8;15;9;0;2;0;0;0;0;0;6;0;22.92;6.25;16.67;31.25;18.75;0;4.17;0;0;0;0;0;11.11;0
51013;51;Aougny;87;74;73;16;5;16;28;5;1;1;0;1;0;0;0;13;0;21.92;6.85;21.92;38.36;6.85;1.37;1.37;0;1.37;0;0;0;14.94;0
51014;51;Arcis-le-Ponsart;268;222;220;53;28;50;70;10;1;6;1;1;0;0;0;46;1;24.09;12.73;22.73;31.82;4.55;0.45;2.73;0.45;0.45;0;0;0;17.16;0.45
51015;51;Argers;91;79;76;27;6;19;15;2;0;3;1;1;2;0;0;12;1;35.53;7.89;25;19.74;2.63;0;3.95;1.32;1.32;2.63;0;0;13.19;1.32
51016;51;Arrigny;202;172;168;55;15;37;40;13;1;3;0;3;1;0;0;30;3;32.74;8.93;22.02;23.81;7.74;0.6;1.79;0;1.79;0.6;0;0;14.85;1.79
51017;51;Arzillières-Neuville;261;223;222;111;12;31;37;22;3;4;0;2;0;0;0;38;0;50;5.41;13.96;16.67;9.91;1.35;1.8;0;0.9;0;0;0;14.56;0
51018;51;Athis;538;459;442;163;42;73;96;38;4;15;5;1;4;1;0;79;4;36.88;9.5;16.52;21.72;8.6;0.9;3.39;1.13;0.23;0.9;0.23;0;14.68;0.9
51019;51;Aubérive;188;168;165;43;22;37;41;13;0;3;3;3;0;0;0;20;2;26.06;13.33;22.42;24.85;7.88;0;1.82;1.82;1.82;0;0;0;10.64;1.21
51020;51;Aubilly;33;27;26;3;4;5;12;1;0;1;0;0;0;0;0;6;0;11.54;15.38;19.23;46.15;3.85;0;3.85;0;0;0;0;0;18.18;0
51022;51;Aulnay-l'Aître;120;105;103;32;9;12;32;12;0;2;0;1;3;0;0;15;1;31.07;8.74;11.65;31.07;11.65;0;1.94;0;0.97;2.91;0;0;12.5;0.97
51023;51;Aulnay-sur-Marne;206;179;177;48;20;35;51;10;0;9;2;0;2;0;0;27;1;27.12;11.3;19.77;28.81;5.65;0;5.08;1.13;0;1.13;0;0;13.11;0.56
51025;51;Auménancourt;691;619;603;215;71;112;119;38;7;26;8;3;4;0;0;72;16;35.66;11.77;18.57;19.73;6.3;1.16;4.31;1.33;0.5;0.66;0;0;10.42;2.65
51027;51;Auve;198;169;163;33;10;22;65;19;1;11;2;0;0;0;0;29;2;20.25;6.13;13.5;39.88;11.66;0.61;6.75;1.23;0;0;0;0;14.65;1.23
51028;51;Avenay-Val-d'Or;801;645;631;219;78;107;148;23;5;31;7;7;6;0;0;156;6;34.71;12.36;16.96;23.45;3.65;0.79;4.91;1.11;1.11;0.95;0;0;19.48;0.95
51029;51;Avize;1178;981;954;284;112;182;249;65;6;30;5;8;9;4;0;197;6;29.77;11.74;19.08;26.1;6.81;0.63;3.14;0.52;0.84;0.94;0.42;0;16.72;0.63
51030;51;Ay-Champagne;4031;3158;3083;907;564;533;620;199;37;142;25;30;19;7;0;873;28;29.42;18.29;17.29;20.11;6.45;1.2;4.61;0.81;0.97;0.62;0.23;0;21.66;0.91
51031;51;Baconnes;216;198;192;64;27;36;42;13;4;4;1;0;1;0;0;18;1;33.33;14.06;18.75;21.88;6.77;2.08;2.08;0.52;0;0.52;0;0;8.33;0.52
51032;51;Bagneux;351;292;284;114;34;37;54;22;4;12;2;2;3;0;0;59;3;40.14;11.97;13.03;19.01;7.75;1.41;4.23;0.7;0.7;1.06;0;0;16.81;1.06
51033;51;Le Baizil;184;152;147;84;16;14;17;5;2;3;2;2;2;0;0;32;1;57.14;10.88;9.52;11.56;3.4;1.36;2.04;1.36;1.36;1.36;0;0;17.39;0.68
51034;51;Bannay;23;21;19;0;3;1;13;0;1;0;0;1;0;0;0;2;0;0;15.79;5.26;68.42;0;5.26;0;0;5.26;0;0;0;8.7;0
51035;51;Bannes;201;176;173;66;11;31;40;17;1;4;2;0;1;0;0;25;3;38.15;6.36;17.92;23.12;9.83;0.58;2.31;1.16;0;0.58;0;0;12.44;1.73
51036;51;Barbonne-Fayel;369;303;300;94;37;46;83;25;3;5;0;5;2;0;0;66;0;31.33;12.33;15.33;27.67;8.33;1;1.67;0;1.67;0.67;0;0;17.89;0
51037;51;Baslieux-lès-Fismes;245;200;194;52;20;40;40;29;0;7;1;2;3;0;0;45;0;26.8;10.31;20.62;20.62;14.95;0;3.61;0.52;1.03;1.55;0;0;18.37;0
51038;51;Baslieux-sous-Châtillon;149;127;125;35;8;19;50;9;0;1;0;2;0;1;0;22;1;28;6.4;15.2;40;7.2;0;0.8;0;1.6;0;0.8;0;14.77;0.8
51039;51;Bassu;107;91;89;34;4;16;24;9;1;1;0;0;0;0;0;16;0;38.2;4.49;17.98;26.97;10.11;1.12;1.12;0;0;0;0;0;14.95;0
51040;51;Bassuet;214;186;182;63;15;21;60;13;2;4;1;2;0;1;0;28;1;34.62;8.24;11.54;32.97;7.14;1.1;2.2;0.55;1.1;0;0.55;0;13.08;0.55
51041;51;Baudement;96;83;83;20;12;16;29;2;0;3;1;0;0;0;0;13;0;24.1;14.46;19.28;34.94;2.41;0;3.61;1.2;0;0;0;0;13.54;0
51042;51;Baye;350;280;273;78;26;33;102;19;3;8;0;3;1;0;0;70;3;28.57;9.52;12.09;37.36;6.96;1.1;2.93;0;1.1;0.37;0;0;20;1.1
51043;51;Bazancourt;1529;1255;1230;453;190;237;180;82;13;41;6;15;10;3;0;274;5;36.83;15.45;19.27;14.63;6.67;1.06;3.33;0.49;1.22;0.81;0.24;0;17.92;0.41
51044;51;Beaumont-sur-Vesle;623;527;509;133;74;118;107;32;14;21;5;2;2;1;0;96;5;26.13;14.54;23.18;21.02;6.29;2.75;4.13;0.98;0.39;0.39;0.2;0;15.41;0.98
51045;51;Beaunay;82;73;72;28;4;9;24;2;1;2;1;0;1;0;0;9;1;38.89;5.56;12.5;33.33;2.78;1.39;2.78;1.39;0;1.39;0;0;10.98;1.39
51046;51;Beine-Nauroy;767;638;619;130;88;137;162;55;6;28;2;8;3;0;0;129;2;21;14.22;22.13;26.17;8.89;0.97;4.52;0.32;1.29;0.48;0;0;16.82;0.32
51047;51;Belval-en-Argonne;47;32;31;9;6;4;2;3;0;3;0;2;2;0;0;15;0;29.03;19.35;12.9;6.45;9.68;0;9.68;0;6.45;6.45;0;0;31.91;0
51048;51;Belval-sous-Châtillon;130;109;107;22;19;18;27;16;1;2;0;1;1;0;0;21;1;20.56;17.76;16.82;25.23;14.95;0.93;1.87;0;0.93;0.93;0;0;16.15;0.93
51049;51;Bergères-lès-Vertus;519;379;374;127;21;65;105;26;2;13;8;4;3;0;0;140;2;33.96;5.61;17.38;28.07;6.95;0.53;3.48;2.14;1.07;0.8;0;0;26.97;0.53
51050;51;Bergères-sous-Montmirail;118;101;98;29;5;15;36;2;2;6;2;0;1;0;0;17;0;29.59;5.1;15.31;36.73;2.04;2.04;6.12;2.04;0;1.02;0;0;14.41;0
51051;51;Berméricourt;158;147;143;46;15;29;29;6;5;10;0;1;1;1;0;11;3;32.17;10.49;20.28;20.28;4.2;3.5;6.99;0;0.7;0.7;0.7;0;6.96;2.1
51052;51;Berru;439;392;385;102;33;99;107;11;6;15;5;2;5;0;0;47;2;26.49;8.57;25.71;27.79;2.86;1.56;3.9;1.3;0.52;1.3;0;0;10.71;0.52
51053;51;Berzieux;57;53;53;14;2;3;26;4;3;0;0;0;1;0;0;4;0;26.42;3.77;5.66;49.06;7.55;5.66;0;0;0;1.89;0;0;7.02;0
51054;51;Bétheniville;797;667;648;273;89;104;95;40;9;20;1;8;6;3;0;130;6;42.13;13.73;16.05;14.66;6.17;1.39;3.09;0.15;1.23;0.93;0.46;0;16.31;0.93
51055;51;Bétheny;5469;4390;4301;1126;681;1007;833;283;31;233;24;36;37;10;0;1079;22;26.18;15.83;23.41;19.37;6.58;0.72;5.42;0.56;0.84;0.86;0.23;0;19.73;0.51
51056;51;Bethon;246;198;194;51;18;23;74;8;3;9;6;2;0;0;0;48;0;26.29;9.28;11.86;38.14;4.12;1.55;4.64;3.09;1.03;0;0;0;19.51;0
51057;51;Bettancourt-la-Longue;73;62;60;24;8;4;14;5;0;2;3;0;0;0;0;11;1;40;13.33;6.67;23.33;8.33;0;3.33;5;0;0;0;0;15.07;1.67
51058;51;Bezannes;1303;1168;1155;185;134;333;347;54;7;79;6;4;6;0;0;135;8;16.02;11.6;28.83;30.04;4.68;0.61;6.84;0.52;0.35;0.52;0;0;10.36;0.69
51059;51;Bignicourt-sur-Marne;297;256;251;110;21;48;37;16;0;7;3;7;1;1;0;41;3;43.82;8.37;19.12;14.74;6.37;0;2.79;1.2;2.79;0.4;0.4;0;13.8;1.2
51060;51;Bignicourt-sur-Saulx;152;133;129;50;4;21;34;10;0;3;0;4;3;0;0;19;3;38.76;3.1;16.28;26.36;7.75;0;2.33;0;3.1;2.33;0;0;12.5;2.33
51061;51;Billy-le-Grand;98;93;93;22;4;11;47;6;0;3;0;0;0;0;0;5;0;23.66;4.3;11.83;50.54;6.45;0;3.23;0;0;0;0;0;5.1;0
51062;51;Binarville;102;75;75;36;13;12;10;1;1;2;0;0;0;0;0;27;0;48;17.33;16;13.33;1.33;1.33;2.67;0;0;0;0;0;26.47;0
51063;51;Binson-et-Orquigny;141;110;106;43;4;16;39;2;0;2;0;0;0;0;0;31;0;40.57;3.77;15.09;36.79;1.89;0;1.89;0;0;0;0;0;21.99;0
51065;51;Blacy;494;427;420;167;37;74;97;25;4;6;2;5;2;1;0;67;2;39.76;8.81;17.62;23.1;5.95;0.95;1.43;0.48;1.19;0.48;0.24;0;13.56;0.48
51066;51;Blaise-sous-Arzillières;279;233;230;95;22;33;38;27;3;4;2;1;4;1;0;46;0;41.3;9.57;14.35;16.52;11.74;1.3;1.74;0.87;0.43;1.74;0.43;0;16.49;0
51068;51;Blesme;156;121;121;68;9;13;17;2;2;4;1;4;1;0;0;35;0;56.2;7.44;10.74;14.05;1.65;1.65;3.31;0.83;3.31;0.83;0;0;22.44;0
51069;51;Bligny;100;86;86;18;21;22;18;6;0;1;0;0;0;0;0;14;0;20.93;24.42;25.58;20.93;6.98;0;1.16;0;0;0;0;0;14;0
51070;51;Boissy-le-Repos;194;159;159;79;13;16;33;4;1;9;2;1;0;1;0;35;0;49.69;8.18;10.06;20.75;2.52;0.63;5.66;1.26;0.63;0;0.63;0;18.04;0
51071;51;Bouchy-Saint-Genest;137;105;104;32;14;18;31;2;0;6;0;1;0;0;0;32;0;30.77;13.46;17.31;29.81;1.92;0;5.77;0;0.96;0;0;0;23.36;0
51072;51;Bouilly;144;125;123;27;15;31;38;6;0;3;2;0;0;1;0;19;1;21.95;12.2;25.2;30.89;4.88;0;2.44;1.63;0;0;0.81;0;13.19;0.81
51073;51;Bouleuse;165;150;140;42;27;20;36;5;0;5;1;3;1;0;0;15;2;30;19.29;14.29;25.71;3.57;0;3.57;0.71;2.14;0.71;0;0;9.09;1.43
51074;51;Boult-sur-Suippe;1274;1057;1031;311;146;218;166;100;11;46;8;10;13;2;0;217;6;30.16;14.16;21.14;16.1;9.7;1.07;4.46;0.78;0.97;1.26;0.19;0;17.03;0.58
51075;51;Bourgogne-Fresne;1020;884;863;189;98;208;251;69;8;20;3;8;9;0;0;136;6;21.9;11.36;24.1;29.08;8;0.93;2.32;0.35;0.93;1.04;0;0;13.33;0.7
51076;51;Boursault;397;333;330;106;28;54;96;24;4;12;4;1;1;0;0;64;3;32.12;8.48;16.36;29.09;7.27;1.21;3.64;1.21;0.3;0.3;0;0;16.12;0.91
51077;51;Bouvancourt;169;145;144;38;19;32;36;5;4;3;3;2;2;0;0;24;0;26.39;13.19;22.22;25;3.47;2.78;2.08;2.08;1.39;1.39;0;0;14.2;0
51078;51;Bouy;406;343;333;130;41;48;70;17;1;16;3;3;3;1;0;63;3;39.04;12.31;14.41;21.02;5.11;0.3;4.8;0.9;0.9;0.9;0.3;0;15.52;0.9
51079;51;Bouzy;725;624;609;187;55;91;209;41;3;13;4;2;3;1;0;101;1;30.71;9.03;14.94;34.32;6.73;0.49;2.13;0.66;0.33;0.49;0.16;0;13.93;0.16
51080;51;Brandonvillers;139;127;118;55;9;10;30;9;0;2;0;0;2;1;0;12;2;46.61;7.63;8.47;25.42;7.63;0;1.69;0;0;1.69;0.85;0;8.63;1.69
51081;51;Branscourt;222;194;189;36;28;47;44;14;1;16;1;0;2;0;0;28;3;19.05;14.81;24.87;23.28;7.41;0.53;8.47;0.53;0;1.06;0;0;12.61;1.59
51082;51;Braux-Sainte-Cohière;91;79;76;27;6;20;15;7;0;0;1;0;0;0;0;12;2;35.53;7.89;26.32;19.74;9.21;0;0;1.32;0;0;0;0;13.19;2.63
51083;51;Braux-Saint-Remy;72;67;67;18;8;13;21;6;0;1;0;0;0;0;0;5;0;26.87;11.94;19.4;31.34;8.96;0;1.49;0;0;0;0;0;6.94;0
51084;51;Bréban;83;69;65;26;5;7;15;6;1;3;0;0;2;0;0;14;2;40;7.69;10.77;23.08;9.23;1.54;4.62;0;0;3.08;0;0;16.87;3.08
51085;51;Le Breuil;308;244;240;89;28;28;76;9;0;6;0;1;2;1;0;64;2;37.08;11.67;11.67;31.67;3.75;0;2.5;0;0.42;0.83;0.42;0;20.78;0.83
51086;51;Breuil;239;212;210;76;28;37;37;17;1;11;0;1;2;0;0;27;1;36.19;13.33;17.62;17.62;8.1;0.48;5.24;0;0.48;0.95;0;0;11.3;0.48
51087;51;Breuvery-sur-Coole;191;168;161;66;22;24;31;7;4;3;2;2;0;0;0;23;0;40.99;13.66;14.91;19.25;4.35;2.48;1.86;1.24;1.24;0;0;0;12.04;0
51088;51;Brimont;374;305;301;85;38;49;90;22;2;6;2;4;0;3;0;69;0;28.24;12.62;16.28;29.9;7.31;0.66;1.99;0.66;1.33;0;1;0;18.45;0
51089;51;Brouillet;84;69;69;20;5;9;30;2;2;0;1;0;0;0;0;15;0;28.99;7.25;13.04;43.48;2.9;2.9;0;1.45;0;0;0;0;17.86;0
51090;51;Broussy-le-Grand;202;166;163;45;18;29;44;12;3;3;2;4;3;0;0;36;0;27.61;11.04;17.79;26.99;7.36;1.84;1.84;1.23;2.45;1.84;0;0;17.82;0
51091;51;Broussy-le-Petit;105;89;85;32;7;14;30;0;0;2;0;0;0;0;0;16;1;37.65;8.24;16.47;35.29;0;0;2.35;0;0;0;0;0;15.24;1.18
51092;51;Broyes;285;233;227;78;16;30;79;11;5;2;3;2;1;0;0;52;0;34.36;7.05;13.22;34.8;4.85;2.2;0.88;1.32;0.88;0.44;0;0;18.25;0
51093;51;Brugny-Vaudancourt;369;315;312;70;45;50;98;22;4;14;4;2;2;1;0;54;3;22.44;14.42;16.03;31.41;7.05;1.28;4.49;1.28;0.64;0.64;0.32;0;14.63;0.96
51094;51;Brusson;146;120;116;47;14;19;22;8;1;4;0;0;1;0;0;26;2;40.52;12.07;16.38;18.97;6.9;0.86;3.45;0;0;0.86;0;0;17.81;1.72
51095;51;Le Buisson;66;53;50;18;2;12;10;3;2;1;1;0;1;0;0;13;2;36;4;24;20;6;4;2;2;0;2;0;0;19.7;4
51097;51;Bussy-le-Château;157;135;130;40;10;12;60;5;1;1;0;1;0;0;0;22;0;30.77;7.69;9.23;46.15;3.85;0.77;0.77;0;0.77;0;0;0;14.01;0
51098;51;Bussy-le-Repos;109;90;88;22;4;22;29;8;0;3;0;0;0;0;0;19;0;25;4.55;25;32.95;9.09;0;3.41;0;0;0;0;0;17.43;0
51099;51;Bussy-Lettrée;248;179;177;85;24;22;26;9;0;5;2;3;1;0;0;69;1;48.02;13.56;12.43;14.69;5.08;0;2.82;1.13;1.69;0.56;0;0;27.82;0.56
51100;51;La Caure;78;69;69;24;5;15;15;8;0;1;0;1;0;0;0;9;0;34.78;7.25;21.74;21.74;11.59;0;1.45;0;1.45;0;0;0;11.54;0
51101;51;Caurel;541;476;465;112;46;108;140;34;1;18;4;2;0;0;0;65;1;24.09;9.89;23.23;30.11;7.31;0.22;3.87;0.86;0.43;0;0;0;12.01;0.22
51102;51;Cauroy-lès-Hermonville;337;297;292;79;29;56;84;23;1;15;1;3;1;0;0;40;0;27.05;9.93;19.18;28.77;7.88;0.34;5.14;0.34;1.03;0.34;0;0;11.87;0
51103;51;La Celle-sous-Chantemerle;142;111;108;40;6;19;33;7;0;2;1;0;0;0;0;31;1;37.04;5.56;17.59;30.56;6.48;0;1.85;0.93;0;0;0;0;21.83;0.93
51104;51;Cernay-en-Dormois;133;94;93;38;9;16;24;2;1;2;0;0;1;0;0;39;0;40.86;9.68;17.2;25.81;2.15;1.08;2.15;0;0;1.08;0;0;29.32;0
51105;51;Cernay-lès-Reims;1076;933;917;162;91;226;337;49;7;30;4;7;3;1;0;143;4;17.67;9.92;24.65;36.75;5.34;0.76;3.27;0.44;0.76;0.33;0.11;0;13.29;0.44
51106;51;Cernon;95;83;78;29;8;13;17;4;1;4;0;2;0;0;0;12;4;37.18;10.26;16.67;21.79;5.13;1.28;5.13;0;2.56;0;0;0;12.63;5.13
51107;51;Chaintrix-Bierges;243;192;191;56;13;42;46;22;3;6;1;0;2;0;0;51;1;29.32;6.81;21.99;24.08;11.52;1.57;3.14;0.52;0;1.05;0;0;20.99;0.52
51108;51;Châlons-en-Champagne;25145;18622;18191;4472;3668;3984;3366;856;149;1162;163;198;141;32;0;6523;124;24.58;20.16;21.9;18.5;4.71;0.82;6.39;0.9;1.09;0.78;0.18;0;25.94;0.68
51109;51;Châlons-sur-Vesle;132;111;108;22;3;26;42;10;0;2;1;1;1;0;0;21;1;20.37;2.78;24.07;38.89;9.26;0;1.85;0.93;0.93;0.93;0;0;15.91;0.93
51110;51;Chaltrait;78;58;58;19;6;7;22;0;1;0;1;0;2;0;0;20;0;32.76;10.34;12.07;37.93;0;1.72;0;1.72;0;3.45;0;0;25.64;0
51111;51;Chambrecy;115;101;97;34;17;18;18;3;1;3;0;1;2;0;0;14;0;35.05;17.53;18.56;18.56;3.09;1.03;3.09;0;1.03;2.06;0;0;12.17;0
51112;51;Chamery;331;284;278;55;32;45;107;17;2;11;4;4;1;0;0;47;2;19.78;11.51;16.19;38.49;6.12;0.72;3.96;1.44;1.44;0.36;0;0;14.2;0.72
51113;51;Champaubert;118;84;83;26;9;7;27;12;1;0;1;0;0;0;0;34;0;31.33;10.84;8.43;32.53;14.46;1.2;0;1.2;0;0;0;0;28.81;0
51115;51;Champfleury;461;409;406;89;42;101;118;25;3;15;6;6;1;0;0;52;0;21.92;10.34;24.88;29.06;6.16;0.74;3.69;1.48;1.48;0.25;0;0;11.28;0
51116;51;Champguyon;193;151;147;45;19;26;36;12;1;1;4;1;2;0;0;42;2;30.61;12.93;17.69;24.49;8.16;0.68;0.68;2.72;0.68;1.36;0;0;21.76;1.36
51117;51;Champigneul-Champagne;242;220;211;57;22;23;76;23;1;2;3;3;1;0;0;22;2;27.01;10.43;10.9;36.02;10.9;0.47;0.95;1.42;1.42;0.47;0;0;9.09;0.95
51118;51;Champigny;1201;988;968;242;148;207;240;74;5;29;7;12;4;0;0;213;4;25;15.29;21.38;24.79;7.64;0.52;3;0.72;1.24;0.41;0;0;17.74;0.41
51119;51;Champillon;403;363;353;72;32;61;147;15;5;15;1;3;2;0;0;40;8;20.4;9.07;17.28;41.64;4.25;1.42;4.25;0.28;0.85;0.57;0;0;9.93;2.27
51120;51;Champlat-et-Boujacourt;117;95;95;20;7;19;34;9;0;3;0;2;1;0;0;22;0;21.05;7.37;20;35.79;9.47;0;3.16;0;2.11;1.05;0;0;18.8;0
51121;51;Champvoisy;179;151;147;51;21;13;40;7;5;5;0;1;3;1;0;28;2;34.69;14.29;8.84;27.21;4.76;3.4;3.4;0;0.68;2.04;0.68;0;15.64;1.36
51122;51;Changy;113;100;98;38;6;13;28;8;0;2;0;2;1;0;0;13;1;38.78;6.12;13.27;28.57;8.16;0;2.04;0;2.04;1.02;0;0;11.5;1.02
51124;51;Chantemerle;56;46;42;9;1;6;25;0;0;0;1;0;0;0;0;10;2;21.43;2.38;14.29;59.52;0;0;0;2.38;0;0;0;0;17.86;4.76
51125;51;Chapelaine;45;38;38;22;0;3;8;5;0;0;0;0;0;0;0;7;0;57.89;0;7.89;21.05;13.16;0;0;0;0;0;0;0;15.56;0
51126;51;La Chapelle-Felcourt;55;40;39;6;1;5;24;2;1;0;0;0;0;0;0;15;0;15.38;2.56;12.82;61.54;5.13;2.56;0;0;0;0;0;0;27.27;0
51127;51;La Chapelle-Lasson;81;72;69;17;5;18;22;2;1;1;0;2;1;0;0;9;1;24.64;7.25;26.09;31.88;2.9;1.45;1.45;0;2.9;1.45;0;0;11.11;1.45
51128;51;La Chapelle-sous-Orbais;53;45;45;12;3;2;24;4;0;0;0;0;0;0;0;8;0;26.67;6.67;4.44;53.33;8.89;0;0;0;0;0;0;0;15.09;0
51129;51;Charleville;171;143;141;56;13;27;30;6;2;1;6;0;0;0;0;28;1;39.72;9.22;19.15;21.28;4.26;1.42;0.71;4.26;0;0;0;0;16.37;0.71
51130;51;Charmont;195;149;147;58;11;46;17;7;1;3;0;4;0;0;0;46;0;39.46;7.48;31.29;11.56;4.76;0.68;2.04;0;2.72;0;0;0;23.59;0
51132;51;Les Charmontois;119;96;94;34;6;14;28;8;1;2;0;0;1;0;0;23;0;36.17;6.38;14.89;29.79;8.51;1.06;2.13;0;0;1.06;0;0;19.33;0
51133;51;Le Châtelier;61;48;44;18;3;5;9;6;0;3;0;0;0;0;0;13;1;40.91;6.82;11.36;20.45;13.64;0;6.82;0;0;0;0;0;21.31;2.27
51134;51;Châtelraould-Saint-Louvent;195;159;158;67;13;22;31;16;2;4;1;1;1;0;0;36;0;42.41;8.23;13.92;19.62;10.13;1.27;2.53;0.63;0.63;0.63;0;0;18.46;0
51135;51;Châtillon-sur-Broué;74;62;62;32;7;3;13;2;0;4;0;0;0;1;0;12;0;51.61;11.29;4.84;20.97;3.23;0;6.45;0;0;0;1.61;0;16.22;0
51136;51;Châtillon-sur-Marne;538;411;407;139;40;56;136;26;4;1;2;2;1;0;0;127;1;34.15;9.83;13.76;33.42;6.39;0.98;0.25;0.49;0.49;0.25;0;0;23.61;0.25
51137;51;Châtillon-sur-Morin;175;155;149;39;12;23;53;15;2;2;1;1;0;1;0;20;1;26.17;8.05;15.44;35.57;10.07;1.34;1.34;0.67;0.67;0;0.67;0;11.43;0.67
51138;51;Châtrices;35;31;28;7;0;3;14;1;3;0;0;0;0;0;0;4;0;25;0;10.71;50;3.57;10.71;0;0;0;0;0;0;11.43;0
51139;51;Chaudefontaine;275;218;215;84;27;30;45;13;3;4;3;4;1;1;0;57;1;39.07;12.56;13.95;20.93;6.05;1.4;1.86;1.4;1.86;0.47;0.47;0;20.73;0.47
51140;51;Chaumuzy;249;213;207;80;15;35;55;12;0;6;2;1;1;0;0;36;0;38.65;7.25;16.91;26.57;5.8;0;2.9;0.97;0.48;0.48;0;0;14.46;0
51141;51;La Chaussée-sur-Marne;560;470;460;186;64;68;84;34;3;9;5;6;1;0;0;90;3;40.43;13.91;14.78;18.26;7.39;0.65;1.96;1.09;1.3;0.22;0;0;16.07;0.65
51142;51;Chavot-Courcourt;312;272;264;72;18;51;87;29;1;3;2;1;0;0;0;40;2;27.27;6.82;19.32;32.95;10.98;0.38;1.14;0.76;0.38;0;0;0;12.82;0.76
51143;51;Le Chemin;56;42;41;14;2;9;9;2;0;4;0;1;0;0;0;14;0;34.15;4.88;21.95;21.95;4.88;0;9.76;0;2.44;0;0;0;25;0
51144;51;Cheminon;480;420;416;197;58;55;49;30;3;11;5;5;3;0;0;60;0;47.36;13.94;13.22;11.78;7.21;0.72;2.64;1.2;1.2;0.72;0;0;12.5;0
51145;51;Chenay;211;179;175;30;11;44;71;1;2;13;1;2;0;0;0;32;0;17.14;6.29;25.14;40.57;0.57;1.14;7.43;0.57;1.14;0;0;0;15.17;0
51146;51;Cheniers;85;69;69;22;2;14;20;5;1;3;0;1;0;1;0;16;0;31.88;2.9;20.29;28.99;7.25;1.45;4.35;0;1.45;0;1.45;0;18.82;0
51147;51;La Cheppe;242;218;213;67;24;36;60;18;3;4;1;0;0;0;0;24;2;31.46;11.27;16.9;28.17;8.45;1.41;1.88;0.47;0;0;0;0;9.92;0.94
51148;51;Cheppes-la-Prairie;145;117;112;32;5;19;42;8;1;3;2;0;0;0;0;28;1;28.57;4.46;16.96;37.5;7.14;0.89;2.68;1.79;0;0;0;0;19.31;0.89
51149;51;Chepy;346;295;286;90;31;44;78;25;2;9;2;1;3;1;0;51;2;31.47;10.84;15.38;27.27;8.74;0.7;3.15;0.7;0.35;1.05;0.35;0;14.74;0.7
51150;51;Cherville;70;65;65;12;5;15;12;9;4;5;0;2;1;0;0;5;0;18.46;7.69;23.08;18.46;13.85;6.15;7.69;0;3.08;1.54;0;0;7.14;0
51151;51;Chichey;141;115;115;47;14;27;21;2;0;3;0;1;0;0;0;26;0;40.87;12.17;23.48;18.26;1.74;0;2.61;0;0.87;0;0;0;18.44;0
51152;51;Chigny-les-Roses;436;371;361;97;31;52;153;12;3;5;2;6;0;0;0;65;1;26.87;8.59;14.4;42.38;3.32;0.83;1.39;0.55;1.66;0;0;0;14.91;0.28
51153;51;Chouilly;852;717;706;205;70;116;214;61;4;19;6;7;4;0;0;135;2;29.04;9.92;16.43;30.31;8.64;0.57;2.69;0.85;0.99;0.57;0;0;15.85;0.28
51154;51;Clamanges;200;155;155;50;19;16;45;13;1;6;1;2;1;1;0;45;0;32.26;12.26;10.32;29.03;8.39;0.65;3.87;0.65;1.29;0.65;0.65;0;22.5;0
51155;51;Clesles;465;377;365;144;57;73;53;23;4;5;0;4;1;1;0;88;5;39.45;15.62;20;14.52;6.3;1.1;1.37;0;1.1;0.27;0.27;0;18.92;1.37
51156;51;Cloyes-sur-Marne;110;93;92;42;12;13;18;3;1;2;0;0;1;0;0;17;0;45.65;13.04;14.13;19.57;3.26;1.09;2.17;0;0;1.09;0;0;15.45;0
51157;51;Coizard-Joches;67;64;63;27;6;6;14;7;1;0;1;1;0;0;0;3;1;42.86;9.52;9.52;22.22;11.11;1.59;0;1.59;1.59;0;0;0;4.48;1.59
51158;51;Val-des-Marais;444;370;355;157;20;38;83;31;4;15;5;2;0;0;0;74;5;44.23;5.63;10.7;23.38;8.73;1.13;4.23;1.41;0.56;0;0;0;16.67;1.41
51160;51;Compertrix;996;827;810;174;147;195;160;45;8;54;10;7;6;4;0;169;5;21.48;18.15;24.07;19.75;5.56;0.99;6.67;1.23;0.86;0.74;0.49;0;16.97;0.62
51161;51;Condé-sur-Marne;584;478;461;172;50;72;80;41;4;25;7;3;7;0;0;106;3;37.31;10.85;15.62;17.35;8.89;0.87;5.42;1.52;0.65;1.52;0;0;18.15;0.65
51162;51;Conflans-sur-Seine;458;366;357;162;58;43;57;16;3;9;3;3;2;1;0;92;1;45.38;16.25;12.04;15.97;4.48;0.84;2.52;0.84;0.84;0.56;0.28;0;20.09;0.28
51163;51;Congy;197;165;161;54;12;20;45;11;3;6;7;1;2;0;0;32;0;33.54;7.45;12.42;27.95;6.83;1.86;3.73;4.35;0.62;1.24;0;0;16.24;0
51164;51;Connantray-Vaurefroy;126;99;98;32;8;24;24;5;0;3;1;1;0;0;0;27;1;32.65;8.16;24.49;24.49;5.1;0;3.06;1.02;1.02;0;0;0;21.43;1.02
51165;51;Connantre;785;634;623;227;95;105;116;31;5;19;4;9;9;3;0;151;3;36.44;15.25;16.85;18.62;4.98;0.8;3.05;0.64;1.44;1.44;0.48;0;19.24;0.48
51166;51;Contault;57;51;49;17;8;5;18;1;0;0;0;0;0;0;0;6;0;34.69;16.33;10.2;36.73;2.04;0;0;0;0;0;0;0;10.53;0
51167;51;Coole;125;104;103;33;7;19;29;8;4;1;1;0;1;0;0;21;0;32.04;6.8;18.45;28.16;7.77;3.88;0.97;0.97;0;0.97;0;0;16.8;0
51168;51;Coolus;201;176;173;33;22;46;52;10;1;8;0;0;1;0;0;25;2;19.08;12.72;26.59;30.06;5.78;0.58;4.62;0;0;0.58;0;0;12.44;1.16
51169;51;Corbeil;83;70;67;22;1;15;21;6;0;1;0;1;0;0;0;13;0;32.84;1.49;22.39;31.34;8.96;0;1.49;0;1.49;0;0;0;15.66;0
51170;51;Corfélix;99;75;71;32;4;4;19;7;2;2;0;0;1;0;0;24;1;45.07;5.63;5.63;26.76;9.86;2.82;2.82;0;0;1.41;0;0;24.24;1.41
51171;51;Cormicy;1148;964;951;293;126;193;213;65;11;35;6;4;5;0;0;184;3;30.81;13.25;20.29;22.4;6.83;1.16;3.68;0.63;0.42;0.53;0;0;16.03;0.32
51172;51;Cormontreuil;5239;4345;4256;924;648;1162;901;255;32;227;36;43;20;8;0;894;32;21.71;15.23;27.3;21.17;5.99;0.75;5.33;0.85;1.01;0.47;0.19;0;17.06;0.75
51173;51;Cormoyeux;104;90;89;27;6;9;41;4;0;2;0;0;0;0;0;14;0;30.34;6.74;10.11;46.07;4.49;0;2.25;0;0;0;0;0;13.46;0
51174;51;Corribert;49;40;40;13;1;4;20;1;0;1;0;0;0;0;0;9;0;32.5;2.5;10;50;2.5;0;2.5;0;0;0;0;0;18.37;0
51175;51;Corrobert;166;136;134;59;16;21;21;9;3;4;0;1;0;0;0;30;0;44.03;11.94;15.67;15.67;6.72;2.24;2.99;0;0.75;0;0;0;18.07;0
51176;51;Corroy;119;100;99;25;18;11;39;5;0;0;1;0;0;0;0;19;0;25.25;18.18;11.11;39.39;5.05;0;0;1.01;0;0;0;0;15.97;0
51177;51;Coulommes-la-Montagne;168;147;142;32;4;32;58;8;1;5;0;2;0;0;0;21;1;22.54;2.82;22.54;40.85;5.63;0.7;3.52;0;1.41;0;0;0;12.5;0.7
51178;51;Coupetz;65;56;55;21;3;7;24;0;0;0;0;0;0;0;0;9;0;38.18;5.45;12.73;43.64;0;0;0;0;0;0;0;0;13.85;0
51179;51;Coupéville;135;117;116;36;4;18;42;8;3;0;2;1;1;1;0;18;1;31.03;3.45;15.52;36.21;6.9;2.59;0;1.72;0.86;0.86;0.86;0;13.33;0.86
51181;51;Courcelles-Sapicourt;251;233;227;58;22;75;50;9;4;7;0;1;1;0;0;18;0;25.55;9.69;33.04;22.03;3.96;1.76;3.08;0;0.44;0.44;0;0;7.17;0
51182;51;Courcemain;92;66;65;22;6;14;17;3;2;1;0;0;0;0;0;26;0;33.85;9.23;21.54;26.15;4.62;3.08;1.54;0;0;0;0;0;28.26;0
51183;51;Courcy;819;688;666;186;75;165;137;45;6;32;4;5;10;1;0;131;6;27.93;11.26;24.77;20.57;6.76;0.9;4.8;0.6;0.75;1.5;0.15;0;16;0.9
51184;51;Courdemanges;355;315;308;100;36;67;60;19;3;15;0;4;4;0;0;40;1;32.47;11.69;21.75;19.48;6.17;0.97;4.87;0;1.3;1.3;0;0;11.27;0.32
51185;51;Courgivaux;220;181;175;76;24;24;26;15;2;5;0;0;3;0;0;39;6;43.43;13.71;13.71;14.86;8.57;1.14;2.86;0;0;1.71;0;0;17.73;3.43
51186;51;Courjeonnet;41;35;34;7;1;4;20;1;0;0;0;0;0;1;0;6;0;20.59;2.94;11.76;58.82;2.94;0;0;0;0;0;2.94;0;14.63;0
51187;51;Courlandon;216;178;175;53;36;45;18;16;0;3;0;4;0;0;0;38;2;30.29;20.57;25.71;10.29;9.14;0;1.71;0;2.29;0;0;0;17.59;1.14
51188;51;Courmas;185;166;163;45;15;39;33;17;4;7;1;0;2;0;0;19;0;27.61;9.2;23.93;20.25;10.43;2.45;4.29;0.61;0;1.23;0;0;10.27;0
51190;51;Courtagnon;50;47;46;5;13;15;12;0;1;0;0;0;0;0;0;3;0;10.87;28.26;32.61;26.09;0;2.17;0;0;0;0;0;0;6;0
51191;51;Courtémont;55;48;47;14;4;5;21;2;0;0;0;1;0;0;0;7;1;29.79;8.51;10.64;44.68;4.26;0;0;0;2.13;0;0;0;12.73;2.13
51192;51;Courthiézy;296;219;213;64;46;41;36;14;2;7;0;2;1;0;0;77;5;30.05;21.6;19.25;16.9;6.57;0.94;3.29;0;0.94;0.47;0;0;26.01;2.35
51193;51;Courtisols;2012;1741;1688;436;269;342;416;120;8;59;17;12;7;2;0;271;16;25.83;15.94;20.26;24.64;7.11;0.47;3.5;1.01;0.71;0.41;0.12;0;13.47;0.95
51194;51;Courville;349;284;279;90;45;49;53;20;0;13;4;1;2;2;0;65;1;32.26;16.13;17.56;19;7.17;0;4.66;1.43;0.36;0.72;0.72;0;18.62;0.36
51195;51;Couvrot;753;600;589;227;83;83;86;82;2;14;1;6;5;0;0;153;9;38.54;14.09;14.09;14.6;13.92;0.34;2.38;0.17;1.02;0.85;0;0;20.32;1.53
51196;51;Cramant;712;588;570;200;49;60;193;39;4;16;2;1;5;1;0;124;2;35.09;8.6;10.53;33.86;6.84;0.7;2.81;0.35;0.18;0.88;0.18;0;17.42;0.35
51197;51;La Croix-en-Champagne;71;58;56;18;5;4;18;7;1;0;1;2;0;0;0;13;1;32.14;8.93;7.14;32.14;12.5;1.79;0;1.79;3.57;0;0;0;18.31;1.79
51198;51;Crugny;477;394;384;112;55;75;88;38;3;10;2;0;0;1;0;83;0;29.17;14.32;19.53;22.92;9.9;0.78;2.6;0.52;0;0;0.26;0;17.4;0
51199;51;Cuchery;324;253;246;116;19;30;57;14;1;7;2;0;0;0;0;71;5;47.15;7.72;12.2;23.17;5.69;0.41;2.85;0.81;0;0;0;0;21.91;2.03
51200;51;Cuis;324;277;271;88;29;48;83;12;1;3;0;3;3;1;0;47;0;32.47;10.7;17.71;30.63;4.43;0.37;1.11;0;1.11;1.11;0.37;0;14.51;0
51201;51;Cuisles;108;96;95;25;11;10;40;3;0;3;2;1;0;0;0;12;1;26.32;11.58;10.53;42.11;3.16;0;3.16;2.11;1.05;0;0;0;11.11;1.05
51202;51;Cumières;648;543;528;140;66;108;144;29;12;14;6;8;1;0;0;105;7;26.52;12.5;20.45;27.27;5.49;2.27;2.65;1.14;1.52;0.19;0;0;16.2;1.33
51203;51;Cuperly;167;144;142;28;22;30;45;10;1;5;0;1;0;0;0;23;0;19.72;15.49;21.13;31.69;7.04;0.7;3.52;0;0.7;0;0;0;13.77;0
51204;51;Damery;1111;926;909;268;109;182;216;71;5;31;11;8;7;1;0;185;5;29.48;11.99;20.02;23.76;7.81;0.55;3.41;1.21;0.88;0.77;0.11;0;16.65;0.55
51205;51;Dampierre-au-Temple;200;169;167;52;19;30;46;13;0;4;1;1;1;0;0;31;2;31.14;11.38;17.96;27.54;7.78;0;2.4;0.6;0.6;0.6;0;0;15.5;1.2
51206;51;Dampierre-le-Château;83;72;71;22;8;5;16;8;0;4;2;1;5;0;0;11;0;30.99;11.27;7.04;22.54;11.27;0;5.63;2.82;1.41;7.04;0;0;13.25;0
51208;51;Dampierre-sur-Moivre;85;77;75;32;4;11;22;6;0;0;0;0;0;0;0;8;2;42.67;5.33;14.67;29.33;8;0;0;0;0;0;0;0;9.41;2.67
51210;51;Dizy;1275;1041;1015;291;132;240;197;76;9;44;5;12;8;1;0;234;3;28.67;13;23.65;19.41;7.49;0.89;4.33;0.49;1.18;0.79;0.1;0;18.35;0.3
51211;51;Dommartin-Dampierre;58;49;45;16;4;8;9;6;0;2;0;0;0;0;0;9;2;35.56;8.89;17.78;20;13.33;0;4.44;0;0;0;0;0;15.52;4.44
51212;51;Dommartin-Lettrée;134;110;108;35;6;11;39;11;0;1;0;3;0;2;0;24;0;32.41;5.56;10.19;36.11;10.19;0;0.93;0;2.78;0;1.85;0;17.91;0
51213;51;Dommartin-sous-Hans;42;32;30;9;1;2;13;3;0;1;0;1;0;0;0;10;0;30;3.33;6.67;43.33;10;0;3.33;0;3.33;0;0;0;23.81;0
51214;51;Dommartin-Varimont;110;98;98;24;4;15;44;7;1;1;0;0;2;0;0;12;0;24.49;4.08;15.31;44.9;7.14;1.02;1.02;0;0;2.04;0;0;10.91;0
51215;51;Dompremy;110;95;94;35;9;7;25;9;1;5;0;2;1;0;0;15;0;37.23;9.57;7.45;26.6;9.57;1.06;5.32;0;2.13;1.06;0;0;13.64;0
51216;51;Dontrien;174;146;141;47;8;36;29;8;2;7;2;1;1;0;0;28;1;33.33;5.67;25.53;20.57;5.67;1.42;4.96;1.42;0.71;0.71;0;0;16.09;0.71
51217;51;Dormans;2171;1638;1609;546;175;248;422;97;10;65;10;17;17;2;0;533;7;33.93;10.88;15.41;26.23;6.03;0.62;4.04;0.62;1.06;1.06;0.12;0;24.55;0.44
51218;51;Val-de-Vière;106;96;96;33;6;25;20;7;0;3;1;1;0;0;0;10;0;34.38;6.25;26.04;20.83;7.29;0;3.13;1.04;1.04;0;0;0;9.43;0
51219;51;Drosnay;155;126;120;44;19;28;11;8;1;4;0;3;2;0;0;29;0;36.67;15.83;23.33;9.17;6.67;0.83;3.33;0;2.5;1.67;0;0;18.71;0
51220;51;Drouilly;100;95;92;40;8;12;25;4;1;1;0;0;0;1;0;5;0;43.48;8.7;13.04;27.17;4.35;1.09;1.09;0;0;0;1.09;0;5;0
51222;51;Eclaires;72;59;59;17;10;8;10;4;2;3;2;2;0;1;0;13;0;28.81;16.95;13.56;16.95;6.78;3.39;5.08;3.39;3.39;0;1.69;0;18.06;0
51223;51;Ecollemont;52;47;47;22;1;11;10;1;1;0;1;0;0;0;0;5;0;46.81;2.13;23.4;21.28;2.13;2.13;0;2.13;0;0;0;0;9.62;0
51224;51;Ecriennes;148;126;123;46;9;17;27;15;0;5;0;2;0;2;0;22;3;37.4;7.32;13.82;21.95;12.2;0;4.07;0;1.63;0;1.63;0;14.86;2.44
51225;51;Ecueil;266;217;213;37;11;25;115;10;0;11;1;3;0;0;0;49;0;17.37;5.16;11.74;53.99;4.69;0;5.16;0.47;1.41;0;0;0;18.42;0
51226;51;Ecury-le-Repos;57;45;44;19;4;7;8;4;1;0;0;1;0;0;0;12;0;43.18;9.09;15.91;18.18;9.09;2.27;0;0;2.27;0;0;0;21.05;0
51227;51;Ecury-sur-Coole;355;326;319;94;36;71;57;25;7;19;4;1;2;3;0;29;3;29.47;11.29;22.26;17.87;7.84;2.19;5.96;1.25;0.31;0.63;0.94;0;8.17;0.94
51228;51;Elise-Daucourt;71;54;51;19;5;10;14;1;0;2;0;0;0;0;0;17;3;37.25;9.8;19.61;27.45;1.96;0;3.92;0;0;0;0;0;23.94;5.88
51229;51;Epense;81;70;67;12;11;5;23;13;0;1;2;0;0;0;0;11;1;17.91;16.42;7.46;34.33;19.4;0;1.49;2.99;0;0;0;0;13.58;1.49
51230;51;Epernay;14975;10455;10182;2494;1804;2312;2079;575;77;525;105;111;80;20;0;4520;0;24.49;17.72;22.71;20.42;5.65;0.76;5.16;1.03;1.09;0.79;0.2;0;30.18;0
51231;51;L'Epine;466;412;398;109;39;83;121;22;1;17;2;2;1;1;0;54;13;27.39;9.8;20.85;30.4;5.53;0.25;4.27;0.5;0.5;0.25;0.25;0;11.59;3.27
51232;51;Epoye;329;277;273;79;43;55;61;13;4;9;4;4;1;0;0;52;0;28.94;15.75;20.15;22.34;4.76;1.47;3.3;1.47;1.47;0.37;0;0;15.81;0
51233;51;Escardes;79;63;60;17;10;4;18;6;0;2;0;3;0;0;0;16;0;28.33;16.67;6.67;30;10;0;3.33;0;5;0;0;0;20.25;0
51234;51;Esclavolles-Lurey;479;414;403;132;57;75;86;22;4;16;1;7;2;1;0;65;3;32.75;14.14;18.61;21.34;5.46;0.99;3.97;0.25;1.74;0.5;0.25;0;13.57;0.74
51235;51;Les Essarts-lès-Sézanne;208;176;174;65;19;20;53;7;1;4;2;2;1;0;0;32;0;37.36;10.92;11.49;30.46;4.02;0.57;2.3;1.15;1.15;0.57;0;0;15.38;0
51236;51;Les Essarts-le-Vicomte;123;105;103;34;12;9;32;10;1;0;1;2;2;0;0;18;0;33.01;11.65;8.74;31.07;9.71;0.97;0;0.97;1.94;1.94;0;0;14.63;0
51237;51;Esternay;1263;1007;977;336;104;172;221;55;11;32;5;24;14;3;0;256;10;34.39;10.64;17.6;22.62;5.63;1.13;3.28;0.51;2.46;1.43;0.31;0;20.27;1.02
51238;51;Etoges;277;223;214;89;17;30;41;16;4;10;4;0;2;1;0;54;4;41.59;7.94;14.02;19.16;7.48;1.87;4.67;1.87;0;0.93;0.47;0;19.49;1.87
51239;51;Etréchy;91;70;63;31;11;6;8;3;0;2;1;0;1;0;0;21;4;49.21;17.46;9.52;12.7;4.76;0;3.17;1.59;0;1.59;0;0;23.08;6.35
51240;51;Etrepy;133;113;111;35;9;21;25;12;1;5;1;2;0;0;0;20;0;31.53;8.11;18.92;22.52;10.81;0.9;4.5;0.9;1.8;0;0;0;15.04;0
51241;51;Euvy;78;65;62;25;5;5;19;4;2;0;1;1;0;0;0;13;0;40.32;8.06;8.06;30.65;6.45;3.23;0;1.61;1.61;0;0;0;16.67;0
51242;51;Fagnières;3807;3018;2949;806;679;617;452;148;23;142;26;30;20;6;0;789;23;27.33;23.02;20.92;15.33;5.02;0.78;4.82;0.88;1.02;0.68;0.2;0;20.72;0.78
51243;51;Faux-Fresnay;230;189;183;67;24;29;36;15;5;4;1;1;1;0;0;41;5;36.61;13.11;15.85;19.67;8.2;2.73;2.19;0.55;0.55;0.55;0;0;17.83;2.73
51244;51;Faux-Vésigneul;214;176;166;49;18;35;46;8;3;2;2;1;0;2;0;38;2;29.52;10.84;21.08;27.71;4.82;1.81;1.2;1.2;0.6;0;1.2;0;17.76;1.2
51245;51;Faverolles-et-Coëmy;436;373;368;114;27;88;81;37;3;9;2;5;1;1;0;63;1;30.98;7.34;23.91;22.01;10.05;0.82;2.45;0.54;1.36;0.27;0.27;0;14.45;0.27
51246;51;Favresse;169;147;143;54;19;18;34;6;3;2;0;2;1;4;0;22;4;37.76;13.29;12.59;23.78;4.2;2.1;1.4;0;1.4;0.7;2.8;0;13.02;2.8
51247;51;Fèrebrianges;148;123;120;35;7;21;45;9;2;1;0;0;0;0;0;25;2;29.17;5.83;17.5;37.5;7.5;1.67;0.83;0;0;0;0;0;16.89;1.67
51248;51;Fère-Champenoise;1511;1231;1197;468;144;205;242;73;7;33;6;7;10;2;0;280;11;39.1;12.03;17.13;20.22;6.1;0.58;2.76;0.5;0.58;0.84;0.17;0;18.53;0.92
51249;51;Festigny;348;279;271;96;24;33;84;18;4;7;2;1;2;0;0;69;2;35.42;8.86;12.18;31;6.64;1.48;2.58;0.74;0.37;0.74;0;0;19.83;0.74
51250;51;Fismes;3958;2954;2877;1157;438;536;359;160;24;128;13;32;27;3;0;1004;20;40.22;15.22;18.63;12.48;5.56;0.83;4.45;0.45;1.11;0.94;0.1;0;25.37;0.7
51251;51;Flavigny;152;131;127;41;7;30;35;9;2;1;1;0;1;0;0;21;3;32.28;5.51;23.62;27.56;7.09;1.57;0.79;0.79;0;0.79;0;0;13.82;2.36
51252;51;Fleury-la-Rivière;404;331;327;120;9;43;116;19;3;10;2;1;4;0;0;73;3;36.7;2.75;13.15;35.47;5.81;0.92;3.06;0.61;0.31;1.22;0;0;18.07;0.92
51253;51;Florent-en-Argonne;192;161;156;51;23;18;34;15;2;9;0;0;4;0;0;31;0;32.69;14.74;11.54;21.79;9.62;1.28;5.77;0;0;2.56;0;0;16.15;0
51254;51;Fontaine-Denis-Nuisy;214;171;169;60;11;25;58;4;0;4;3;2;1;1;0;43;0;35.5;6.51;14.79;34.32;2.37;0;2.37;1.78;1.18;0.59;0.59;0;20.09;0
51255;51;Fontaine-en-Dormois;17;15;15;3;2;2;6;0;0;2;0;0;0;0;0;2;0;20;13.33;13.33;40;0;0;13.33;0;0;0;0;0;11.76;0
51256;51;Fontaine-sur-Ay;291;248;243;58;25;60;71;14;2;8;1;1;2;1;0;43;0;23.87;10.29;24.69;29.22;5.76;0.82;3.29;0.41;0.41;0.82;0.41;0;14.78;0
51258;51;La Forestière;184;151;147;61;18;26;26;7;1;3;3;0;2;0;0;33;0;41.5;12.24;17.69;17.69;4.76;0.68;2.04;2.04;0;1.36;0;0;17.93;0
51259;51;Francheville;156;133;132;38;18;25;38;7;0;2;1;3;0;0;0;23;0;28.79;13.64;18.94;28.79;5.3;0;1.52;0.76;2.27;0;0;0;14.74;0
51260;51;Le Fresne;56;50;48;7;1;11;21;6;0;1;0;0;0;1;0;6;0;14.58;2.08;22.92;43.75;12.5;0;2.08;0;0;0;2.08;0;10.71;0
51262;51;Frignicourt;1458;1170;1146;376;141;249;233;67;11;33;5;14;16;1;0;288;6;32.81;12.3;21.73;20.33;5.85;0.96;2.88;0.44;1.22;1.4;0.09;0;19.75;0.52
51263;51;Fromentières;275;222;217;85;23;31;54;13;4;2;1;2;2;0;0;53;1;39.17;10.6;14.29;24.88;5.99;1.84;0.92;0.46;0.92;0.92;0;0;19.27;0.46
51264;51;Le Gault-Soigny;390;325;317;113;34;54;69;25;4;9;2;4;3;0;0;65;0;35.65;10.73;17.03;21.77;7.89;1.26;2.84;0.63;1.26;0.95;0;0;16.67;0
51265;51;Gaye;431;329;319;105;35;58;79;27;0;9;2;0;3;1;0;102;2;32.92;10.97;18.18;24.76;8.46;0;2.82;0.63;0;0.94;0.31;0;23.67;0.63
51266;51;Germaine;447;382;374;88;44;120;61;26;0;27;3;1;0;4;0;65;3;23.53;11.76;32.09;16.31;6.95;0;7.22;0.8;0.27;0;1.07;0;14.54;0.8
51267;51;Germigny;171;135;129;37;10;28;40;8;1;3;0;0;2;0;0;36;0;28.68;7.75;21.71;31.01;6.2;0.78;2.33;0;0;1.55;0;0;21.05;0
51268;51;Germinon;118;97;95;32;7;14;32;7;1;1;0;1;0;0;0;21;1;33.68;7.37;14.74;33.68;7.37;1.05;1.05;0;1.05;0;0;0;17.8;1.05
51269;51;Giffaumont-Champaubert;247;213;206;85;10;43;53;10;1;1;2;1;0;0;0;34;3;41.26;4.85;20.87;25.73;4.85;0.49;0.49;0.97;0.49;0;0;0;13.77;1.46
51270;51;Gigny-Bussy;185;137;133;77;6;25;14;5;1;2;0;1;2;0;0;48;0;57.89;4.51;18.8;10.53;3.76;0.75;1.5;0;0.75;1.5;0;0;25.95;0
51271;51;Gionges;118;104;100;38;14;13;25;7;0;3;0;0;0;0;0;14;0;38;14;13;25;7;0;3;0;0;0;0;0;11.86;0
51272;51;Givry-en-Argonne;309;268;264;98;30;54;50;15;5;9;1;1;0;1;0;41;1;37.12;11.36;20.45;18.94;5.68;1.89;3.41;0.38;0.38;0;0.38;0;13.27;0.38
51273;51;Givry-lès-Loisy;65;56;55;12;8;9;15;4;0;2;3;2;0;0;0;9;1;21.82;14.55;16.36;27.27;7.27;0;3.64;5.45;3.64;0;0;0;13.85;1.82
51274;51;Gizaucourt;86;73;72;15;8;16;22;7;1;2;1;0;0;0;0;13;0;20.83;11.11;22.22;30.56;9.72;1.39;2.78;1.39;0;0;0;0;15.12;0
51275;51;Glannes;136;122;119;38;14;16;32;8;0;5;3;2;1;0;0;14;0;31.93;11.76;13.45;26.89;6.72;0;4.2;2.52;1.68;0.84;0;0;10.29;0
51276;51;Gourgançon;120;109;107;29;4;14;51;4;1;0;0;3;1;0;0;11;2;27.1;3.74;13.08;47.66;3.74;0.93;0;0;2.8;0.93;0;0;9.17;1.87
51277;51;Sainte-Marie-du-Lac-Nuisement;228;186;184;65;21;43;27;13;6;4;1;4;0;0;0;42;0;35.33;11.41;23.37;14.67;7.07;3.26;2.17;0.54;2.17;0;0;0;18.42;0
51278;51;Les Grandes-Loges;223;184;180;70;15;36;28;10;2;10;3;5;1;0;0;39;0;38.89;8.33;20;15.56;5.56;1.11;5.56;1.67;2.78;0.56;0;0;17.49;0
51279;51;Granges-sur-Aube;110;86;86;28;11;16;20;7;0;2;0;1;1;0;0;24;0;32.56;12.79;18.6;23.26;8.14;0;2.33;0;1.16;1.16;0;0;21.82;0
51280;51;Gratreuil;26;20;20;0;0;3;11;2;0;1;3;0;0;0;0;6;0;0;0;15;55;10;0;5;15;0;0;0;0;23.08;0
51281;51;Grauves;536;431;410;149;54;62;98;28;2;9;2;2;4;0;0;105;5;36.34;13.17;15.12;23.9;6.83;0.49;2.2;0.49;0.49;0.98;0;0;19.59;1.22
51282;51;Gueux;1366;1188;1169;171;88;335;451;59;17;40;2;2;4;0;0;178;2;14.63;7.53;28.66;38.58;5.05;1.45;3.42;0.17;0.17;0.34;0;0;13.03;0.17
51283;51;Hans;119;103;100;30;8;10;40;2;2;4;0;1;3;0;0;16;0;30;8;10;40;2;2;4;0;1;3;0;0;13.45;0
51284;51;Haussignémont;180;146;141;71;16;21;21;5;1;5;0;1;0;0;0;34;1;50.35;11.35;14.89;14.89;3.55;0.71;3.55;0;0.71;0;0;0;18.89;0.71
51285;51;Haussimont;142;122;122;34;18;12;39;1;2;13;1;2;0;0;0;20;0;27.87;14.75;9.84;31.97;0.82;1.64;10.66;0.82;1.64;0;0;0;14.08;0
51286;51;Hauteville;216;168;163;65;18;29;32;10;1;4;2;1;0;1;0;48;1;39.88;11.04;17.79;19.63;6.13;0.61;2.45;1.23;0.61;0;0.61;0;22.22;0.61
51287;51;Hautvillers;597;492;484;104;51;121;156;25;3;16;0;5;2;1;0;105;3;21.49;10.54;25;32.23;5.17;0.62;3.31;0;1.03;0.41;0.21;0;17.59;0.62
51288;51;Heiltz-le-Hutier;176;151;144;35;36;20;29;9;3;9;0;1;2;0;0;25;7;24.31;25;13.89;20.14;6.25;2.08;6.25;0;0.69;1.39;0;0;14.2;4.86
51289;51;Heiltz-le-Maurupt;319;277;269;112;51;39;32;20;2;5;3;3;2;0;0;42;4;41.64;18.96;14.5;11.9;7.43;0.74;1.86;1.12;1.12;0.74;0;0;13.17;1.49
51290;51;Heiltz-l'Evêque;217;173;167;80;26;18;16;15;0;7;0;2;3;0;0;44;1;47.9;15.57;10.78;9.58;8.98;0;4.19;0;1.2;1.8;0;0;20.28;0.6
51291;51;Hermonville;1104;913;902;184;103;215;270;49;8;48;9;10;4;2;0;191;2;20.4;11.42;23.84;29.93;5.43;0.89;5.32;1;1.11;0.44;0.22;0;17.3;0.22
51292;51;Herpont;128;106;104;32;3;12;42;8;2;3;1;1;0;0;0;22;1;30.77;2.88;11.54;40.38;7.69;1.92;2.88;0.96;0.96;0;0;0;17.19;0.96
51293;51;Heutrégiville;320;281;279;104;30;49;58;22;1;8;2;2;3;0;0;39;1;37.28;10.75;17.56;20.79;7.89;0.36;2.87;0.72;0.72;1.08;0;0;12.19;0.36
51294;51;Hourges;67;55;54;7;5;17;17;5;1;1;0;0;1;0;0;12;0;12.96;9.26;31.48;31.48;9.26;1.85;1.85;0;0;1.85;0;0;17.91;0
51295;51;Huiron;260;201;193;66;20;39;45;4;3;10;2;0;4;0;0;59;7;34.2;10.36;20.21;23.32;2.07;1.55;5.18;1.04;0;2.07;0;0;22.69;3.63
51296;51;Humbauville;64;52;52;15;5;5;23;3;0;0;1;0;0;0;0;12;0;28.85;9.62;9.62;44.23;5.77;0;0;1.92;0;0;0;0;18.75;0
51298;51;Igny-Comblizy;313;246;243;102;23;42;47;12;5;5;2;1;3;1;0;67;1;41.98;9.47;17.28;19.34;4.94;2.06;2.06;0.82;0.41;1.23;0.41;0;21.41;0.41
51299;51;Isles-sur-Suippe;605;517;509;180;47;92;108;42;10;22;4;1;3;0;0;88;1;35.36;9.23;18.07;21.22;8.25;1.96;4.32;0.79;0.2;0.59;0;0;14.55;0.2
51300;51;Isle-sur-Marne;84;71;63;37;5;10;4;2;0;4;0;0;0;1;0;13;2;58.73;7.94;15.87;6.35;3.17;0;6.35;0;0;0;1.59;0;15.48;3.17
51301;51;Isse;104;94;93;26;5;21;29;7;2;1;0;2;0;0;0;10;0;27.96;5.38;22.58;31.18;7.53;2.15;1.08;0;2.15;0;0;0;9.62;0
51302;51;Les Istres-et-Bury;85;66;65;16;5;10;17;8;4;2;0;2;1;0;0;19;0;24.62;7.69;15.38;26.15;12.31;6.15;3.08;0;3.08;1.54;0;0;22.35;0
51303;51;Jâlons;422;336;330;105;30;82;76;22;2;7;1;4;0;1;0;86;1;31.82;9.09;24.85;23.03;6.67;0.61;2.12;0.3;1.21;0;0.3;0;20.38;0.3
51304;51;Janvilliers;106;83;82;28;9;8;28;4;3;2;0;0;0;0;0;23;1;34.15;10.98;9.76;34.15;4.88;3.66;2.44;0;0;0;0;0;21.7;1.22
51305;51;Janvry;123;104;104;23;3;22;41;10;1;3;0;1;0;0;0;19;0;22.12;2.88;21.15;39.42;9.62;0.96;2.88;0;0.96;0;0;0;15.45;0
51306;51;Joiselle;76;66;65;29;4;12;17;3;0;0;0;0;0;0;0;10;0;44.62;6.15;18.46;26.15;4.62;0;0;0;0;0;0;0;13.16;0
51307;51;Jonchery-sur-Suippe;155;123;122;47;7;16;43;7;0;2;0;0;0;0;0;32;0;38.52;5.74;13.11;35.25;5.74;0;1.64;0;0;0;0;0;20.65;0
51308;51;Jonchery-sur-Vesle;1570;1303;1265;258;157;348;323;79;10;57;8;10;9;6;0;267;4;20.4;12.41;27.51;25.53;6.25;0.79;4.51;0.63;0.79;0.71;0.47;0;17.01;0.32
51309;51;Jonquery;89;80;80;21;3;11;33;6;1;4;0;0;1;0;0;9;0;26.25;3.75;13.75;41.25;7.5;1.25;5;0;0;1.25;0;0;10.11;0
51310;51;Jouy-lès-Reims;178;154;152;32;13;23;67;8;1;3;1;2;2;0;0;24;1;21.05;8.55;15.13;44.08;5.26;0.66;1.97;0.66;1.32;1.32;0;0;13.48;0.66
51311;51;Jussecourt-Minecourt;148;116;115;57;10;13;28;3;2;1;0;0;1;0;0;32;0;49.57;8.7;11.3;24.35;2.61;1.74;0.87;0;0;0.87;0;0;21.62;0
51312;51;Juvigny;771;659;646;173;105;118;158;45;1;31;7;4;3;1;0;112;5;26.78;16.25;18.27;24.46;6.97;0.15;4.8;1.08;0.62;0.46;0.15;0;14.53;0.77
51313;51;Lachy;276;217;212;75;14;46;47;15;2;8;1;3;1;0;0;59;0;35.38;6.6;21.7;22.17;7.08;0.94;3.77;0.47;1.42;0.47;0;0;21.38;0
51314;51;Lagery;155;131;129;28;20;24;28;14;3;5;3;0;3;1;0;24;1;21.71;15.5;18.6;21.71;10.85;2.33;3.88;2.33;0;2.33;0.78;0;15.48;0.78
51315;51;Landricourt;125;92;89;41;8;24;6;5;2;2;0;1;0;0;0;33;0;46.07;8.99;26.97;6.74;5.62;2.25;2.25;0;1.12;0;0;0;26.4;0
51316;51;Larzicourt;221;188;188;68;21;36;39;9;7;5;0;0;3;0;0;33;0;36.17;11.17;19.15;20.74;4.79;3.72;2.66;0;0;1.6;0;0;14.93;0
51317;51;Laval-sur-Tourbe;50;44;43;9;3;2;13;7;1;7;0;0;0;1;0;6;0;20.93;6.98;4.65;30.23;16.28;2.33;16.28;0;0;0;2.33;0;12;0
51318;51;Lavannes;437;401;399;71;46;110;125;21;1;16;1;2;4;2;0;36;0;17.79;11.53;27.57;31.33;5.26;0.25;4.01;0.25;0.5;1;0.5;0;8.24;0
51319;51;Lenharrée;98;88;88;19;5;9;50;0;1;4;0;0;0;0;0;10;0;21.59;5.68;10.23;56.82;0;1.14;4.55;0;0;0;0;0;10.2;0
51320;51;Leuvrigny;256;218;214;82;15;30;59;10;1;13;1;3;0;0;0;38;0;38.32;7.01;14.02;27.57;4.67;0.47;6.07;0.47;1.4;0;0;0;14.84;0
51321;51;Lhéry;64;56;55;13;2;12;25;1;0;2;0;0;0;0;0;8;0;23.64;3.64;21.82;45.45;1.82;0;3.64;0;0;0;0;0;12.5;0
51322;51;Lignon;85;71;69;32;2;13;14;5;0;2;0;1;0;0;0;14;2;46.38;2.9;18.84;20.29;7.25;0;2.9;0;1.45;0;0;0;16.47;2.9
51323;51;Linthelles;88;72;71;17;6;8;27;8;3;1;1;0;0;0;0;16;0;23.94;8.45;11.27;38.03;11.27;4.23;1.41;1.41;0;0;0;0;18.18;0
51324;51;Linthes;112;94;91;40;3;8;26;7;0;1;4;1;1;0;0;18;1;43.96;3.3;8.79;28.57;7.69;0;1.1;4.4;1.1;1.1;0;0;16.07;1.1
51325;51;Lisse-en-Champagne;107;87;80;31;2;14;25;2;2;4;0;0;0;0;0;20;3;38.75;2.5;17.5;31.25;2.5;2.5;5;0;0;0;0;0;18.69;3.75
51326;51;Livry-Louvercy;776;633;621;227;66;117;118;47;8;27;3;3;4;1;0;143;4;36.55;10.63;18.84;19;7.57;1.29;4.35;0.48;0.48;0.64;0.16;0;18.43;0.64
51327;51;Loisy-en-Brie;159;129;126;48;11;19;38;5;1;2;1;0;1;0;0;30;2;38.1;8.73;15.08;30.16;3.97;0.79;1.59;0.79;0;0.79;0;0;18.87;1.59
51328;51;Loisy-sur-Marne;770;621;610;206;82;120;127;44;2;20;2;3;4;0;0;149;2;33.77;13.44;19.67;20.82;7.21;0.33;3.28;0.33;0.49;0.66;0;0;19.35;0.33
51329;51;Loivre;1083;884;861;246;124;179;199;52;4;35;5;10;7;0;0;199;4;28.57;14.4;20.79;23.11;6.04;0.46;4.07;0.58;1.16;0.81;0;0;18.37;0.46
51333;51;Ludes;542;476;467;114;30;94;170;27;2;14;5;4;6;1;0;66;3;24.41;6.42;20.13;36.4;5.78;0.43;3;1.07;0.86;1.28;0.21;0;12.18;0.64
51334;51;Luxémont-et-Villotte;389;307;298;136;21;46;53;28;3;7;0;1;2;1;0;82;3;45.64;7.05;15.44;17.79;9.4;1.01;2.35;0;0.34;0.67;0.34;0;21.08;1.01
51336;51;Maffrécourt;52;43;41;9;3;1;13;9;2;2;1;0;0;1;0;9;0;21.95;7.32;2.44;31.71;21.95;4.88;4.88;2.44;0;0;2.44;0;17.31;0
51337;51;Magneux;190;162;155;58;29;26;23;13;2;1;1;2;0;0;0;28;0;37.42;18.71;16.77;14.84;8.39;1.29;0.65;0.65;1.29;0;0;0;14.74;0
51338;51;Mailly-Champagne;562;470;461;97;64;91;147;32;7;11;3;5;3;1;0;92;1;21.04;13.88;19.74;31.89;6.94;1.52;2.39;0.65;1.08;0.65;0.22;0;16.37;0.22
51339;51;Mairy-sur-Marne;463;399;386;115;63;85;77;25;6;10;1;3;0;1;0;64;13;29.79;16.32;22.02;19.95;6.48;1.55;2.59;0.26;0.78;0;0.26;0;13.82;3.37
51340;51;Maisons-en-Champagne;422;338;335;127;36;55;63;32;2;14;1;3;2;0;0;84;1;37.91;10.75;16.42;18.81;9.55;0.6;4.18;0.3;0.9;0.6;0;0;19.91;0.3
51341;51;Malmy;28;23;22;6;2;1;9;3;1;0;0;0;0;0;0;5;0;27.27;9.09;4.55;40.91;13.64;4.55;0;0;0;0;0;0;17.86;0
51342;51;Mancy;229;195;190;52;22;36;59;11;0;5;0;3;1;1;0;34;3;27.37;11.58;18.95;31.05;5.79;0;2.63;0;1.58;0.53;0.53;0;14.85;1.58
51343;51;Marcilly-sur-Seine;513;428;419;106;64;80;117;29;2;11;6;1;3;0;0;85;6;25.3;15.27;19.09;27.92;6.92;0.48;2.63;1.43;0.24;0.72;0;0;16.57;1.43
51344;51;Mardeuil;1267;1065;1041;293;173;220;208;75;2;44;7;9;10;0;0;202;4;28.15;16.62;21.13;19.98;7.2;0.19;4.23;0.67;0.86;0.96;0;0;15.94;0.38
51345;51;Mareuil-en-Brie;213;178;178;73;31;21;34;9;2;2;3;3;0;0;0;35;0;41.01;17.42;11.8;19.1;5.06;1.12;1.12;1.69;1.69;0;0;0;16.43;0
51346;51;Mareuil-le-Port;880;703;692;236;86;99;191;42;2;12;7;9;7;1;0;177;0;34.1;12.43;14.31;27.6;6.07;0.29;1.73;1.01;1.3;1.01;0.14;0;20.11;0
51348;51;Marfaux;115;89;84;14;16;20;22;2;0;6;0;2;2;0;0;26;2;16.67;19.05;23.81;26.19;2.38;0;7.14;0;2.38;2.38;0;0;22.61;2.38
51349;51;Margerie-Hancourt;140;120;114;50;5;13;29;11;1;3;1;1;0;0;0;20;0;43.86;4.39;11.4;25.44;9.65;0.88;2.63;0.88;0.88;0;0;0;14.29;0
51350;51;Margny;98;85;84;33;18;5;13;6;2;2;4;1;0;0;0;13;0;39.29;21.43;5.95;15.48;7.14;2.38;2.38;4.76;1.19;0;0;0;13.27;0
51351;51;Marigny;85;67;65;33;5;4;19;0;0;2;0;2;0;0;0;18;1;50.77;7.69;6.15;29.23;0;0;3.08;0;3.08;0;0;0;21.18;1.54
51352;51;Marolles;624;487;480;233;45;67;64;44;2;15;3;1;5;1;0;137;7;48.54;9.38;13.96;13.33;9.17;0.42;3.13;0.63;0.21;1.04;0.21;0;21.96;1.46
51353;51;Marsangis;42;36;35;10;0;1;21;3;0;0;0;0;0;0;0;6;1;28.57;0;2.86;60;8.57;0;0;0;0;0;0;0;14.29;2.86
51354;51;Marson;221;198;194;46;18;29;69;12;3;8;3;3;3;0;0;23;1;23.71;9.28;14.95;35.57;6.19;1.55;4.12;1.55;1.55;1.55;0;0;10.41;0.52
51355;51;Massiges;39;34;33;10;2;3;10;2;4;1;0;1;0;0;0;5;0;30.3;6.06;9.09;30.3;6.06;12.12;3.03;0;3.03;0;0;0;12.82;0
51356;51;Matignicourt-Goncourt;129;102;101;49;11;9;19;7;2;1;2;1;0;0;0;27;0;48.51;10.89;8.91;18.81;6.93;1.98;0.99;1.98;0.99;0;0;0;20.93;0
51357;51;Matougues;524;427;416;125;72;62;107;24;4;13;4;2;3;0;0;97;3;30.05;17.31;14.9;25.72;5.77;0.96;3.13;0.96;0.48;0.72;0;0;18.51;0.72
51358;51;Maurupt-le-Montois;411;331;325;156;38;57;36;15;5;8;3;4;3;0;0;80;2;48;11.69;17.54;11.08;4.62;1.54;2.46;0.92;1.23;0.92;0;0;19.46;0.62
51359;51;Mécringes;154;134;131;65;7;10;29;12;0;4;3;1;0;0;0;20;0;49.62;5.34;7.63;22.14;9.16;0;3.05;2.29;0.76;0;0;0;12.99;0
51360;51;Le Meix-Saint-Epoing;228;198;194;70;27;37;21;13;2;15;2;2;5;0;0;30;0;36.08;13.92;19.07;10.82;6.7;1.03;7.73;1.03;1.03;2.58;0;0;13.16;0
51361;51;Le Meix-Tiercelin;102;93;93;29;12;26;14;6;2;2;2;0;0;0;0;9;0;31.18;12.9;27.96;15.05;6.45;2.15;2.15;2.15;0;0;0;0;8.82;0
51362;51;Merfy;533;456;449;72;47;112;141;42;1;24;2;5;1;2;0;77;1;16.04;10.47;24.94;31.4;9.35;0.22;5.35;0.45;1.11;0.22;0.45;0;14.45;0.22
51363;51;Merlaut;204;173;166;76;17;28;35;7;0;3;0;0;0;0;0;31;2;45.78;10.24;16.87;21.08;4.22;0;1.81;0;0;0;0;0;15.2;1.2
51364;51;Méry-Prémecy;59;45;44;8;4;6;18;1;1;4;1;0;0;1;0;14;1;18.18;9.09;13.64;40.91;2.27;2.27;9.09;2.27;0;0;2.27;0;23.73;2.27
51365;51;Les Mesneux;741;646;633;92;59;177;207;45;4;29;8;7;4;1;0;95;1;14.53;9.32;27.96;32.7;7.11;0.63;4.58;1.26;1.11;0.63;0.16;0;12.82;0.16
51367;51;Le Mesnil-sur-Oger;833;683;669;229;66;106;191;34;9;17;5;4;6;2;0;150;5;34.23;9.87;15.84;28.55;5.08;1.35;2.54;0.75;0.6;0.9;0.3;0;18.01;0.75
51368;51;Minaucourt-le-Mesnil-lès-Hurlus;57;45;44;12;1;6;18;2;2;1;0;2;0;0;0;12;0;27.27;2.27;13.64;40.91;4.55;4.55;2.27;0;4.55;0;0;0;21.05;0
51369;51;Moeurs-Verdey;244;216;211;42;41;35;50;27;1;9;0;4;2;0;0;28;2;19.91;19.43;16.59;23.7;12.8;0.47;4.27;0;1.9;0.95;0;0;11.48;0.95
51370;51;Moiremont;186;158;146;48;14;20;34;15;2;5;0;6;1;1;0;28;2;32.88;9.59;13.7;23.29;10.27;1.37;3.42;0;4.11;0.68;0.68;0;15.05;1.37
51371;51;Moivre;43;38;37;14;1;8;10;4;0;0;0;0;0;0;0;5;0;37.84;2.7;21.62;27.03;10.81;0;0;0;0;0;0;0;11.63;0
51372;51;Moncetz-Longevas;406;372;365;121;49;71;64;28;5;18;4;0;3;2;0;34;0;33.15;13.42;19.45;17.53;7.67;1.37;4.93;1.1;0;0.82;0.55;0;8.37;0
51373;51;Moncetz-l'Abbaye;88;79;72;21;8;9;22;10;0;0;1;1;0;0;0;9;2;29.17;11.11;12.5;30.56;13.89;0;0;1.39;1.39;0;0;0;10.23;2.78
51374;51;Mondement-Montgivroux;40;31;29;5;3;4;16;0;0;0;0;1;0;0;0;9;1;17.24;10.34;13.79;55.17;0;0;0;0;3.45;0;0;0;22.5;3.45
51375;51;Montbré;220;189;177;50;16;42;48;18;0;1;0;1;1;0;0;31;3;28.25;9.04;23.73;27.12;10.17;0;0.56;0;0.56;0.56;0;0;14.09;1.69
51376;51;Montgenost;115;99;94;40;11;8;29;3;0;2;0;1;0;0;0;16;0;42.55;11.7;8.51;30.85;3.19;0;2.13;0;1.06;0;0;0;13.91;0
51377;51;Montépreux;33;25;25;1;4;5;11;0;3;0;0;0;0;1;0;8;0;4;16;20;44;0;12;0;0;0;0;4;0;24.24;0
51378;51;Monthelon;297;230;230;68;9;36;87;15;3;4;4;2;1;1;0;67;0;29.57;3.91;15.65;37.83;6.52;1.3;1.74;1.74;0.87;0.43;0.43;0;22.56;0
51379;51;Montigny-sur-Vesle;383;329;325;98;37;86;71;18;1;8;3;0;3;0;0;54;0;30.15;11.38;26.46;21.85;5.54;0.31;2.46;0.92;0;0.92;0;0;14.1;0
51380;51;Montmirail;2639;1907;1876;678;199;283;424;153;22;69;11;21;14;2;0;732;6;36.14;10.61;15.09;22.6;8.16;1.17;3.68;0.59;1.12;0.75;0.11;0;27.74;0.32
51381;51;Montmort-Lucy;441;376;372;128;38;57;92;27;6;19;1;1;3;0;0;65;0;34.41;10.22;15.32;24.73;7.26;1.61;5.11;0.27;0.27;0.81;0;0;14.74;0
51382;51;Mont-sur-Courville;107;91;90;27;13;17;15;10;0;4;2;1;1;0;0;16;1;30;14.44;18.89;16.67;11.11;0;4.44;2.22;1.11;1.11;0;0;14.95;1.11
51384;51;Morangis;271;237;230;99;18;53;41;9;3;3;1;2;1;0;0;34;6;43.04;7.83;23.04;17.83;3.91;1.3;1.3;0.43;0.87;0.43;0;0;12.55;2.61
51386;51;Morsains;127;109;104;23;17;17;32;8;0;5;0;1;1;0;0;18;1;22.12;16.35;16.35;30.77;7.69;0;4.81;0;0.96;0.96;0;0;14.17;0.96
51387;51;Moslins;248;212;207;85;34;34;38;7;0;5;1;2;1;0;0;36;0;41.06;16.43;16.43;18.36;3.38;0;2.42;0.48;0.97;0.48;0;0;14.52;0
51388;51;Mourmelon-le-Grand;2607;2102;2031;893;227;290;357;140;13;57;21;17;13;3;0;505;17;43.97;11.18;14.28;17.58;6.89;0.64;2.81;1.03;0.84;0.64;0.15;0;19.37;0.84
51389;51;Mourmelon-le-Petit;597;491;482;208;69;67;61;35;5;16;8;4;6;3;0;106;1;43.15;14.32;13.9;12.66;7.26;1.04;3.32;1.66;0.83;1.24;0.62;0;17.76;0.21
51390;51;Moussy;613;488;479;102;51;101;156;33;4;11;10;6;5;0;0;125;1;21.29;10.65;21.09;32.57;6.89;0.84;2.3;2.09;1.25;1.04;0;0;20.39;0.21
51391;51;Muizon;1757;1502;1473;363;206;411;277;95;11;75;7;15;9;4;0;255;10;24.64;13.99;27.9;18.81;6.45;0.75;5.09;0.48;1.02;0.61;0.27;0;14.51;0.68
51392;51;Mutigny;144;123;121;33;29;26;22;5;1;2;1;2;0;0;0;21;1;27.27;23.97;21.49;18.18;4.13;0.83;1.65;0.83;1.65;0;0;0;14.58;0.83
51393;51;Nanteuil-la-Forêt;197;175;170;53;26;26;35;13;4;11;1;1;0;0;0;22;0;31.18;15.29;15.29;20.59;7.65;2.35;6.47;0.59;0.59;0;0;0;11.17;0
51395;51;Nesle-la-Reposte;86;73;72;24;8;10;17;3;2;2;3;1;1;1;0;13;0;33.33;11.11;13.89;23.61;4.17;2.78;2.78;4.17;1.39;1.39;1.39;0;15.12;0
51396;51;Nesle-le-Repons;119;95;92;40;9;8;28;2;0;2;0;2;0;1;0;24;2;43.48;9.78;8.7;30.43;2.17;0;2.17;0;2.17;0;1.09;0;20.17;2.17
51397;51;La Neuville-aux-Bois;137;110;109;49;14;23;13;1;0;4;5;0;0;0;0;27;0;44.95;12.84;21.1;11.93;0.92;0;3.67;4.59;0;0;0;0;19.71;0
51398;51;La Neuville-aux-Larris;152;121;119;34;16;12;40;8;5;2;0;0;1;1;0;31;1;28.57;13.45;10.08;33.61;6.72;4.2;1.68;0;0;0.84;0.84;0;20.39;0.84
51399;51;La Neuville-au-Pont;416;357;347;126;32;75;69;20;6;11;1;2;4;1;0;59;10;36.31;9.22;21.61;19.88;5.76;1.73;3.17;0.29;0.58;1.15;0.29;0;14.18;2.88
51402;51;Neuvy;202;163;158;75;14;15;28;5;2;11;6;2;0;0;0;39;1;47.47;8.86;9.49;17.72;3.16;1.27;6.96;3.8;1.27;0;0;0;19.31;0.63
51403;51;Nogent-l'Abbesse;451;372;369;92;30;65;124;33;4;15;1;2;1;2;0;79;0;24.93;8.13;17.62;33.6;8.94;1.08;4.07;0.27;0.54;0.27;0.54;0;17.52;0
51404;51;Noirlieu;107;97;94;21;5;19;35;10;2;2;0;0;0;0;0;10;1;22.34;5.32;20.21;37.23;10.64;2.13;2.13;0;0;0;0;0;9.35;1.06
51406;51;Norrois;127;98;95;44;13;12;12;4;1;7;1;0;0;1;0;29;1;46.32;13.68;12.63;12.63;4.21;1.05;7.37;1.05;0;0;1.05;0;22.83;1.05
51407;51;La Noue;260;209;203;82;28;42;23;18;0;4;2;3;0;1;0;51;1;40.39;13.79;20.69;11.33;8.87;0;1.97;0.99;1.48;0;0.49;0;19.62;0.49
51409;51;Nuisement-sur-Coole;279;241;237;81;26;46;50;21;2;9;0;1;1;0;0;38;0;34.18;10.97;19.41;21.1;8.86;0.84;3.8;0;0.42;0.42;0;0;13.62;0
51410;51;OEuilly;512;406;394;139;54;60;98;23;4;13;0;0;2;1;0;106;1;35.28;13.71;15.23;24.87;5.84;1.02;3.3;0;0;0.51;0.25;0;20.7;0.25
51411;51;Oger;484;398;388;136;23;45;137;22;3;10;7;4;1;0;0;86;0;35.05;5.93;11.6;35.31;5.67;0.77;2.58;1.8;1.03;0.26;0;0;17.77;0
51412;51;Ognes;61;53;52;18;2;6;19;1;0;1;0;1;3;1;0;8;1;34.62;3.85;11.54;36.54;1.92;0;1.92;0;1.92;5.77;1.92;0;13.11;1.92
51413;51;Oiry;730;595;585;197;89;89;129;49;4;15;1;5;5;2;0;135;1;33.68;15.21;15.21;22.05;8.38;0.68;2.56;0.17;0.85;0.85;0.34;0;18.49;0.17
51414;51;Olizy;120;111;109;34;7;15;43;5;0;4;1;0;0;0;0;9;1;31.19;6.42;13.76;39.45;4.59;0;3.67;0.92;0;0;0;0;7.5;0.92
51415;51;Omey;151;120;116;52;15;22;11;6;0;6;0;0;2;2;0;31;3;44.83;12.93;18.97;9.48;5.17;0;5.17;0;0;1.72;1.72;0;20.53;2.59
51416;51;Orbais-l'Abbaye;416;344;335;101;48;53;86;20;3;12;4;5;3;0;0;72;9;30.15;14.33;15.82;25.67;5.97;0.9;3.58;1.19;1.49;0.9;0;0;17.31;2.69
51417;51;Orconte;345;270;261;138;20;28;38;13;1;9;6;4;4;0;0;75;3;52.87;7.66;10.73;14.56;4.98;0.38;3.45;2.3;1.53;1.53;0;0;21.74;1.15
51418;51;Ormes;342;299;290;42;41;67;91;20;6;12;2;6;2;1;0;43;1;14.48;14.14;23.1;31.38;6.9;2.07;4.14;0.69;2.07;0.69;0.34;0;12.57;0.34
51419;51;Outines;124;105;101;27;8;24;31;3;1;4;0;0;3;0;0;19;0;26.73;7.92;23.76;30.69;2.97;0.99;3.96;0;0;2.97;0;0;15.32;0
51420;51;Outrepont;71;63;63;19;2;16;18;3;1;4;0;0;0;0;0;8;0;30.16;3.17;25.4;28.57;4.76;1.59;6.35;0;0;0;0;0;11.27;0
51421;51;Oyes;69;60;60;26;10;8;11;1;0;4;0;0;0;0;0;9;0;43.33;16.67;13.33;18.33;1.67;0;6.67;0;0;0;0;0;13.04;0
51422;51;Pargny-lès-Reims;316;267;260;49;23;76;80;15;1;10;1;2;3;0;0;49;1;18.85;8.85;29.23;30.77;5.77;0.38;3.85;0.38;0.77;1.15;0;0;15.51;0.38
51423;51;Pargny-sur-Saulx;1330;922;904;468;137;111;81;45;4;33;4;11;9;1;0;408;1;51.77;15.15;12.28;8.96;4.98;0.44;3.65;0.44;1.22;1;0.11;0;30.68;0.11
51424;51;Passavant-en-Argonne;174;141;137;48;24;23;16;12;4;9;0;1;0;0;0;33;2;35.04;17.52;16.79;11.68;8.76;2.92;6.57;0;0.73;0;0;0;18.97;1.46
51425;51;Passy-Grigny;313;258;248;90;20;34;71;17;5;7;0;2;1;1;0;55;10;36.29;8.06;13.71;28.63;6.85;2.02;2.82;0;0.81;0.4;0.4;0;17.57;4.03
51426;51;Péas;70;62;58;20;9;4;20;3;0;2;0;0;0;0;0;8;0;34.48;15.52;6.9;34.48;5.17;0;3.45;0;0;0;0;0;11.43;0
51428;51;Les Petites-Loges;324;264;259;89;43;58;39;19;4;2;1;3;1;0;0;60;1;34.36;16.6;22.39;15.06;7.34;1.54;0.77;0.39;1.16;0.39;0;0;18.52;0.39
51429;51;Pévy;173;150;147;33;8;23;65;11;1;6;0;0;0;0;0;23;0;22.45;5.44;15.65;44.22;7.48;0.68;4.08;0;0;0;0;0;13.29;0
51430;51;Pierre-Morains;80;67;66;15;3;18;22;5;0;0;1;2;0;0;0;13;0;22.73;4.55;27.27;33.33;7.58;0;0;1.52;3.03;0;0;0;16.25;0
51431;51;Pierry;962;777;759;204;121;145;161;60;3;36;12;10;4;3;0;185;3;26.88;15.94;19.1;21.21;7.91;0.4;4.74;1.58;1.32;0.53;0.4;0;19.23;0.4
51432;51;Pleurs;597;463;454;174;61;71;81;28;6;12;6;9;5;1;0;134;2;38.33;13.44;15.64;17.84;6.17;1.32;2.64;1.32;1.98;1.1;0.22;0;22.45;0.44
51433;51;Plichancourt;170;133;131;60;12;30;16;5;2;1;3;2;0;0;0;37;1;45.8;9.16;22.9;12.21;3.82;1.53;0.76;2.29;1.53;0;0;0;21.76;0.76
51434;51;Plivot;575;507;490;149;66;105;109;28;2;17;2;7;5;0;0;68;3;30.41;13.47;21.43;22.24;5.71;0.41;3.47;0.41;1.43;1.02;0;0;11.83;0.61
51435;51;Pocancy;135;113;113;29;13;19;32;11;3;2;1;3;0;0;0;22;0;25.66;11.5;16.81;28.32;9.73;2.65;1.77;0.88;2.65;0;0;0;16.3;0
51436;51;Pogny;639;561;543;183;62;105;117;47;3;17;1;6;2;0;0;78;3;33.7;11.42;19.34;21.55;8.66;0.55;3.13;0.18;1.1;0.37;0;0;12.21;0.55
51437;51;Poilly;82;72;71;21;4;12;17;6;0;6;0;3;2;0;0;10;0;29.58;5.63;16.9;23.94;8.45;0;8.45;0;4.23;2.82;0;0;12.2;0
51438;51;Poix;65;60;60;10;2;6;35;7;0;0;0;0;0;0;0;5;0;16.67;3.33;10;58.33;11.67;0;0;0;0;0;0;0;7.69;0
51439;51;Pomacle;328;284;274;57;34;46;109;9;2;10;5;2;0;0;0;44;3;20.8;12.41;16.79;39.78;3.28;0.73;3.65;1.82;0.73;0;0;0;13.41;1.09
51440;51;Pontfaverger-Moronvilliers;1138;908;883;316;163;156;110;65;9;34;4;9;13;4;0;230;3;35.79;18.46;17.67;12.46;7.36;1.02;3.85;0.45;1.02;1.47;0.45;0;20.21;0.34
51441;51;Ponthion;115;89;86;30;12;10;21;3;0;5;2;2;1;0;0;26;1;34.88;13.95;11.63;24.42;3.49;0;5.81;2.33;2.33;1.16;0;0;22.61;1.16
51442;51;Possesse;110;82;78;24;14;12;18;6;1;2;0;1;0;0;0;28;1;30.77;17.95;15.38;23.08;7.69;1.28;2.56;0;1.28;0;0;0;25.45;1.28
51443;51;Potangis;85;72;69;25;9;12;13;6;0;2;2;0;0;0;0;13;1;36.23;13.04;17.39;18.84;8.7;0;2.9;2.9;0;0;0;0;15.29;1.45
51444;51;Pouillon;371;314;312;89;31;60;94;16;2;6;2;3;7;2;0;57;0;28.53;9.94;19.23;30.13;5.13;0.64;1.92;0.64;0.96;2.24;0.64;0;15.36;0
51445;51;Pourcy;154;132;129;28;18;42;18;8;3;8;2;0;2;0;0;22;1;21.71;13.95;32.56;13.95;6.2;2.33;6.2;1.55;0;1.55;0;0;14.29;0.78
51446;51;Pringy;352;276;274;117;28;49;54;15;4;2;0;4;0;1;0;76;2;42.7;10.22;17.88;19.71;5.47;1.46;0.73;0;1.46;0;0.36;0;21.59;0.73
51447;51;Prosnes;390;348;344;119;43;70;72;24;0;8;1;1;6;0;0;42;0;34.59;12.5;20.35;20.93;6.98;0;2.33;0.29;0.29;1.74;0;0;10.77;0
51448;51;Prouilly;409;349;345;101;38;48;120;10;3;17;3;2;3;0;0;60;2;29.28;11.01;13.91;34.78;2.9;0.87;4.93;0.87;0.58;0.87;0;0;14.67;0.58
51449;51;Prunay;796;677;663;182;99;176;124;41;6;21;3;6;2;3;0;119;2;27.45;14.93;26.55;18.7;6.18;0.9;3.17;0.45;0.9;0.3;0.45;0;14.95;0.3
51450;51;Puisieulx;314;282;278;59;31;64;89;12;9;13;0;1;0;0;0;32;0;21.22;11.15;23.02;32.01;4.32;3.24;4.68;0;0.36;0;0;0;10.19;0
51451;51;Queudes;76;62;62;18;17;3;18;3;0;0;0;2;1;0;0;14;0;29.03;27.42;4.84;29.03;4.84;0;0;0;3.23;1.61;0;0;18.42;0
51452;51;Rapsécourt;25;24;23;1;1;0;16;5;0;0;0;0;0;0;0;1;0;4.35;4.35;0;69.57;21.74;0;0;0;0;0;0;0;4;0
51453;51;Recy;882;723;701;186;78;144;183;59;7;25;3;4;12;0;0;159;3;26.53;11.13;20.54;26.11;8.42;1;3.57;0.43;0.57;1.71;0;0;18.03;0.43
51454;51;Reims;99994;73231;71832;15729;14584;17488;13637;3006;432;4784;766;712;558;136;0;26763;382;21.9;20.3;24.35;18.98;4.18;0.6;6.66;1.07;0.99;0.78;0.19;0;26.76;0.53
51455;51;Reims-la-Brûlée;195;173;167;65;14;28;35;11;3;6;1;1;3;0;0;22;1;38.92;8.38;16.77;20.96;6.59;1.8;3.59;0.6;0.6;1.8;0;0;11.28;0.6
51456;51;Remicourt;62;55;54;21;5;8;13;4;0;1;0;1;0;1;0;7;1;38.89;9.26;14.81;24.07;7.41;0;1.85;0;1.85;0;1.85;0;11.29;1.85
51457;51;Reuil;246;205;202;70;23;32;59;12;0;2;0;2;1;1;0;41;0;34.65;11.39;15.84;29.21;5.94;0;0.99;0;0.99;0.5;0.5;0;16.67;0
51458;51;Reuves;59;47;45;14;4;6;17;4;0;0;0;0;0;0;0;12;0;31.11;8.89;13.33;37.78;8.89;0;0;0;0;0;0;0;20.34;0
51459;51;Réveillon;85;67;67;31;7;3;17;1;1;6;0;1;0;0;0;18;0;46.27;10.45;4.48;25.37;1.49;1.49;8.96;0;1.49;0;0;0;21.18;0
51460;51;Rieux;131;111;109;43;10;12;32;6;0;2;0;1;3;0;0;20;0;39.45;9.17;11.01;29.36;5.5;0;1.83;0;0.92;2.75;0;0;15.27;0
51461;51;Rilly-la-Montagne;821;696;680;137;72;155;230;35;8;25;3;8;5;2;0;125;2;20.15;10.59;22.79;33.82;5.15;1.18;3.68;0.44;1.18;0.74;0.29;0;15.23;0.29
51463;51;Les Rivières-Henruel;151;137;132;34;18;35;22;8;1;10;2;1;1;0;0;14;3;25.76;13.64;26.52;16.67;6.06;0.76;7.58;1.52;0.76;0.76;0;0;9.27;2.27
51464;51;Romain;249;217;213;52;32;56;37;10;2;20;2;1;1;0;0;32;3;24.41;15.02;26.29;17.37;4.69;0.94;9.39;0.94;0.47;0.47;0;0;12.85;1.41
51465;51;Romery;145;132;132;50;4;21;43;11;1;1;0;1;0;0;0;13;0;37.88;3.03;15.91;32.58;8.33;0.76;0.76;0;0.76;0;0;0;8.97;0
51466;51;Romigny;159;139;138;42;18;19;43;9;0;7;0;0;0;0;0;20;1;30.43;13.04;13.77;31.16;6.52;0;5.07;0;0;0;0;0;12.58;0.72
51468;51;Rosnay;311;265;264;49;30;78;74;14;3;13;2;1;0;0;0;46;1;18.56;11.36;29.55;28.03;5.3;1.14;4.92;0.76;0.38;0;0;0;14.79;0.38
51469;51;Rouffy;87;70;68;25;9;8;13;6;3;2;0;1;1;0;0;17;2;36.76;13.24;11.76;19.12;8.82;4.41;2.94;0;1.47;1.47;0;0;19.54;2.94
51470;51;Rouvroy-Ripont;9;6;6;1;0;3;1;0;0;1;0;0;0;0;0;3;0;16.67;0;50;16.67;0;0;16.67;0;0;0;0;0;33.33;0
51471;51;Sacy;343;301;296;68;18;47;142;7;4;5;2;2;1;0;0;42;0;22.97;6.08;15.88;47.97;2.36;1.35;1.69;0.68;0.68;0.34;0;0;12.24;0
51472;51;Saint-Amand-sur-Fion;776;649;628;251;54;97;145;41;5;28;1;3;3;0;0;127;9;39.97;8.6;15.45;23.09;6.53;0.8;4.46;0.16;0.48;0.48;0;0;16.37;1.43
51473;51;Saint-Bon;104;78;74;32;4;17;14;0;0;3;0;4;0;0;0;26;0;43.24;5.41;22.97;18.92;0;0;4.05;0;5.41;0;0;0;25;0
51474;51;Saint-Brice-Courcelles;2826;2216;2155;565;395;490;338;113;24;158;26;22;21;3;0;610;23;26.22;18.33;22.74;15.68;5.24;1.11;7.33;1.21;1.02;0.97;0.14;0;21.59;1.07
51475;51;Saint-Chéron;68;53;52;16;3;9;13;7;0;1;3;0;0;0;0;15;0;30.77;5.77;17.31;25;13.46;0;1.92;5.77;0;0;0;0;22.06;0
51476;51;Saint-Etienne-au-Temple;538;473;460;116;57;102;109;53;4;13;1;1;3;1;0;65;2;25.22;12.39;22.17;23.7;11.52;0.87;2.83;0.22;0.22;0.65;0.22;0;12.08;0.43
51477;51;Saint-Etienne-sur-Suippe;223;194;191;75;21;37;33;13;0;8;0;2;1;1;0;29;0;39.27;10.99;19.37;17.28;6.81;0;4.19;0;1.05;0.52;0.52;0;13;0
51478;51;Saint-Eulien;310;236;224;94;22;41;35;21;3;4;1;1;2;0;0;74;4;41.96;9.82;18.3;15.63;9.38;1.34;1.79;0.45;0.45;0.89;0;0;23.87;1.79
51479;51;Saint-Euphraise-et-Clairizet;217;167;161;40;16;43;51;7;1;2;0;0;1;0;0;50;0;24.84;9.94;26.71;31.68;4.35;0.62;1.24;0;0;0.62;0;0;23.04;0
51480;51;Sainte-Gemme;106;84;84;31;13;8;28;2;0;2;0;0;0;0;0;22;0;36.9;15.48;9.52;33.33;2.38;0;2.38;0;0;0;0;0;20.75;0
51482;51;Saint-Germain-la-Ville;427;354;349;109;49;70;78;18;2;11;2;5;5;0;0;73;2;31.23;14.04;20.06;22.35;5.16;0.57;3.15;0.57;1.43;1.43;0;0;17.1;0.57
51483;51;Saint-Gibrien;370;316;309;75;58;72;49;36;0;10;3;1;4;1;0;54;3;24.27;18.77;23.3;15.86;11.65;0;3.24;0.97;0.32;1.29;0.32;0;14.59;0.97
51484;51;Saint-Gilles;203;173;169;37;25;46;35;13;0;7;3;0;0;3;0;30;0;21.89;14.79;27.22;20.71;7.69;0;4.14;1.78;0;0;1.78;0;14.78;0
51485;51;Saint-Hilaire-au-Temple;224;196;190;58;17;43;49;10;0;10;1;1;1;0;0;28;1;30.53;8.95;22.63;25.79;5.26;0;5.26;0.53;0.53;0.53;0;0;12.5;0.53
51486;51;Saint-Hilaire-le-Grand;254;206;201;46;13;20;84;24;0;8;2;2;1;1;0;48;5;22.89;6.47;9.95;41.79;11.94;0;3.98;1;1;0.5;0.5;0;18.9;2.49
51487;51;Saint-Hilaire-le-Petit;236;196;191;66;20;23;50;16;4;5;4;0;3;0;0;40;2;34.55;10.47;12.04;26.18;8.38;2.09;2.62;2.09;0;1.57;0;0;16.95;1.05
51488;51;Saint-Imoges;236;206;202;66;18;54;44;11;5;2;0;0;1;1;0;30;0;32.67;8.91;26.73;21.78;5.45;2.48;0.99;0;0;0.5;0.5;0;12.71;0
51489;51;Saint-Jean-devant-Possesse;35;32;32;10;3;3;12;1;0;3;0;0;0;0;0;3;0;31.25;9.38;9.38;37.5;3.13;0;9.38;0;0;0;0;0;8.57;0
51490;51;Saint-Jean-sur-Moivre;154;133;132;48;13;27;30;6;0;4;1;2;1;0;0;21;0;36.36;9.85;20.45;22.73;4.55;0;3.03;0.76;1.52;0.76;0;0;13.64;0
51491;51;Saint-Jean-sur-Tourbe;86;67;64;21;3;5;28;3;0;3;0;0;0;1;0;19;0;32.81;4.69;7.81;43.75;4.69;0;4.69;0;0;0;1.56;0;22.09;0
51492;51;Saint-Just-Sauvage;1096;904;864;357;134;113;146;57;13;21;8;6;9;0;0;192;8;41.32;15.51;13.08;16.9;6.6;1.5;2.43;0.93;0.69;1.04;0;0;17.52;0.93
51493;51;Saint-Léonard;83;74;71;16;8;5;37;0;0;1;1;1;2;0;0;9;0;22.54;11.27;7.04;52.11;0;0;1.41;1.41;1.41;2.82;0;0;10.84;0
51495;51;Saint-Loup;67;56;54;13;0;5;25;4;2;5;0;0;0;0;0;11;0;24.07;0;9.26;46.3;7.41;3.7;9.26;0;0;0;0;0;16.42;0
51496;51;Saint-Lumier-en-Champagne;204;163;159;57;19;18;41;14;1;3;3;1;0;2;0;41;0;35.85;11.95;11.32;25.79;8.81;0.63;1.89;1.89;0.63;0;1.26;0;20.1;0
51497;51;Saint-Lumier-la-Populeuse;35;34;33;9;4;9;5;1;0;3;1;0;0;1;0;1;0;27.27;12.12;27.27;15.15;3.03;0;9.09;3.03;0;0;3.03;0;2.86;0
51498;51;Saint-Mard-sur-Auve;63;56;55;17;5;9;16;5;2;1;0;0;0;0;0;7;0;30.91;9.09;16.36;29.09;9.09;3.64;1.82;0;0;0;0;0;11.11;0
51499;51;Saint-Mard-lès-Rouffy;122;106;103;32;16;17;29;6;0;1;0;2;0;0;0;16;1;31.07;15.53;16.5;28.16;5.83;0;0.97;0;1.94;0;0;0;13.11;0.97
51500;51;Saint-Mard-sur-le-Mont;97;78;78;27;6;10;20;9;1;5;0;0;0;0;0;19;0;34.62;7.69;12.82;25.64;11.54;1.28;6.41;0;0;0;0;0;19.59;0
51501;51;Sainte-Marie-à-Py;165;144;140;39;4;18;66;12;0;0;1;0;0;0;0;21;3;27.86;2.86;12.86;47.14;8.57;0;0;0.71;0;0;0;0;12.73;2.14
51502;51;Saint-Martin-aux-Champs;78;62;62;19;5;11;16;7;0;0;0;3;1;0;0;16;0;30.65;8.06;17.74;25.81;11.29;0;0;0;4.84;1.61;0;0;20.51;0
51503;51;Saint-Martin-l'Heureux;67;56;56;12;5;6;23;1;4;4;0;0;0;1;0;11;0;21.43;8.93;10.71;41.07;1.79;7.14;7.14;0;0;0;1.79;0;16.42;0
51504;51;Saint-Martin-sur-le-Pré;683;580;568;138;73;109;154;35;9;35;6;1;8;0;0;103;3;24.3;12.85;19.19;27.11;6.16;1.58;6.16;1.06;0.18;1.41;0;0;15.08;0.53
51505;51;Saint-Masmes;346;276;269;98;37;46;46;21;0;12;4;2;1;2;0;70;1;36.43;13.75;17.1;17.1;7.81;0;4.46;1.49;0.74;0.37;0.74;0;20.23;0.37
51506;51;Saint-Memmie;3829;2896;2823;718;497;592;605;170;25;128;35;31;18;4;0;933;21;25.43;17.61;20.97;21.43;6.02;0.89;4.53;1.24;1.1;0.64;0.14;0;24.37;0.74
51507;51;Sainte-Menehould;3058;2229;2161;623;276;475;462;133;21;114;15;23;16;3;0;829;26;28.83;12.77;21.98;21.38;6.15;0.97;5.28;0.69;1.06;0.74;0.14;0;27.11;1.2
51508;51;Saint-Ouen-Domprot;188;155;153;68;4;21;43;10;0;2;1;1;3;0;0;33;1;44.44;2.61;13.73;28.1;6.54;0;1.31;0.65;0.65;1.96;0;0;17.55;0.65
51509;51;Saint-Pierre;229;200;192;54;21;27;60;18;1;6;2;2;1;0;0;29;1;28.13;10.94;14.06;31.25;9.38;0.52;3.13;1.04;1.04;0.52;0;0;12.66;0.52
51510;51;Saint-Quentin-les-Marais;115;96;95;41;11;18;14;4;1;3;1;0;2;0;0;19;0;43.16;11.58;18.95;14.74;4.21;1.05;3.16;1.05;0;2.11;0;0;16.52;0
51511;51;Saint-Quentin-le-Verger;123;105;99;35;7;19;27;5;1;4;0;1;0;0;0;18;1;35.35;7.07;19.19;27.27;5.05;1.01;4.04;0;1.01;0;0;0;14.63;1.01
51512;51;Saint-Quentin-sur-Coole;84;78;74;24;8;6;24;4;4;1;1;2;0;0;0;6;2;32.43;10.81;8.11;32.43;5.41;5.41;1.35;1.35;2.7;0;0;0;7.14;2.7
51513;51;Saint-Remy-en-Bouzemont-Saint-Genest-et-Isson;382;305;300;117;29;42;75;15;1;15;0;0;6;0;0;77;2;39;9.67;14;25;5;0.33;5;0;0;2;0;0;20.16;0.67
51514;51;Saint-Remy-sous-Broyes;94;78;78;27;6;12;33;0;0;0;0;0;0;0;0;16;0;34.62;7.69;15.38;42.31;0;0;0;0;0;0;0;0;17.02;0
51515;51;Saint-Remy-sur-Bussy;236;208;204;67;23;46;52;8;0;3;0;1;3;1;0;28;1;32.84;11.27;22.55;25.49;3.92;0;1.47;0;0.49;1.47;0.49;0;11.86;0.49
51516;51;Saint-Saturnin;44;37;36;6;7;2;13;3;2;2;0;0;1;0;0;7;1;16.67;19.44;5.56;36.11;8.33;5.56;5.56;0;0;2.78;0;0;15.91;2.78
51517;51;Saint-Souplet-sur-Py;113;97;97;26;7;17;35;8;2;1;0;1;0;0;0;16;0;26.8;7.22;17.53;36.08;8.25;2.06;1.03;0;1.03;0;0;0;14.16;0
51518;51;Saint-Thierry;472;423;411;73;33;118;133;24;0;20;2;4;4;0;0;49;2;17.76;8.03;28.71;32.36;5.84;0;4.87;0.49;0.97;0.97;0;0;10.38;0.49
51519;51;Saint-Thomas-en-Argonne;42;33;32;17;1;5;7;1;0;1;0;0;0;0;0;9;1;53.13;3.13;15.63;21.88;3.13;0;3.13;0;0;0;0;0;21.43;3.13
51520;51;Saint-Utin;85;73;68;25;4;6;25;6;0;0;0;0;1;1;0;12;0;36.76;5.88;8.82;36.76;8.82;0;0;0;0;1.47;1.47;0;14.12;0
51521;51;Saint-Vrain;179;146;141;77;13;15;19;14;2;0;0;0;1;0;0;33;1;54.61;9.22;10.64;13.48;9.93;1.42;0;0;0;0.71;0;0;18.44;0.71
51522;51;Sapignicourt;262;207;203;105;9;31;45;5;0;6;0;2;0;0;0;55;1;51.72;4.43;15.27;22.17;2.46;0;2.96;0;0.99;0;0;0;20.99;0.49
51523;51;Sarcy;193;166;162;39;30;30;41;9;0;5;1;0;4;3;0;27;1;24.07;18.52;18.52;25.31;5.56;0;3.09;0.62;0;2.47;1.85;0;13.99;0.62
51524;51;Saron-sur-Aube;249;202;199;70;31;29;49;10;0;4;5;1;0;0;0;47;3;35.18;15.58;14.57;24.62;5.03;0;2.01;2.51;0.5;0;0;0;18.88;1.51
51525;51;Sarry;1679;1447;1417;327;189;362;310;101;14;85;8;10;8;3;0;232;4;23.08;13.34;25.55;21.88;7.13;0.99;6;0.56;0.71;0.56;0.21;0;13.82;0.28
51526;51;Saudoy;296;246;245;79;27;30;71;24;6;3;2;2;1;0;0;50;0;32.24;11.02;12.24;28.98;9.8;2.45;1.22;0.82;0.82;0.41;0;0;16.89;0
51527;51;Savigny-sur-Ardres;210;169;167;52;24;38;33;11;2;4;2;1;0;0;0;41;1;31.14;14.37;22.75;19.76;6.59;1.2;2.4;1.2;0.6;0;0;0;19.52;0.6
51528;51;Scrupt;107;92;91;29;26;5;24;4;0;3;0;0;0;0;0;15;0;31.87;28.57;5.49;26.37;4.4;0;3.3;0;0;0;0;0;14.02;0
51529;51;Selles;300;252;250;98;21;41;51;26;4;3;3;1;2;0;0;48;0;39.2;8.4;16.4;20.4;10.4;1.6;1.2;1.2;0.4;0.8;0;0;16;0
51530;51;Sept-Saulx;423;363;356;137;51;66;61;15;4;14;3;0;5;0;0;60;2;38.48;14.33;18.54;17.13;4.21;1.12;3.93;0.84;0;1.4;0;0;14.18;0.56
51531;51;Sermaize-les-Bains;1413;1104;1080;428;170;172;153;70;12;42;5;14;13;1;0;309;6;39.63;15.74;15.93;14.17;6.48;1.11;3.89;0.46;1.3;1.2;0.09;0;21.87;0.56
51532;51;Sermiers;536;434;430;70;57;113;138;29;2;17;1;0;1;2;0;102;2;16.28;13.26;26.28;32.09;6.74;0.47;3.95;0.23;0;0.23;0.47;0;19.03;0.47
51533;51;Servon-Melzicourt;91;68;68;19;3;6;28;6;0;4;0;0;2;0;0;23;0;27.94;4.41;8.82;41.18;8.82;0;5.88;0;0;2.94;0;0;25.27;0
51534;51;Serzy-et-Prin;141;126;125;32;19;22;35;4;3;5;2;3;0;0;0;15;0;25.6;15.2;17.6;28;3.2;2.4;4;1.6;2.4;0;0;0;10.64;0
51535;51;Sézanne;3526;2582;2518;743;358;502;517;173;15;122;20;40;18;10;0;944;9;29.51;14.22;19.94;20.53;6.87;0.6;4.85;0.79;1.59;0.71;0.4;0;26.77;0.36
51536;51;Sillery;1437;1190;1165;295;158;245;291;65;9;62;13;16;9;2;0;247;5;25.32;13.56;21.03;24.98;5.58;0.77;5.32;1.12;1.37;0.77;0.17;0;17.19;0.43
51537;51;Sivry-Ante;153;131;130;49;8;30;27;11;0;1;0;1;3;0;0;22;0;37.69;6.15;23.08;20.77;8.46;0;0.77;0;0.77;2.31;0;0;14.38;0
51538;51;Sogny-aux-Moulins;100;80;80;24;4;12;27;13;0;0;0;0;0;0;0;20;0;30;5;15;33.75;16.25;0;0;0;0;0;0;0;20;0
51539;51;Sogny-en-l'Angle;40;33;32;7;2;2;13;7;0;0;0;1;0;0;0;7;0;21.88;6.25;6.25;40.63;21.88;0;0;0;3.13;0;0;0;17.5;0
51542;51;Soizy-aux-Bois;108;89;87;31;8;16;17;8;1;4;0;2;0;0;0;19;1;35.63;9.2;18.39;19.54;9.2;1.15;4.6;0;2.3;0;0;0;17.59;1.15
51543;51;Somme-Bionne;68;58;56;24;3;11;13;3;1;0;0;1;0;0;0;10;1;42.86;5.36;19.64;23.21;5.36;1.79;0;0;1.79;0;0;0;14.71;1.79
51544;51;Sommepy-Tahure;463;351;343;107;29;53;117;23;3;1;6;3;0;1;0;112;3;31.2;8.45;15.45;34.11;6.71;0.87;0.29;1.75;0.87;0;0.29;0;24.19;0.87
51545;51;Sommesous;395;351;342;142;31;54;79;24;0;9;2;0;1;0;0;44;9;41.52;9.06;15.79;23.1;7.02;0;2.63;0.58;0;0.29;0;0;11.14;2.63
51546;51;Somme-Suippe;294;243;237;95;13;29;66;15;5;7;3;1;3;0;0;51;2;40.08;5.49;12.24;27.85;6.33;2.11;2.95;1.27;0.42;1.27;0;0;17.35;0.84
51547;51;Somme-Tourbe;108;97;95;39;2;6;35;11;2;0;0;0;0;0;0;11;2;41.05;2.11;6.32;36.84;11.58;2.11;0;0;0;0;0;0;10.19;2.11
51548;51;Somme-Vesle;239;192;186;66;19;30;51;10;1;2;1;4;2;0;0;47;1;35.48;10.22;16.13;27.42;5.38;0.54;1.08;0.54;2.15;1.08;0;0;19.67;0.54
51549;51;Somme-Yèvre;106;95;94;27;4;10;46;2;2;2;0;1;0;0;0;11;0;28.72;4.26;10.64;48.94;2.13;2.13;2.13;0;1.06;0;0;0;10.38;0
51550;51;Sompuis;225;184;180;56;27;39;38;9;1;6;0;2;1;1;0;41;0;31.11;15;21.67;21.11;5;0.56;3.33;0;1.11;0.56;0.56;0;18.22;0
51551;51;Somsois;160;121;117;37;9;11;42;10;1;3;4;0;0;0;0;39;0;31.62;7.69;9.4;35.9;8.55;0.85;2.56;3.42;0;0;0;0;24.38;0
51552;51;Songy;199;179;176;62;22;25;53;9;0;3;0;2;0;0;0;20;3;35.23;12.5;14.2;30.11;5.11;0;1.7;0;1.14;0;0;0;10.05;1.7
51553;51;Souain-Perthes-lès-Hurlus;150;120;117;51;8;19;27;9;0;0;1;1;1;0;0;30;3;43.59;6.84;16.24;23.08;7.69;0;0;0.85;0.85;0.85;0;0;20;2.56
51555;51;Soudé;131;111;108;23;4;15;51;11;1;2;0;1;0;0;0;20;1;21.3;3.7;13.89;47.22;10.19;0.93;1.85;0;0.93;0;0;0;15.27;0.93
51556;51;Soudron;224;170;167;43;14;33;52;7;1;8;4;3;1;1;0;54;0;25.75;8.38;19.76;31.14;4.19;0.6;4.79;2.4;1.8;0.6;0.6;0;24.11;0
51557;51;Soulanges;369;304;291;94;45;40;62;28;2;9;2;4;5;0;0;65;6;32.3;15.46;13.75;21.31;9.62;0.69;3.09;0.69;1.37;1.72;0;0;17.62;2.06
51558;51;Soulières;111;92;91;32;9;14;27;2;2;2;1;1;1;0;0;19;0;35.16;9.89;15.38;29.67;2.2;2.2;2.2;1.1;1.1;1.1;0;0;17.12;0
51559;51;Suippes;2093;1618;1577;743;161;238;253;89;9;48;4;16;15;1;0;475;15;47.11;10.21;15.09;16.04;5.64;0.57;3.04;0.25;1.01;0.95;0.06;0;22.69;0.95
51560;51;Suizy-le-Franc;106;91;91;47;8;11;13;7;1;2;1;0;1;0;0;15;0;51.65;8.79;12.09;14.29;7.69;1.1;2.2;1.1;0;1.1;0;0;14.15;0
51562;51;Taissy;1739;1516;1490;285;197;394;408;95;6;69;9;11;14;2;0;223;1;19.13;13.22;26.44;27.38;6.38;0.4;4.63;0.6;0.74;0.94;0.13;0;12.82;0.07
51563;51;Talus-Saint-Prix;74;61;60;17;7;11;19;2;1;0;3;0;0;0;0;13;0;28.33;11.67;18.33;31.67;3.33;1.67;0;5;0;0;0;0;17.57;0
51564;51;Val de Livre;496;411;401;105;29;79;145;20;5;15;1;0;2;0;0;85;3;26.18;7.23;19.7;36.16;4.99;1.25;3.74;0.25;0;0.5;0;0;17.14;0.75
51565;51;Thaas;93;80;78;31;7;11;20;4;2;2;0;1;0;0;0;13;2;39.74;8.97;14.1;25.64;5.13;2.56;2.56;0;1.28;0;0;0;13.98;2.56
51566;51;Thibie;226;193;188;51;20;38;54;18;1;6;0;0;0;0;0;33;2;27.13;10.64;20.21;28.72;9.57;0.53;3.19;0;0;0;0;0;14.6;1.06
51567;51;Thiéblemont-Farémont;397;288;282;127;31;26;63;15;1;15;2;2;0;0;0;109;0;45.04;10.99;9.22;22.34;5.32;0.35;5.32;0.71;0.71;0;0;0;27.46;0
51568;51;Thil;241;211;203;43;21;51;51;18;3;10;4;1;0;1;0;30;1;21.18;10.34;25.12;25.12;8.87;1.48;4.93;1.97;0.49;0;0.49;0;12.45;0.49
51569;51;Thillois;300;264;259;54;17;72;96;9;2;7;2;0;0;0;0;36;1;20.85;6.56;27.8;37.07;3.47;0.77;2.7;0.77;0;0;0;0;12;0.39
51570;51;Le Thoult-Trosnay;99;80;78;26;6;13;27;4;0;1;0;0;1;0;0;19;1;33.33;7.69;16.67;34.62;5.13;0;1.28;0;0;1.28;0;0;19.19;1.28
51571;51;Val-de-Vesle;701;617;605;164;94;125;145;35;2;24;2;6;4;4;0;84;2;27.11;15.54;20.66;23.97;5.79;0.33;3.97;0.33;0.99;0.66;0.66;0;11.98;0.33
51572;51;Tilloy-et-Bellay;194;163;160;45;20;33;45;8;0;4;2;1;2;0;0;31;1;28.13;12.5;20.63;28.13;5;0;2.5;1.25;0.63;1.25;0;0;15.98;0.63
51573;51;Tinqueux;7988;6299;6158;1413;1063;1559;1238;324;42;337;54;65;53;10;0;1689;43;22.95;17.26;25.32;20.1;5.26;0.68;5.47;0.88;1.06;0.86;0.16;0;21.14;0.7
51574;51;Togny-aux-Boeufs;114;98;95;31;11;7;31;4;1;3;3;3;1;0;0;16;1;32.63;11.58;7.37;32.63;4.21;1.05;3.16;3.16;3.16;1.05;0;0;14.04;1.05
51576;51;Tours-sur-Marne;988;809;790;268;99;131;177;61;9;30;2;7;5;1;0;179;3;33.92;12.53;16.58;22.41;7.72;1.14;3.8;0.25;0.89;0.63;0.13;0;18.12;0.38
51577;51;Tramery;137;117;116;38;7;11;47;8;3;2;0;0;0;0;0;20;1;32.76;6.03;9.48;40.52;6.9;2.59;1.72;0;0;0;0;0;14.6;0.86
51578;51;Trécon;57;57;55;13;5;7;24;0;0;2;0;2;2;0;0;0;0;23.64;9.09;12.73;43.64;0;0;3.64;0;3.64;3.64;0;0;0;0
51579;51;Tréfols;123;107;105;34;14;17;27;8;0;5;0;0;0;0;0;16;2;32.38;13.33;16.19;25.71;7.62;0;4.76;0;0;0;0;0;13.01;1.9
51580;51;Trépail;344;263;258;79;23;38;83;18;3;4;4;3;3;0;0;81;0;30.62;8.91;14.73;32.17;6.98;1.16;1.55;1.55;1.16;1.16;0;0;23.55;0
51581;51;Treslon;179;152;149;47;25;29;31;10;2;3;1;0;1;0;0;27;0;31.54;16.78;19.46;20.81;6.71;1.34;2.01;0.67;0;0.67;0;0;15.08;0
51582;51;Trigny;427;378;370;75;40;82;135;21;5;9;0;3;0;0;0;49;0;20.27;10.81;22.16;36.49;5.68;1.35;2.43;0;0.81;0;0;0;11.48;0
51583;51;Trois-Fontaines-l'Abbaye;211;164;161;68;29;18;28;4;4;4;2;2;2;0;0;47;1;42.24;18.01;11.18;17.39;2.48;2.48;2.48;1.24;1.24;1.24;0;0;22.27;0.62
51584;51;Trois-Puits;124;108;106;31;9;14;40;2;3;6;0;0;1;0;0;16;1;29.25;8.49;13.21;37.74;1.89;2.83;5.66;0;0;0.94;0;0;12.9;0.94
51585;51;Troissy;622;519;514;199;52;82;121;32;4;10;3;6;5;0;0;103;1;38.72;10.12;15.95;23.54;6.23;0.78;1.95;0.58;1.17;0.97;0;0;16.56;0.19
51586;51;Unchair;135;123;119;45;9;18;32;8;0;4;0;0;2;1;0;12;2;37.82;7.56;15.13;26.89;6.72;0;3.36;0;0;1.68;0.84;0;8.89;1.68
51587;51;Vadenay;187;165;162;43;10;25;55;16;0;9;2;2;0;0;0;22;0;26.54;6.17;15.43;33.95;9.88;0;5.56;1.23;1.23;0;0;0;11.76;0
51588;51;Valmy;207;180;171;57;7;30;58;8;3;5;2;1;0;0;0;27;3;33.33;4.09;17.54;33.92;4.68;1.75;2.92;1.17;0.58;0;0;0;13.04;1.75
51589;51;Vanault-le-Châtel;144;121;121;54;16;9;35;5;1;1;0;0;0;0;0;23;0;44.63;13.22;7.44;28.93;4.13;0.83;0.83;0;0;0;0;0;15.97;0
51590;51;Vanault-les-Dames;301;249;243;94;15;41;59;19;4;4;2;3;2;0;0;52;3;38.68;6.17;16.87;24.28;7.82;1.65;1.65;0.82;1.23;0.82;0;0;17.28;1.23
51591;51;Vandeuil;185;158;149;50;23;30;31;6;2;1;3;1;2;0;0;27;7;33.56;15.44;20.13;20.81;4.03;1.34;0.67;2.01;0.67;1.34;0;0;14.59;4.7
51592;51;Vandières;247;216;212;69;6;24;96;13;1;1;1;1;0;0;0;31;2;32.55;2.83;11.32;45.28;6.13;0.47;0.47;0.47;0.47;0;0;0;12.55;0.94
51594;51;Vassimont-et-Chapelaine;51;41;41;13;4;4;16;3;1;0;0;0;0;0;0;10;0;31.71;9.76;9.76;39.02;7.32;2.44;0;0;0;0;0;0;19.61;0
51595;51;Vatry;102;92;89;25;11;13;31;4;1;2;1;1;0;0;0;10;1;28.09;12.36;14.61;34.83;4.49;1.12;2.25;1.12;1.12;0;0;0;9.8;1.12
51596;51;Vauchamps;266;224;221;76;27;34;52;16;3;11;0;1;0;1;0;42;2;34.39;12.22;15.38;23.53;7.24;1.36;4.98;0;0.45;0;0.45;0;15.79;0.9
51597;51;Vauciennes;253;208;205;98;15;27;40;14;3;2;2;2;0;2;0;45;1;47.8;7.32;13.17;19.51;6.83;1.46;0.98;0.98;0.98;0;0.98;0;17.79;0.49
51598;51;Vauclerc;376;299;293;108;40;51;60;18;1;10;1;2;2;0;0;77;2;36.86;13.65;17.41;20.48;6.14;0.34;3.41;0.34;0.68;0.68;0;0;20.48;0.68
51599;51;Vaudemange;218;179;174;46;22;28;46;12;0;11;0;5;4;0;0;39;1;26.44;12.64;16.09;26.44;6.9;0;6.32;0;2.87;2.3;0;0;17.89;0.57
51600;51;Vaudesincourt;100;86;86;20;13;10;25;10;2;1;3;1;1;0;0;14;0;23.26;15.12;11.63;29.07;11.63;2.33;1.16;3.49;1.16;1.16;0;0;14;0
51601;51;Vavray-le-Grand;134;115;111;46;8;12;31;11;1;1;1;0;0;0;0;19;1;41.44;7.21;10.81;27.93;9.91;0.9;0.9;0.9;0;0;0;0;14.18;0.9
51602;51;Vavray-le-Petit;67;53;53;25;5;8;12;1;0;1;0;0;1;0;0;14;0;47.17;9.43;15.09;22.64;1.89;0;1.89;0;0;1.89;0;0;20.9;0
51603;51;Vélye;133;126;125;54;8;8;37;13;1;2;1;0;1;0;0;7;1;43.2;6.4;6.4;29.6;10.4;0.8;1.6;0.8;0;0.8;0;0;5.26;0.8
51604;51;Ventelay;204;180;178;56;19;19;49;13;3;12;4;3;0;0;0;24;2;31.46;10.67;10.67;27.53;7.3;1.69;6.74;2.25;1.69;0;0;0;11.76;1.12
51605;51;Venteuil;417;358;345;84;35;45;138;29;3;4;1;2;2;2;0;59;3;24.35;10.14;13.04;40;8.41;0.87;1.16;0.29;0.58;0.58;0.58;0;14.15;0.87
51607;51;Verdon;176;144;141;45;22;32;19;7;2;6;0;2;3;3;0;32;0;31.91;15.6;22.7;13.48;4.96;1.42;4.26;0;1.42;2.13;2.13;0;18.18;0
51608;51;Vernancourt;76;64;63;20;3;9;15;11;4;0;0;1;0;0;0;12;0;31.75;4.76;14.29;23.81;17.46;6.35;0;0;1.59;0;0;0;15.79;0
51609;51;Verneuil;641;537;520;179;51;76;158;26;2;11;4;7;4;2;0;104;3;34.42;9.81;14.62;30.38;5;0.38;2.12;0.77;1.35;0.77;0.38;0;16.22;0.58
51610;51;Verrières;342;286;274;87;33;61;68;9;1;9;1;4;1;0;0;56;2;31.75;12.04;22.26;24.82;3.28;0.36;3.28;0.36;1.46;0.36;0;0;16.37;0.73
51611;51;Vert-Toulon;243;201;196;54;24;20;74;18;1;2;0;0;3;0;0;42;3;27.55;12.24;10.2;37.76;9.18;0.51;1.02;0;0;1.53;0;0;17.28;1.53
51612;51;Vertus;1719;1460;1431;427;146;247;436;80;7;48;8;18;13;1;0;259;13;29.84;10.2;17.26;30.47;5.59;0.49;3.35;0.56;1.26;0.91;0.07;0;15.07;0.91
51613;51;Verzenay;799;660;647;166;76;133;197;30;2;29;4;6;3;1;0;139;4;25.66;11.75;20.56;30.45;4.64;0.31;4.48;0.62;0.93;0.46;0.15;0;17.4;0.62
51614;51;Verzy;806;665;648;166;73;176;140;39;6;33;5;4;4;2;0;141;0;25.62;11.27;27.16;21.6;6.02;0.93;5.09;0.77;0.62;0.62;0.31;0;17.49;0
51616;51;Vésigneul-sur-Marne;214;181;176;64;21;24;38;8;3;13;3;0;2;0;0;33;2;36.36;11.93;13.64;21.59;4.55;1.7;7.39;1.7;0;1.14;0;0;15.42;1.14
51617;51;La Veuve;440;395;377;106;50;81;79;32;3;21;2;1;2;0;0;45;2;28.12;13.26;21.49;20.95;8.49;0.8;5.57;0.53;0.27;0.53;0;0;10.23;0.53
51618;51;Le Vézier;159;120;116;40;20;9;19;17;0;8;1;1;1;0;0;39;0;34.48;17.24;7.76;16.38;14.66;0;6.9;0.86;0.86;0.86;0;0;24.53;0
51619;51;Le Vieil-Dampierre;95;82;81;31;10;15;12;11;0;1;0;0;0;1;0;13;0;38.27;12.35;18.52;14.81;13.58;0;1.23;0;0;0;1.23;0;13.68;0
51620;51;Vienne-la-Ville;148;127;123;35;17;19;35;5;1;8;0;2;1;0;0;21;4;28.46;13.82;15.45;28.46;4.07;0.81;6.5;0;1.63;0.81;0;0;14.19;3.25
51621;51;Vienne-le-Château;387;306;306;131;33;49;56;16;3;13;0;3;2;0;0;81;0;42.81;10.78;16.01;18.3;5.23;0.98;4.25;0;0.98;0.65;0;0;20.93;0
51622;51;Ville-Dommange;368;321;310;50;20;60;148;19;2;7;0;4;0;0;0;47;2;16.13;6.45;19.35;47.74;6.13;0.65;2.26;0;1.29;0;0;0;12.77;0.65
51623;51;Ville-en-Selve;235;208;204;33;15;57;73;8;3;8;6;0;1;0;0;27;0;16.18;7.35;27.94;35.78;3.92;1.47;3.92;2.94;0;0.49;0;0;11.49;0
51624;51;Ville-en-Tardenois;479;396;387;104;49;79;90;33;2;17;6;4;2;1;0;83;2;26.87;12.66;20.41;23.26;8.53;0.52;4.39;1.55;1.03;0.52;0.26;0;17.33;0.52
51625;51;Villeneuve-la-Lionne;239;188;186;66;27;26;34;21;0;8;0;1;3;0;0;51;2;35.48;14.52;13.98;18.28;11.29;0;4.3;0;0.54;1.61;0;0;21.34;1.08
51626;51;La Villeneuve-lès-Charleville;94;78;78;15;8;11;32;6;0;0;4;2;0;0;0;16;0;19.23;10.26;14.1;41.03;7.69;0;0;5.13;2.56;0;0;0;17.02;0
51627;51;Villeneuve-Renneville-Chevigny;242;206;201;67;21;34;56;12;2;3;2;2;2;0;0;36;4;33.33;10.45;16.92;27.86;5.97;1;1.49;1;1;1;0;0;14.88;1.99
51628;51;Villeneuve-Saint-Vistre-et-Villevotte;109;96;94;24;6;18;33;7;0;5;0;1;0;0;0;13;1;25.53;6.38;19.15;35.11;7.45;0;5.32;0;1.06;0;0;0;11.93;1.06
51629;51;Villers-Allerand;597;527;512;94;51;119;186;33;2;17;2;4;1;3;0;70;2;18.36;9.96;23.24;36.33;6.45;0.39;3.32;0.39;0.78;0.2;0.59;0;11.73;0.39
51630;51;Villers-aux-Bois;237;200;198;80;31;28;24;14;2;11;2;1;5;0;0;37;0;40.4;15.66;14.14;12.12;7.07;1.01;5.56;1.01;0.51;2.53;0;0;15.61;0
51631;51;Villers-aux-Noeuds;160;150;144;23;18;25;61;7;2;4;1;2;0;1;0;10;1;15.97;12.5;17.36;42.36;4.86;1.39;2.78;0.69;1.39;0;0.69;0;6.25;0.69
51632;51;Villers-en-Argonne;200;177;173;42;20;36;45;14;2;5;1;6;0;2;0;23;0;24.28;11.56;20.81;26.01;8.09;1.16;2.89;0.58;3.47;0;1.16;0;11.5;0
51633;51;Villers-Franqueux;232;191;187;38;26;48;47;12;2;9;3;2;0;0;0;41;2;20.32;13.9;25.67;25.13;6.42;1.07;4.81;1.6;1.07;0;0;0;17.67;1.07
51634;51;Villers-le-Château;202;167;161;40;11;25;67;8;3;4;2;1;0;0;0;35;2;24.84;6.83;15.53;41.61;4.97;1.86;2.48;1.24;0.62;0;0;0;17.33;1.24
51635;51;Villers-le-Sec;73;68;67;39;3;12;7;3;0;1;0;1;1;0;0;5;1;58.21;4.48;17.91;10.45;4.48;0;1.49;0;1.49;1.49;0;0;6.85;1.49
51636;51;Villers-Marmery;456;358;346;92;20;69;119;23;2;9;0;5;6;1;0;98;1;26.59;5.78;19.94;34.39;6.65;0.58;2.6;0;1.45;1.73;0.29;0;21.49;0.29
51637;51;Villers-sous-Châtillon;154;135;135;39;5;13;70;4;0;1;1;1;1;0;0;19;0;28.89;3.7;9.63;51.85;2.96;0;0.74;0.74;0.74;0.74;0;0;12.34;0
51638;51;Villeseneux;160;123;121;42;10;15;35;11;1;6;0;0;1;0;0;37;0;34.71;8.26;12.4;28.93;9.09;0.83;4.96;0;0;0.83;0;0;23.13;0
51639;51;La Ville-sous-Orbais;52;44;42;12;3;10;15;1;0;1;0;0;0;0;0;8;2;28.57;7.14;23.81;35.71;2.38;0;2.38;0;0;0;0;0;15.38;4.76
51640;51;Ville-sur-Tourbe;147;120;117;50;11;16;24;8;2;5;0;0;0;1;0;27;2;42.74;9.4;13.68;20.51;6.84;1.71;4.27;0;0;0;0.85;0;18.37;1.71
51641;51;Villevenard;180;150;145;43;17;19;47;11;3;3;1;1;0;0;0;30;2;29.66;11.72;13.1;32.41;7.59;2.07;2.07;0.69;0.69;0;0;0;16.67;1.38
51642;51;Villiers-aux-Corneilles;80;66;64;22;2;8;24;2;3;1;0;2;0;0;0;14;0;34.38;3.13;12.5;37.5;3.13;4.69;1.56;0;3.13;0;0;0;17.5;0
51643;51;Vinay;447;369;361;103;39;91;89;20;3;9;2;3;2;0;0;78;0;28.53;10.8;25.21;24.65;5.54;0.83;2.49;0.55;0.83;0.55;0;0;17.45;0
51644;51;Vincelles;258;213;207;53;13;41;62;22;1;11;0;1;2;1;0;45;1;25.6;6.28;19.81;29.95;10.63;0.48;5.31;0;0.48;0.97;0.48;0;17.44;0.48
51645;51;Vindey;92;77;77;24;7;6;27;9;0;3;1;0;0;0;0;15;0;31.17;9.09;7.79;35.06;11.69;0;3.9;1.3;0;0;0;0;16.3;0
51646;51;Virginy;67;59;58;23;3;2;25;4;0;1;0;0;0;0;0;8;0;39.66;5.17;3.45;43.1;6.9;0;1.72;0;0;0;0;0;11.94;0
51647;51;Vitry-en-Perthois;680;599;590;198;78;116;133;27;5;18;3;3;7;2;0;81;5;33.56;13.22;19.66;22.54;4.58;0.85;3.05;0.51;0.51;1.19;0.34;0;11.91;0.85
51648;51;Vitry-la-Ville;300;265;260;119;31;29;55;19;1;3;1;0;2;0;0;35;0;45.77;11.92;11.15;21.15;7.31;0.38;1.15;0.38;0;0.77;0;0;11.67;0
51649;51;Vitry-le-François;7090;5289;5141;1739;817;1000;943;217;38;219;50;48;56;14;0;1801;42;33.83;15.89;19.45;18.34;4.22;0.74;4.26;0.97;0.93;1.09;0.27;0;25.4;0.82
51650;51;Voilemont;45;37;36;10;1;7;11;4;1;0;0;2;0;0;0;8;0;27.78;2.78;19.44;30.56;11.11;2.78;0;0;5.56;0;0;0;17.78;0
51651;51;Voipreux;196;160;159;57;20;20;39;15;1;2;0;2;2;1;0;36;0;35.85;12.58;12.58;24.53;9.43;0.63;1.26;0;1.26;1.26;0.63;0;18.37;0
51652;51;Vouarces;59;53;51;14;7;7;20;1;0;2;0;0;0;0;0;6;2;27.45;13.73;13.73;39.22;1.96;0;3.92;0;0;0;0;0;10.17;3.92
51654;51;Vouillers;171;151;143;59;27;18;23;9;1;4;1;0;1;0;0;20;1;41.26;18.88;12.59;16.08;6.29;0.7;2.8;0.7;0;0.7;0;0;11.7;0.7
51655;51;Vouzy;249;201;199;78;28;31;43;11;3;3;1;0;1;0;0;48;1;39.2;14.07;15.58;21.61;5.53;1.51;1.51;0.5;0;0.5;0;0;19.28;0.5
51656;51;Vraux;382;290;280;89;33;49;74;21;2;9;2;1;0;0;0;92;5;31.79;11.79;17.5;26.43;7.5;0.71;3.21;0.71;0.36;0;0;0;24.08;1.79
51657;51;Vrigny;191;152;150;36;11;17;58;13;5;5;2;1;2;0;0;39;1;24;7.33;11.33;38.67;8.67;3.33;3.33;1.33;0.67;1.33;0;0;20.42;0.67
51658;51;Vroil;97;75;70;37;4;8;11;3;1;1;0;1;3;1;0;22;1;52.86;5.71;11.43;15.71;4.29;1.43;1.43;0;1.43;4.29;1.43;0;22.68;1.43
51659;51;Wargemoulin-Hurlus;37;32;31;7;5;3;12;3;1;0;0;0;0;0;0;5;0;22.58;16.13;9.68;38.71;9.68;3.23;0;0;0;0;0;0;13.51;0
51660;51;Warmeriville;1741;1481;1449;419;234;322;275;103;12;55;6;9;14;0;0;260;7;28.92;16.15;22.22;18.98;7.11;0.83;3.8;0.41;0.62;0.97;0;0;14.93;0.48
51662;51;Witry-lès-Reims;3921;3253;3172;994;479;705;582;207;16;123;16;30;18;2;0;668;18;31.34;15.1;22.23;18.35;6.53;0.5;3.88;0.5;0.95;0.57;0.06;0;17.04;0.57
51663;51;Magenta;1151;933;915;283;194;194;111;52;4;52;8;11;4;2;0;218;7;30.93;21.2;21.2;12.13;5.68;0.44;5.68;0.87;1.2;0.44;0.22;0;18.94;0.77