insee;dep;nom;nb_inscrits;nb_votants;nb_exprimes;nb_voix1;nb_voix2;nb_voix3;nb_voix4;nb_voix5;nb_voix6;nb_voix7;nb_voix8;nb_voix9;nb_voix10;nb_voix11;nb_voix12;nb_voix13;nb_voix14;voix_1;voix_2;voix_3;voix_4;voix_5;voix_6;voix_7;voix_8;voix_9;voix_10;voix_11;voix_12;voix_13;voix_14
57001;57;Aboncourt;265;228;225;86;48;24;25;15;4;15;0;3;5;0;0;37;3;38.22;21.33;10.67;11.11;6.67;1.78;6.67;0;1.33;2.22;0;0;13.96;1.33
57002;57;Aboncourt-sur-Seille;57;50;48;20;9;9;9;1;0;0;0;0;0;0;0;7;0;41.67;18.75;18.75;18.75;2.08;0;0;0;0;0;0;0;12.28;0
57003;57;Abreschviller;1093;865;846;286;94;122;196;54;14;49;11;11;8;1;0;228;5;33.81;11.11;14.42;23.17;6.38;1.65;5.79;1.3;1.3;0.95;0.12;0;20.86;0.59
57004;57;Achain;73;60;60;18;8;7;13;9;2;1;1;1;0;0;0;13;0;30;13.33;11.67;21.67;15;3.33;1.67;1.67;1.67;0;0;0;17.81;0
57006;57;Achen;792;657;638;241;89;87;108;51;13;24;6;11;7;1;0;135;6;37.77;13.95;13.64;16.93;7.99;2.04;3.76;0.94;1.72;1.1;0.16;0;17.05;0.94
57007;57;Adaincourt;88;72;70;29;4;12;19;4;0;0;0;1;1;0;0;16;0;41.43;5.71;17.14;27.14;5.71;0;0;0;1.43;1.43;0;0;18.18;0
57008;57;Adelange;171;146;146;48;23;34;21;10;1;6;0;2;1;0;0;25;0;32.88;15.75;23.29;14.38;6.85;0.68;4.11;0;1.37;0.68;0;0;14.62;0
57009;57;Ajoncourt;69;60;57;26;7;3;14;2;1;2;1;1;0;0;0;9;2;45.61;12.28;5.26;24.56;3.51;1.75;3.51;1.75;1.75;0;0;0;13.04;3.51
57010;57;Alaincourt-la-Côte;126;105;102;48;11;9;22;3;0;6;0;2;1;0;0;21;0;47.06;10.78;8.82;21.57;2.94;0;5.88;0;1.96;0.98;0;0;16.67;0
57011;57;Albestroff;460;359;352;114;53;80;54;23;2;12;5;7;2;0;0;101;7;32.39;15.06;22.73;15.34;6.53;0.57;3.41;1.42;1.99;0.57;0;0;21.96;1.99
57012;57;Algrange;4399;2873;2798;857;746;528;316;111;17;135;20;41;27;0;0;1526;15;30.63;26.66;18.87;11.29;3.97;0.61;4.82;0.71;1.47;0.96;0;0;34.69;0.54
57013;57;Alsting;1617;1233;1199;381;145;230;202;144;21;33;10;16;12;5;0;384;11;31.78;12.09;19.18;16.85;12.01;1.75;2.75;0.83;1.33;1;0.42;0;23.75;0.92
57014;57;Altrippe;334;280;272;88;46;52;33;21;8;16;2;2;4;0;0;54;2;32.35;16.91;19.12;12.13;7.72;2.94;5.88;0.74;0.74;1.47;0;0;16.17;0.74
57015;57;Altviller;462;401;389;129;54;94;52;26;0;19;7;4;4;0;0;61;2;33.16;13.88;24.16;13.37;6.68;0;4.88;1.8;1.03;1.03;0;0;13.2;0.51
57016;57;Alzing;310;258;250;76;47;44;47;26;1;8;0;1;0;0;0;52;2;30.4;18.8;17.6;18.8;10.4;0.4;3.2;0;0.4;0;0;0;16.77;0.8
57017;57;Amanvillers;1801;1498;1460;493;219;344;223;84;10;44;15;9;18;1;0;303;3;33.77;15;23.56;15.27;5.75;0.68;3.01;1.03;0.62;1.23;0.07;0;16.82;0.21
57018;57;Amelécourt;108;94;94;37;14;13;21;7;0;0;0;1;1;0;0;14;0;39.36;14.89;13.83;22.34;7.45;0;0;0;1.06;1.06;0;0;12.96;0
57019;57;Amnéville;8378;6373;6193;2262;1255;1121;683;302;69;283;57;85;67;9;0;2005;45;36.53;20.26;18.1;11.03;4.88;1.11;4.57;0.92;1.37;1.08;0.15;0;23.93;0.73
57020;57;Ancerville;223;182;176;81;24;25;27;11;1;2;5;0;0;0;0;41;4;46.02;13.64;14.2;15.34;6.25;0.57;1.14;2.84;0;0;0;0;18.39;2.27
57021;57;Ancy-Dornot;1296;1088;1056;209;212;288;178;56;8;72;9;14;9;1;0;208;5;19.79;20.08;27.27;16.86;5.3;0.76;6.82;0.85;1.33;0.85;0.09;0;16.05;0.47
57022;57;Angevillers;1011;756;731;196;127;208;106;34;4;42;4;4;6;0;0;255;4;26.81;17.37;28.45;14.5;4.65;0.55;5.75;0.55;0.55;0.82;0;0;25.22;0.55
57024;57;Antilly;136;110;108;20;20;25;27;4;0;7;1;2;2;0;0;26;0;18.52;18.52;23.15;25;3.7;0;6.48;0.93;1.85;1.85;0;0;19.12;0
57025;57;Anzeling;391;323;317;130;34;62;51;9;7;11;2;7;3;1;0;68;3;41.01;10.73;19.56;16.09;2.84;2.21;3.47;0.63;2.21;0.95;0.32;0;17.39;0.95
57026;57;Apach;721;546;530;117;93;140;85;29;9;33;7;5;8;4;0;175;3;22.08;17.55;26.42;16.04;5.47;1.7;6.23;1.32;0.94;1.51;0.75;0;24.27;0.57
57027;57;Arraincourt;106;98;96;41;7;16;20;6;2;2;0;0;1;1;0;8;1;42.71;7.29;16.67;20.83;6.25;2.08;2.08;0;0;1.04;1.04;0;7.55;1.04
57028;57;Argancy;1107;924;906;207;162;239;173;51;3;53;7;8;2;1;0;183;2;22.85;17.88;26.38;19.09;5.63;0.33;5.85;0.77;0.88;0.22;0.11;0;16.53;0.22
57029;57;Arriance;185;157;152;62;21;18;28;11;2;5;2;1;2;0;0;28;1;40.79;13.82;11.84;18.42;7.24;1.32;3.29;1.32;0.66;1.32;0;0;15.14;0.66
57030;57;Arry;411;370;365;110;74;84;42;20;5;19;3;1;4;3;0;41;0;30.14;20.27;23.01;11.51;5.48;1.37;5.21;0.82;0.27;1.1;0.82;0;9.98;0
57031;57;Ars-Laquenexy;645;578;566;109;82;173;108;37;4;36;7;4;3;3;0;67;1;19.26;14.49;30.57;19.08;6.54;0.71;6.36;1.24;0.71;0.53;0.53;0;10.39;0.18
57032;57;Ars-sur-Moselle;3612;2569;2513;735;574;490;277;132;20;164;55;37;21;8;0;1043;12;29.25;22.84;19.5;11.02;5.25;0.8;6.53;2.19;1.47;0.84;0.32;0;28.88;0.48
57033;57;Arzviller;427;373;361;100;31;68;86;36;7;16;3;6;5;3;0;54;3;27.7;8.59;18.84;23.82;9.97;1.94;4.43;0.83;1.66;1.39;0.83;0;12.65;0.83
57034;57;Aspach;36;24;23;8;4;6;4;0;0;0;0;0;1;0;0;12;0;34.78;17.39;26.09;17.39;0;0;0;0;0;4.35;0;0;33.33;0
57035;57;Assenoncourt;97;82;78;15;15;13;9;16;3;2;1;1;1;2;0;15;0;19.23;19.23;16.67;11.54;20.51;3.85;2.56;1.28;1.28;1.28;2.56;0;15.46;0
57036;57;Attilloncourt;100;91;90;27;13;15;30;0;0;5;0;0;0;0;0;9;0;30;14.44;16.67;33.33;0;0;5.56;0;0;0;0;0;9;0
57037;57;Aube;189;152;150;59;28;25;25;6;0;3;2;1;0;1;0;37;0;39.33;18.67;16.67;16.67;4;0;2;1.33;0.67;0;0.67;0;19.58;0
57038;57;Audun-le-Tiche;4199;2962;2886;526;888;662;359;121;32;172;33;51;36;6;0;1237;14;18.23;30.77;22.94;12.44;4.19;1.11;5.96;1.14;1.77;1.25;0.21;0;29.46;0.49
57039;57;Augny;1475;1229;1202;310;175;261;288;64;21;73;0;5;5;0;0;246;1;25.79;14.56;21.71;23.96;5.32;1.75;6.07;0;0.42;0.42;0;0;16.68;0.08
57040;57;Aulnois-sur-Seille;176;137;136;29;20;37;32;3;2;7;1;3;1;1;0;39;0;21.32;14.71;27.21;23.53;2.21;1.47;5.15;0.74;2.21;0.74;0.74;0;22.16;0
57041;57;Aumetz;1879;1371;1322;368;435;200;154;45;6;58;20;26;9;1;0;508;8;27.84;32.9;15.13;11.65;3.4;0.45;4.39;1.51;1.97;0.68;0.08;0;27.04;0.61
57042;57;Avricourt;469;369;361;139;40;53;57;30;6;15;5;7;9;0;0;100;0;38.5;11.08;14.68;15.79;8.31;1.66;4.16;1.39;1.94;2.49;0;0;21.32;0
57043;57;Ay-sur-Moselle;1297;1064;1032;289;136;236;230;57;6;47;8;14;7;2;0;233;6;28;13.18;22.87;22.29;5.52;0.58;4.55;0.78;1.36;0.68;0.19;0;17.96;0.58
57044;57;Azoudange;95;82;80;33;7;17;13;3;2;1;2;1;0;1;0;13;2;41.25;8.75;21.25;16.25;3.75;2.5;1.25;2.5;1.25;0;1.25;0;13.68;2.5
57045;57;Bacourt;91;80;79;30;13;8;12;10;2;2;0;2;0;0;0;11;0;37.97;16.46;10.13;15.19;12.66;2.53;2.53;0;2.53;0;0;0;12.09;0
57046;57;Baerenthal;665;498;487;182;58;83;70;23;16;29;6;9;9;2;0;167;4;37.37;11.91;17.04;14.37;4.72;3.29;5.95;1.23;1.85;1.85;0.41;0;25.11;0.82
57047;57;Bambiderstroff;862;695;680;249;94;123;115;35;8;28;4;12;10;2;0;167;2;36.62;13.82;18.09;16.91;5.15;1.18;4.12;0.59;1.76;1.47;0.29;0;19.37;0.29
57048;57;Bannay;69;53;50;18;8;7;13;2;1;1;0;0;0;0;0;16;0;36;16;14;26;4;2;2;0;0;0;0;0;23.19;0
57049;57;Le Ban-Saint-Martin;2960;2351;2288;446;393;606;523;113;15;146;14;18;12;2;0;609;15;19.49;17.18;26.49;22.86;4.94;0.66;6.38;0.61;0.79;0.52;0.09;0;20.57;0.66
57050;57;Barchain;97;80;77;36;8;10;3;15;0;4;1;0;0;0;0;17;0;46.75;10.39;12.99;3.9;19.48;0;5.19;1.3;0;0;0;0;17.53;0
57051;57;Baronville;266;240;236;98;24;38;48;13;1;6;4;3;1;0;0;26;0;41.53;10.17;16.1;20.34;5.51;0.42;2.54;1.69;1.27;0.42;0;0;9.77;0
57052;57;Barst;445;374;367;152;43;53;64;30;3;9;5;2;6;0;0;71;2;41.42;11.72;14.44;17.44;8.17;0.82;2.45;1.36;0.54;1.63;0;0;15.96;0.54
57053;57;Bassing;105;82;82;35;15;8;13;5;2;0;0;3;1;0;0;23;0;42.68;18.29;9.76;15.85;6.1;2.44;0;0;3.66;1.22;0;0;21.9;0
57054;57;Baudrecourt;161;126;123;46;21;17;20;10;1;5;0;0;3;0;0;35;2;37.4;17.07;13.82;16.26;8.13;0.81;4.07;0;0;2.44;0;0;21.74;1.63
57055;57;Bazoncourt;407;354;349;94;52;74;67;31;4;20;3;2;2;0;0;53;0;26.93;14.9;21.2;19.2;8.88;1.15;5.73;0.86;0.57;0.57;0;0;13.02;0
57056;57;Bébing;172;137;126;43;24;17;25;5;1;6;0;4;1;0;0;35;2;34.13;19.05;13.49;19.84;3.97;0.79;4.76;0;3.17;0.79;0;0;20.35;1.59
57057;57;Béchy;452;352;345;113;60;75;54;19;4;9;2;4;5;0;0;100;0;32.75;17.39;21.74;15.65;5.51;1.16;2.61;0.58;1.16;1.45;0;0;22.12;0
57058;57;Behren-lès-Forbach;4584;2729;2657;678;1139;308;188;78;13;139;49;36;25;4;0;1855;18;25.52;42.87;11.59;7.08;2.94;0.49;5.23;1.84;1.35;0.94;0.15;0;40.47;0.68
57059;57;Bellange;50;44;44;13;5;9;8;5;0;3;0;1;0;0;0;6;0;29.55;11.36;20.45;18.18;11.36;0;6.82;0;2.27;0;0;0;12;0
57060;57;Bénestroff;402;305;296;88;35;78;47;19;2;14;2;5;5;1;0;97;1;29.73;11.82;26.35;15.88;6.42;0.68;4.73;0.68;1.69;1.69;0.34;0;24.13;0.34
57061;57;Béning-lès-Saint-Avold;1071;760;730;232;134;154;89;57;5;31;9;12;7;0;0;311;7;31.78;18.36;21.1;12.19;7.81;0.68;4.25;1.23;1.64;0.96;0;0;29.04;0.96
57062;57;Berg-sur-Moselle;323;275;269;57;38;70;54;23;3;15;3;5;1;0;0;48;0;21.19;14.13;26.02;20.07;8.55;1.12;5.58;1.12;1.86;0.37;0;0;14.86;0
57063;57;Bérig-Vintrange;188;154;153;51;24;21;32;10;5;5;2;1;2;0;0;34;0;33.33;15.69;13.73;20.92;6.54;3.27;3.27;1.31;0.65;1.31;0;0;18.09;0
57064;57;Berling;218;180;176;59;22;31;34;12;4;2;1;7;3;1;0;38;0;33.52;12.5;17.61;19.32;6.82;2.27;1.14;0.57;3.98;1.7;0.57;0;17.43;0
57065;57;Bermering;186;142;140;59;12;20;26;10;2;5;2;3;1;0;0;44;0;42.14;8.57;14.29;18.57;7.14;1.43;3.57;1.43;2.14;0.71;0;0;23.66;0
57066;57;Berthelming;404;325;317;123;33;53;55;13;6;17;5;2;9;1;0;79;2;38.8;10.41;16.72;17.35;4.1;1.89;5.36;1.58;0.63;2.84;0.32;0;19.55;0.63
57067;57;Bertrange;2145;1765;1724;375;335;487;286;98;7;79;11;23;18;5;0;380;10;21.75;19.43;28.25;16.59;5.68;0.41;4.58;0.64;1.33;1.04;0.29;0;17.72;0.58
57069;57;Berviller-en-Moselle;318;254;242;88;33;48;32;17;2;10;3;3;5;1;0;64;3;36.36;13.64;19.83;13.22;7.02;0.83;4.13;1.24;1.24;2.07;0.41;0;20.13;1.24
57070;57;Bettange;166;139;132;46;22;19;31;3;4;6;0;1;0;0;0;27;0;34.85;16.67;14.39;23.48;2.27;3.03;4.55;0;0.76;0;0;0;16.27;0
57071;57;Bettborn;342;279;273;99;24;72;43;17;7;5;1;5;0;0;0;63;4;36.26;8.79;26.37;15.75;6.23;2.56;1.83;0.37;1.83;0;0;0;18.42;1.47
57072;57;Bettelainville;513;411;399;119;64;88;67;24;4;17;2;7;7;0;0;102;2;29.82;16.04;22.06;16.79;6.02;1;4.26;0.5;1.75;1.75;0;0;19.88;0.5
57073;57;Betting;642;540;528;192;71;83;121;24;7;13;2;6;7;2;0;102;1;36.36;13.45;15.72;22.92;4.55;1.33;2.46;0.38;1.14;1.33;0.38;0;15.89;0.19
57074;57;Bettviller;664;505;488;172;52;93;79;30;12;17;12;11;9;1;0;159;7;35.25;10.66;19.06;16.19;6.15;2.46;3.48;2.46;2.25;1.84;0.2;0;23.95;1.43
57075;57;Beux;213;186;183;65;27;35;27;8;2;17;0;1;1;0;0;27;1;35.52;14.75;19.13;14.75;4.37;1.09;9.29;0;0.55;0.55;0;0;12.68;0.55
57076;57;Beyren-lès-Sierck;405;305;299;63;54;55;76;22;1;21;2;3;2;0;0;100;2;21.07;18.06;18.39;25.42;7.36;0.33;7.02;0.67;1;0.67;0;0;24.69;0.67
57077;57;Bezange-la-Petite;73;64;59;24;6;8;15;5;0;0;0;1;0;0;0;9;0;40.68;10.17;13.56;25.42;8.47;0;0;0;1.69;0;0;0;12.33;0
57079;57;Bibiche;333;266;256;87;37;39;43;16;11;12;1;8;1;1;0;67;2;33.98;14.45;15.23;16.8;6.25;4.3;4.69;0.39;3.13;0.39;0.39;0;20.12;0.78
57080;57;Bickenholtz;62;50;49;12;7;8;10;10;0;1;0;0;1;0;0;12;0;24.49;14.29;16.33;20.41;20.41;0;2.04;0;0;2.04;0;0;19.35;0
57081;57;Bidestroff;106;91;88;25;2;21;22;6;4;6;0;1;1;0;0;15;0;28.41;2.27;23.86;25;6.82;4.55;6.82;0;1.14;1.14;0;0;14.15;0
57082;57;Biding;265;221;215;80;30;33;37;18;1;9;0;4;3;0;0;44;0;37.21;13.95;15.35;17.21;8.37;0.47;4.19;0;1.86;1.4;0;0;16.6;0
57083;57;Bining;900;727;698;251;92;120;104;59;14;20;4;18;16;0;0;173;10;35.96;13.18;17.19;14.9;8.45;2.01;2.87;0.57;2.58;2.29;0;0;19.22;1.43
57084;57;Bioncourt;233;193;189;50;32;45;43;8;1;9;0;0;1;0;0;40;0;26.46;16.93;23.81;22.75;4.23;0.53;4.76;0;0;0.53;0;0;17.17;0
57085;57;Bionville-sur-Nied;349;274;269;96;29;51;45;15;3;13;8;5;3;1;0;75;0;35.69;10.78;18.96;16.73;5.58;1.12;4.83;2.97;1.86;1.12;0.37;0;21.49;0
57086;57;Belles-Forêts;213;178;175;69;25;20;37;5;0;11;3;1;2;2;0;35;0;39.43;14.29;11.43;21.14;2.86;0;6.29;1.71;0.57;1.14;1.14;0;16.43;0
57087;57;Bisten-en-Lorraine;197;160;158;54;15;34;37;11;1;3;0;0;3;0;0;37;0;34.18;9.49;21.52;23.42;6.96;0.63;1.9;0;0;1.9;0;0;18.78;0
57088;57;Bistroff;246;190;183;57;24;28;39;18;5;4;3;3;2;0;0;56;3;31.15;13.11;15.3;21.31;9.84;2.73;2.19;1.64;1.64;1.09;0;0;22.76;1.64
57089;57;Bitche;3226;2461;2385;602;326;525;530;150;50;101;36;36;20;9;0;765;18;25.24;13.67;22.01;22.22;6.29;2.1;4.23;1.51;1.51;0.84;0.38;0;23.71;0.75
57090;57;Blanche-Eglise;88;77;75;18;7;13;25;8;2;2;0;0;0;0;0;11;1;24;9.33;17.33;33.33;10.67;2.67;2.67;0;0;0;0;0;12.5;1.33
57091;57;Bliesbruck;791;622;601;210;73;121;121;51;5;9;2;3;5;1;0;169;20;34.94;12.15;20.13;20.13;8.49;0.83;1.5;0.33;0.5;0.83;0.17;0;21.37;3.33
57092;57;Blies-Ebersing;466;366;353;106;39;67;74;40;2;12;4;4;2;3;0;100;3;30.03;11.05;18.98;20.96;11.33;0.57;3.4;1.13;1.13;0.57;0.85;0;21.46;0.85
57093;57;Blies-Guersviller;469;387;381;124;30;69;107;22;7;12;2;4;3;1;0;82;0;32.55;7.87;18.11;28.08;5.77;1.84;3.15;0.52;1.05;0.79;0.26;0;17.48;0
57095;57;Boucheporn;423;344;329;105;51;49;48;34;5;21;7;4;4;1;0;79;4;31.91;15.5;14.89;14.59;10.33;1.52;6.38;2.13;1.22;1.22;0.3;0;18.68;1.22
57096;57;Boulange;1722;1309;1267;326;357;254;135;46;21;76;8;32;12;0;0;413;5;25.73;28.18;20.05;10.66;3.63;1.66;6;0.63;2.53;0.95;0;0;23.98;0.39
57097;57;Boulay-Moselle;3880;3031;2950;1041;483;515;452;160;29;170;29;44;24;3;0;849;14;35.29;16.37;17.46;15.32;5.42;0.98;5.76;0.98;1.49;0.81;0.1;0;21.88;0.47
57098;57;Bourgaltroff;205;165;161;70;21;31;14;15;0;4;2;1;3;0;0;40;2;43.48;13.04;19.25;8.7;9.32;0;2.48;1.24;0.62;1.86;0;0;19.51;1.24
57099;57;Bourdonnay;178;146;142;70;11;24;25;5;2;2;0;2;1;0;0;32;0;49.3;7.75;16.9;17.61;3.52;1.41;1.41;0;1.41;0.7;0;0;17.98;0
57100;57;Bourscheid;120;102;101;33;15;16;13;17;1;3;1;2;0;0;0;18;0;32.67;14.85;15.84;12.87;16.83;0.99;2.97;0.99;1.98;0;0;0;15;0
57101;57;Bousbach;891;723;697;245;113;107;123;55;10;18;9;6;9;2;0;168;4;35.15;16.21;15.35;17.65;7.89;1.43;2.58;1.29;0.86;1.29;0.29;0;18.86;0.57
57102;57;Bousse;2450;2032;1976;508;318;516;345;117;22;90;23;21;9;7;0;418;13;25.71;16.09;26.11;17.46;5.92;1.11;4.55;1.16;1.06;0.46;0.35;0;17.06;0.66
57103;57;Bousseviller;107;86;84;27;15;11;18;1;4;4;0;3;1;0;0;21;1;32.14;17.86;13.1;21.43;1.19;4.76;4.76;0;3.57;1.19;0;0;19.63;1.19
57104;57;Boust;847;675;658;138;105;170;153;34;7;31;5;9;3;3;0;172;5;20.97;15.96;25.84;23.25;5.17;1.06;4.71;0.76;1.37;0.46;0.46;0;20.31;0.76
57105;57;Boustroff;111;103;101;28;11;26;19;8;2;3;0;2;2;0;0;8;0;27.72;10.89;25.74;18.81;7.92;1.98;2.97;0;1.98;1.98;0;0;7.21;0
57106;57;Bouzonville;2262;1622;1581;487;233;297;345;80;20;62;26;11;14;6;0;640;9;30.8;14.74;18.79;21.82;5.06;1.27;3.92;1.64;0.7;0.89;0.38;0;28.29;0.57
57107;57;Bréhain;84;73;72;21;8;14;6;16;0;4;1;0;1;1;0;11;0;29.17;11.11;19.44;8.33;22.22;0;5.56;1.39;0;1.39;1.39;0;13.1;0
57108;57;Breidenbach;242;198;197;73;16;38;30;19;10;6;0;4;1;0;0;44;1;37.06;8.12;19.29;15.23;9.64;5.08;3.05;0;2.03;0.51;0;0;18.18;0.51
57109;57;Breistroff-la-Grande;498;387;377;93;55;100;83;21;1;17;1;2;1;3;0;111;2;24.67;14.59;26.53;22.02;5.57;0.27;4.51;0.27;0.53;0.27;0.8;0;22.29;0.53
57110;57;Brettnach;298;236;233;81;46;37;40;18;2;3;0;3;3;0;0;62;2;34.76;19.74;15.88;17.17;7.73;0.86;1.29;0;1.29;1.29;0;0;20.81;0.86
57111;57;Bronvaux;468;403;395;99;111;101;37;13;3;20;3;5;3;0;0;65;0;25.06;28.1;25.57;9.37;3.29;0.76;5.06;0.76;1.27;0.76;0;0;13.89;0
57112;57;Brouck;59;49;48;14;5;4;16;5;0;1;1;0;1;1;0;10;0;29.17;10.42;8.33;33.33;10.42;0;2.08;2.08;0;2.08;2.08;0;16.95;0
57113;57;Brouderdorff;708;632;621;210;65;104;144;39;6;34;5;6;7;1;0;76;4;33.82;10.47;16.75;23.19;6.28;0.97;5.48;0.81;0.97;1.13;0.16;0;10.73;0.64
57114;57;Brouviller;370;315;307;83;41;62;60;27;3;21;2;2;5;1;0;55;1;27.04;13.36;20.2;19.54;8.79;0.98;6.84;0.65;0.65;1.63;0.33;0;14.86;0.33
57115;57;Brulange;95;85;84;35;14;15;10;7;0;1;0;1;1;0;0;10;0;41.67;16.67;17.86;11.9;8.33;0;1.19;0;1.19;1.19;0;0;10.53;0
57116;57;Buchy;80;70;69;20;10;14;11;5;2;3;0;2;1;1;0;10;0;28.99;14.49;20.29;15.94;7.25;2.9;4.35;0;2.9;1.45;1.45;0;12.5;0
57117;57;Buding;421;340;326;110;60;74;39;23;2;8;1;8;1;0;0;81;2;33.74;18.4;22.7;11.96;7.06;0.61;2.45;0.31;2.45;0.31;0;0;19.24;0.61
57118;57;Budling;154;134;131;52;19;24;28;4;1;0;0;0;2;1;0;20;1;39.69;14.5;18.32;21.37;3.05;0.76;0;0;0;1.53;0.76;0;12.99;0.76
57119;57;Buhl-Lorraine;890;742;719;255;73;117;159;55;8;29;8;5;9;1;0;148;5;35.47;10.15;16.27;22.11;7.65;1.11;4.03;1.11;0.7;1.25;0.14;0;16.63;0.7
57120;57;Burlioncourt;114;104;98;46;3;10;18;8;0;6;1;3;3;0;0;10;0;46.94;3.06;10.2;18.37;8.16;0;6.12;1.02;3.06;3.06;0;0;8.77;0
57121;57;Burtoncourt;178;152;148;52;19;34;22;9;4;4;0;2;2;0;0;26;0;35.14;12.84;22.97;14.86;6.08;2.7;2.7;0;1.35;1.35;0;0;14.61;0
57122;57;Cappel;556;459;445;163;69;80;73;27;1;15;5;5;6;1;0;97;1;36.63;15.51;17.98;16.4;6.07;0.22;3.37;1.12;1.12;1.35;0.22;0;17.45;0.22
57123;57;Carling;2346;1799;1744;753;283;246;199;120;15;70;13;25;19;1;0;547;11;43.18;16.23;14.11;11.41;6.88;0.86;4.01;0.75;1.43;1.09;0.06;0;23.32;0.63
57124;57;Cattenom;1836;1390;1356;342;187;317;315;94;15;50;12;13;8;3;0;446;11;25.22;13.79;23.38;23.23;6.93;1.11;3.69;0.88;0.96;0.59;0.22;0;24.29;0.81
57125;57;Chailly-lès-Ennery;329;289;283;72;44;85;46;18;3;8;0;2;5;0;0;40;0;25.44;15.55;30.04;16.25;6.36;1.06;2.83;0;0.71;1.77;0;0;12.16;0
57126;57;Chambrey;279;242;240;74;39;45;48;9;5;17;0;2;0;1;0;37;0;30.83;16.25;18.75;20;3.75;2.08;7.08;0;0.83;0;0.42;0;13.26;0
57127;57;Chanville;104;84;83;39;11;14;11;3;0;2;2;0;1;0;0;20;0;46.99;13.25;16.87;13.25;3.61;0;2.41;2.41;0;1.2;0;0;19.23;0
57128;57;Charleville-sous-Bois;197;171;167;59;26;27;33;7;3;9;1;2;0;0;0;26;2;35.33;15.57;16.17;19.76;4.19;1.8;5.39;0.6;1.2;0;0;0;13.2;1.2
57129;57;Charly-Oradour;540;481;475;99;59;131;124;33;3;21;0;4;1;0;0;59;3;20.84;12.42;27.58;26.11;6.95;0.63;4.42;0;0.84;0.21;0;0;10.93;0.63
57130;57;Château-Bréhain;63;55;54;11;10;9;17;4;1;0;0;1;0;1;0;8;0;20.37;18.52;16.67;31.48;7.41;1.85;0;0;1.85;0;1.85;0;12.7;0
57131;57;Château-Rouge;205;157;154;55;10;35;22;16;1;8;1;2;4;0;0;48;0;35.71;6.49;22.73;14.29;10.39;0.65;5.19;0.65;1.3;2.6;0;0;23.41;0
57132;57;Château-Salins;1544;1222;1196;408;144;215;247;75;14;48;9;21;11;4;0;322;7;34.11;12.04;17.98;20.65;6.27;1.17;4.01;0.75;1.76;0.92;0.33;0;20.85;0.59
57133;57;Château-Voué;82;74;74;24;11;11;17;2;3;5;1;0;0;0;0;8;0;32.43;14.86;14.86;22.97;2.7;4.05;6.76;1.35;0;0;0;0;9.76;0
57134;57;Châtel-Saint-Germain;1438;1236;1212;241;198;316;280;67;8;77;8;9;6;2;0;202;1;19.88;16.34;26.07;23.1;5.53;0.66;6.35;0.66;0.74;0.5;0.17;0;14.05;0.08
57136;57;Chémery-les-Deux;409;335;326;105;49;71;47;20;3;19;4;6;2;0;0;74;1;32.21;15.03;21.78;14.42;6.13;0.92;5.83;1.23;1.84;0.61;0;0;18.09;0.31
57137;57;Cheminot;587;481;465;148;67;82;82;34;7;25;5;10;2;3;0;106;5;31.83;14.41;17.63;17.63;7.31;1.51;5.38;1.08;2.15;0.43;0.65;0;18.06;1.08
57138;57;Chenois;56;48;47;16;7;11;9;4;0;0;0;0;0;0;0;8;0;34.04;14.89;23.4;19.15;8.51;0;0;0;0;0;0;0;14.29;0
57139;57;Chérisey;264;209;199;55;16;41;50;15;1;16;0;1;2;2;0;55;1;27.64;8.04;20.6;25.13;7.54;0.5;8.04;0;0.5;1.01;1.01;0;20.83;0.5
57140;57;Chesny;418;371;364;73;59;95;78;31;1;18;4;3;1;1;0;47;1;20.05;16.21;26.1;21.43;8.52;0.27;4.95;1.1;0.82;0.27;0.27;0;11.24;0.27
57141;57;Chicourt;80;69;69;16;8;13;23;3;0;3;0;1;2;0;0;11;0;23.19;11.59;18.84;33.33;4.35;0;4.35;0;1.45;2.9;0;0;13.75;0
57142;57;Chieulles;335;303;296;75;31;77;72;19;2;14;3;3;0;0;0;32;2;25.34;10.47;26.01;24.32;6.42;0.68;4.73;1.01;1.01;0;0;0;9.55;0.68
57143;57;Clouange;2587;1866;1829;526;417;376;227;116;17;80;20;31;19;0;0;721;11;28.76;22.8;20.56;12.41;6.34;0.93;4.37;1.09;1.69;1.04;0;0;27.87;0.6
57144;57;Cocheren;2555;2008;1945;775;334;265;233;118;33;108;15;37;25;2;0;547;12;39.85;17.17;13.62;11.98;6.07;1.7;5.55;0.77;1.9;1.29;0.1;0;21.41;0.62
57145;57;Coincy;264;220;210;47;26;60;45;8;0;18;4;1;1;0;0;44;0;22.38;12.38;28.57;21.43;3.81;0;8.57;1.9;0.48;0.48;0;0;16.67;0
57146;57;Coin-lès-Cuvry;606;539;532;147;69;123;110;48;2;23;4;3;2;1;0;67;2;27.63;12.97;23.12;20.68;9.02;0.38;4.32;0.75;0.56;0.38;0.19;0;11.06;0.38
57147;57;Coin-sur-Seille;294;250;246;55;23;65;64;20;2;16;0;1;0;0;0;44;0;22.36;9.35;26.42;26.02;8.13;0.81;6.5;0;0.41;0;0;0;14.97;0
57148;57;Colligny-Maizery;469;403;391;117;60;88;73;29;2;13;2;6;1;0;0;66;1;29.92;15.35;22.51;18.67;7.42;0.51;3.32;0.51;1.53;0.26;0;0;14.07;0.26
57149;57;Colmen;144;124;123;23;12;32;33;10;4;6;0;0;2;1;0;20;1;18.7;9.76;26.02;26.83;8.13;3.25;4.88;0;0;1.63;0.81;0;13.89;0.81
57150;57;Condé-Northen;496;420;411;158;57;66;84;23;2;12;3;3;2;1;0;76;2;38.44;13.87;16.06;20.44;5.6;0.49;2.92;0.73;0.73;0.49;0.24;0;15.32;0.49
57151;57;Conthil;150;126;123;40;16;16;35;5;4;3;1;3;0;0;0;24;1;32.52;13.01;13.01;28.46;4.07;3.25;2.44;0.81;2.44;0;0;0;16;0.81
57152;57;Contz-les-Bains;382;292;286;80;30;49;68;23;7;14;7;5;1;2;0;90;4;27.97;10.49;17.13;23.78;8.04;2.45;4.9;2.45;1.75;0.35;0.7;0;23.56;1.4
57153;57;Corny-sur-Moselle;1784;1497;1462;387;192;385;265;126;11;61;23;3;6;3;0;287;7;26.47;13.13;26.33;18.13;8.62;0.75;4.17;1.57;0.21;0.41;0.21;0;16.09;0.48
57154;57;Coume;562;453;443;159;77;79;77;26;8;9;1;4;3;0;0;109;2;35.89;17.38;17.83;17.38;5.87;1.81;2.03;0.23;0.9;0.68;0;0;19.4;0.45
57155;57;Courcelles-Chaussy;2314;1757;1708;461;278;387;324;100;9;98;16;18;11;6;0;557;5;26.99;16.28;22.66;18.97;5.85;0.53;5.74;0.94;1.05;0.64;0.35;0;24.07;0.29
57156;57;Courcelles-sur-Nied;883;785;767;186;125;198;145;51;4;35;11;7;2;3;0;98;1;24.25;16.3;25.81;18.9;6.65;0.52;4.56;1.43;0.91;0.26;0.39;0;11.1;0.13
57158;57;Craincourt;169;150;147;39;17;29;36;9;1;9;1;2;3;1;0;19;1;26.53;11.56;19.73;24.49;6.12;0.68;6.12;0.68;1.36;2.04;0.68;0;11.24;0.68
57159;57;Créhange;3123;2342;2287;854;402;383;281;148;24;118;16;30;28;3;0;781;15;37.34;17.58;16.75;12.29;6.47;1.05;5.16;0.7;1.31;1.22;0.13;0;25.01;0.66
57160;57;Creutzwald;7920;5873;5745;1860;1080;1081;814;308;46;348;60;78;57;13;0;2047;36;32.38;18.8;18.82;14.17;5.36;0.8;6.06;1.04;1.36;0.99;0.23;0;25.85;0.63
57161;57;Cutting;96;75;74;27;3;14;20;2;2;4;1;1;0;0;0;21;0;36.49;4.05;18.92;27.03;2.7;2.7;5.41;1.35;1.35;0;0;0;21.88;0
57162;57;Cuvry;622;533;520;122;63;124;133;45;1;20;4;4;2;2;0;89;1;23.46;12.12;23.85;25.58;8.65;0.19;3.85;0.77;0.77;0.38;0.38;0;14.31;0.19
57163;57;Dabo;2263;1790;1755;757;184;251;314;123;30;48;11;11;22;4;0;473;7;43.13;10.48;14.3;17.89;7.01;1.71;2.74;0.63;0.63;1.25;0.23;0;20.9;0.4
57165;57;Dalem;424;360;346;103;59;53;64;31;3;23;3;4;2;1;0;64;2;29.77;17.05;15.32;18.5;8.96;0.87;6.65;0.87;1.16;0.58;0.29;0;15.09;0.58
57166;57;Dalhain;93;76;76;21;12;5;13;19;0;5;0;1;0;0;0;17;0;27.63;15.79;6.58;17.11;25;0;6.58;0;1.32;0;0;0;18.28;0
57167;57;Dalstein;268;209;204;88;22;38;30;16;0;4;3;1;2;0;0;59;0;43.14;10.78;18.63;14.71;7.84;0;1.96;1.47;0.49;0.98;0;0;22.01;0
57168;57;Danne-et-Quatre-Vents;534;467;457;162;70;81;77;26;3;23;2;2;9;2;0;67;4;35.45;15.32;17.72;16.85;5.69;0.66;5.03;0.44;0.44;1.97;0.44;0;12.55;0.88
57169;57;Dannelbourg;392;339;331;93;51;65;65;25;4;13;1;7;7;0;0;53;0;28.1;15.41;19.64;19.64;7.55;1.21;3.93;0.3;2.11;2.11;0;0;13.52;0
57171;57;Delme;710;594;575;165;87;112;125;41;6;24;4;6;3;2;0;116;4;28.7;15.13;19.48;21.74;7.13;1.04;4.17;0.7;1.04;0.52;0.35;0;16.34;0.7
57172;57;Denting;231;205;200;78;21;42;28;18;1;8;1;1;1;1;0;26;0;39;10.5;21;14;9;0.5;4;0.5;0.5;0.5;0.5;0;11.26;0
57173;57;Desseling;87;70;67;28;5;6;14;4;0;6;0;2;2;0;0;17;1;41.79;7.46;8.96;20.9;5.97;0;8.96;0;2.99;2.99;0;0;19.54;1.49
57174;57;Destry;76;67;62;17;10;9;20;2;0;0;0;2;2;0;0;9;1;27.42;16.13;14.52;32.26;3.23;0;0;0;3.23;3.23;0;0;11.84;1.61
57175;57;Diane-Capelle;184;153;149;42;28;36;19;13;3;4;1;1;2;0;0;31;2;28.19;18.79;24.16;12.75;8.72;2.01;2.68;0.67;0.67;1.34;0;0;16.85;1.34
57176;57;Diebling;1330;1015;991;266;137;213;184;98;11;45;8;11;14;4;0;315;4;26.84;13.82;21.49;18.57;9.89;1.11;4.54;0.81;1.11;1.41;0.4;0;23.68;0.4
57177;57;Dieuze;2099;1600;1553;446;177;327;313;110;19;95;23;22;18;3;0;499;12;28.72;11.4;21.06;20.15;7.08;1.22;6.12;1.48;1.42;1.16;0.19;0;23.77;0.77
57178;57;Diffembach-lès-Hellimer;274;231;225;76;28;34;44;24;6;9;2;1;1;0;0;43;0;33.78;12.44;15.11;19.56;10.67;2.67;4;0.89;0.44;0.44;0;0;15.69;0
57179;57;Distroff;1407;1124;1092;297;191;220;187;89;11;51;12;15;13;6;0;283;8;27.2;17.49;20.15;17.12;8.15;1.01;4.67;1.1;1.37;1.19;0.55;0;20.11;0.73
57180;57;Dolving;273;233;231;89;24;39;43;21;1;10;0;2;2;0;0;40;0;38.53;10.39;16.88;18.61;9.09;0.43;4.33;0;0.87;0.87;0;0;14.65;0
57181;57;Domnom-lès-Dieuze;80;65;65;22;13;8;15;0;2;5;0;0;0;0;0;15;0;33.85;20;12.31;23.08;0;3.08;7.69;0;0;0;0;0;18.75;0
57182;57;Donjeux;96;76;76;39;7;6;11;10;0;1;0;1;1;0;0;20;0;51.32;9.21;7.89;14.47;13.16;0;1.32;0;1.32;1.32;0;0;20.83;0
57183;57;Donnelay;159;136;131;44;7;20;30;13;6;8;0;1;2;0;0;23;1;33.59;5.34;15.27;22.9;9.92;4.58;6.11;0;0.76;1.53;0;0;14.47;0.76
57186;57;Ebersviller;598;472;458;179;79;70;59;34;0;19;10;6;2;0;0;126;1;39.08;17.25;15.28;12.88;7.42;0;4.15;2.18;1.31;0.44;0;0;21.07;0.22
57187;57;Eblange;288;251;242;102;40;28;49;13;0;7;1;2;0;0;0;37;2;42.15;16.53;11.57;20.25;5.37;0;2.89;0.41;0.83;0;0;0;12.85;0.83
57188;57;Eguelshardt;381;267;259;93;32;38;54;14;2;10;5;7;2;2;0;114;0;35.91;12.36;14.67;20.85;5.41;0.77;3.86;1.93;2.7;0.77;0.77;0;29.92;0
57189;57;Eincheville;182;145;141;34;27;23;30;11;1;5;2;5;2;1;0;37;0;24.11;19.15;16.31;21.28;7.8;0.71;3.55;1.42;3.55;1.42;0.71;0;20.33;0
57190;57;Elvange;300;249;247;63;34;44;58;27;2;11;2;3;2;1;0;51;2;25.51;13.77;17.81;23.48;10.93;0.81;4.45;0.81;1.21;0.81;0.4;0;17;0.81
57191;57;Elzange;597;483;472;152;71;86;59;35;6;31;17;8;7;0;0;114;11;32.2;15.04;18.22;12.5;7.42;1.27;6.57;3.6;1.69;1.48;0;0;19.1;2.33
57192;57;Enchenberg;1031;820;788;286;115;162;110;35;21;34;3;11;8;3;0;211;5;36.29;14.59;20.56;13.96;4.44;2.66;4.31;0.38;1.4;1.02;0.38;0;20.47;0.63
57193;57;Ennery;1549;1329;1290;378;219;290;188;87;16;71;12;14;13;2;0;220;9;29.3;16.98;22.48;14.57;6.74;1.24;5.5;0.93;1.09;1.01;0.16;0;14.2;0.7
57194;57;Entrange;954;778;763;158;135;198;156;54;11;30;8;10;2;1;0;176;2;20.71;17.69;25.95;20.45;7.08;1.44;3.93;1.05;1.31;0.26;0.13;0;18.45;0.26
57195;57;Epping;447;381;373;130;36;65;69;29;15;13;7;4;4;1;0;66;2;34.85;9.65;17.43;18.5;7.77;4.02;3.49;1.88;1.07;1.07;0.27;0;14.77;0.54
57196;57;Erching;353;301;285;101;19;53;49;34;10;5;1;6;3;4;0;52;7;35.44;6.67;18.6;17.19;11.93;3.51;1.75;0.35;2.11;1.05;1.4;0;14.73;2.46
57197;57;Ernestviller;384;319;314;104;40;42;69;35;2;18;0;2;2;0;0;65;2;33.12;12.74;13.38;21.97;11.15;0.64;5.73;0;0.64;0.64;0;0;16.93;0.64
57198;57;Erstroff;169;144;141;51;18;18;26;14;0;7;0;3;4;0;0;25;0;36.17;12.77;12.77;18.44;9.93;0;4.96;0;2.13;2.84;0;0;14.79;0
57199;57;Escherange;494;360;350;88;69;77;57;27;6;15;3;4;3;1;0;134;0;25.14;19.71;22;16.29;7.71;1.71;4.29;0.86;1.14;0.86;0.29;0;27.13;0
57200;57;Les Etangs;310;254;248;68;33;63;56;17;1;5;0;4;1;0;0;56;0;27.42;13.31;25.4;22.58;6.85;0.4;2.02;0;1.61;0.4;0;0;18.06;0
57201;57;Etting;664;545;537;181;48;106;114;47;12;14;4;3;7;1;0;119;2;33.71;8.94;19.74;21.23;8.75;2.23;2.61;0.74;0.56;1.3;0.19;0;17.92;0.37
57202;57;Etzling;763;594;576;187;60;112;126;54;11;12;1;6;7;0;0;169;1;32.47;10.42;19.44;21.88;9.38;1.91;2.08;0.17;1.04;1.22;0;0;22.15;0.17
57203;57;Evrange;147;103;103;20;12;25;35;3;1;3;1;2;0;1;0;44;0;19.42;11.65;24.27;33.98;2.91;0.97;2.91;0.97;1.94;0;0.97;0;29.93;0
57204;57;Failly;430;380;377;109;41;109;69;19;5;14;3;1;4;3;0;50;1;28.91;10.88;28.91;18.3;5.04;1.33;3.71;0.8;0.27;1.06;0.8;0;11.63;0.27
57205;57;Falck;1707;1320;1276;459;224;253;161;62;12;61;5;17;21;1;0;387;13;35.97;17.55;19.83;12.62;4.86;0.94;4.78;0.39;1.33;1.65;0.08;0;22.67;1.02
57206;57;Fameck;9271;6598;6427;1447;1787;1350;702;221;53;555;141;113;47;11;0;2673;37;22.51;27.8;21.01;10.92;3.44;0.82;8.64;2.19;1.76;0.73;0.17;0;28.83;0.58
57207;57;Farébersviller;3100;2094;2029;495;724;336;143;67;12;147;41;39;20;5;0;1006;14;24.4;35.68;16.56;7.05;3.3;0.59;7.24;2.02;1.92;0.99;0.25;0;32.45;0.69
57208;57;Farschviller;1072;870;842;332;131;126;132;46;6;32;14;15;5;3;0;202;5;39.43;15.56;14.96;15.68;5.46;0.71;3.8;1.66;1.78;0.59;0.36;0;18.84;0.59
57209;57;Faulquemont;3785;2793;2721;889;530;486;401;146;36;145;24;38;22;4;0;992;18;32.67;19.48;17.86;14.74;5.37;1.32;5.33;0.88;1.4;0.81;0.15;0;26.21;0.66
57210;57;Fénétrange;512;410;397;149;38;79;82;18;1;13;4;7;5;1;0;102;4;37.53;9.57;19.9;20.65;4.53;0.25;3.27;1.01;1.76;1.26;0.25;0;19.92;1.01
57211;57;Fèves;847;735;717;219;122;157;119;36;1;49;3;4;4;3;0;112;4;30.54;17.02;21.9;16.6;5.02;0.14;6.83;0.42;0.56;0.56;0.42;0;13.22;0.56
57212;57;Féy;580;448;443;88;35;123;122;39;6;16;3;8;2;1;0;132;2;19.86;7.9;27.77;27.54;8.8;1.35;3.61;0.68;1.81;0.45;0.23;0;22.76;0.45
57213;57;Filstroff;602;475;466;168;62;92;68;32;5;23;6;1;8;1;0;127;1;36.05;13.3;19.74;14.59;6.87;1.07;4.94;1.29;0.21;1.72;0.21;0;21.1;0.21
57214;57;Fixem;294;231;223;48;45;46;53;19;1;6;3;0;1;1;0;63;2;21.52;20.18;20.63;23.77;8.52;0.45;2.69;1.35;0;0.45;0.45;0;21.43;0.9
57215;57;Flastroff;269;238;225;63;29;38;55;14;2;10;4;4;6;0;0;31;3;28;12.89;16.89;24.44;6.22;0.89;4.44;1.78;1.78;2.67;0;0;11.52;1.33
57216;57;Fleisheim;111;88;84;25;14;25;8;10;1;1;0;0;0;0;0;23;0;29.76;16.67;29.76;9.52;11.9;1.19;1.19;0;0;0;0;0;20.72;0
57217;57;Flétrange;704;582;563;203;89;77;89;53;7;27;3;9;6;0;0;122;7;36.06;15.81;13.68;15.81;9.41;1.24;4.8;0.53;1.6;1.07;0;0;17.33;1.24
57218;57;Fleury;1035;900;879;152;114;250;215;64;6;54;7;12;2;3;0;135;2;17.29;12.97;28.44;24.46;7.28;0.68;6.14;0.8;1.37;0.23;0.34;0;13.04;0.23
57219;57;Flévy;441;370;356;116;58;75;59;15;8;15;2;5;3;0;0;71;3;32.58;16.29;21.07;16.57;4.21;2.25;4.21;0.56;1.4;0.84;0;0;16.1;0.84
57220;57;Flocourt;118;86;83;21;9;24;18;4;0;5;0;1;1;0;0;32;0;25.3;10.84;28.92;21.69;4.82;0;6.02;0;1.2;1.2;0;0;27.12;0
57221;57;Florange;8696;6088;5931;1770;1443;1099;680;258;42;437;69;71;54;8;0;2608;33;29.84;24.33;18.53;11.47;4.35;0.71;7.37;1.16;1.2;0.91;0.13;0;29.99;0.56
57222;57;Folkling;1058;868;845;242;151;160;149;65;18;41;4;4;10;1;0;190;3;28.64;17.87;18.93;17.63;7.69;2.13;4.85;0.47;0.47;1.18;0.12;0;17.96;0.36
57224;57;Folschviller;2781;2013;1963;659;418;358;232;107;21;78;29;32;23;6;0;768;13;33.57;21.29;18.24;11.82;5.45;1.07;3.97;1.48;1.63;1.17;0.31;0;27.62;0.66
57225;57;Fonteny;100;90;86;33;13;17;20;2;1;0;0;0;0;0;0;10;0;38.37;15.12;19.77;23.26;2.33;1.16;0;0;0;0;0;0;10;0
57226;57;Fontoy;2167;1703;1645;461;417;305;237;79;12;65;25;26;12;6;0;464;11;28.02;25.35;18.54;14.41;4.8;0.73;3.95;1.52;1.58;0.73;0.36;0;21.41;0.67
57227;57;Forbach;13689;8804;8597;2549;1865;1536;1361;386;70;506;136;105;66;17;0;4885;57;29.65;21.69;17.87;15.83;4.49;0.81;5.89;1.58;1.22;0.77;0.2;0;35.69;0.66
57228;57;Fossieux;148;123;121;37;24;24;14;11;1;5;1;2;2;0;0;25;0;30.58;19.83;19.83;11.57;9.09;0.83;4.13;0.83;1.65;1.65;0;0;16.89;0
57229;57;Foulcrey;143;120;119;35;19;17;26;10;2;1;2;4;3;0;0;23;0;29.41;15.97;14.29;21.85;8.4;1.68;0.84;1.68;3.36;2.52;0;0;16.08;0
57230;57;Fouligny;158;141;141;52;8;18;37;11;5;8;1;0;1;0;0;17;0;36.88;5.67;12.77;26.24;7.8;3.55;5.67;0.71;0;0.71;0;0;10.76;0
57231;57;Foville;80;57;54;18;7;14;9;2;1;2;0;1;0;0;0;23;0;33.33;12.96;25.93;16.67;3.7;1.85;3.7;0;1.85;0;0;0;28.75;0
57232;57;Francaltroff;550;449;431;149;77;70;70;34;3;16;2;4;6;0;0;101;4;34.57;17.87;16.24;16.24;7.89;0.7;3.71;0.46;0.93;1.39;0;0;18.36;0.93
57233;57;Fraquelfing;77;62;61;28;5;3;17;2;0;3;0;2;1;0;0;15;0;45.9;8.2;4.92;27.87;3.28;0;4.92;0;3.28;1.64;0;0;19.48;0
57234;57;Frauenberg;418;316;301;96;26;60;68;27;7;8;4;3;0;2;0;102;7;31.89;8.64;19.93;22.59;8.97;2.33;2.66;1.33;1;0;0.66;0;24.4;2.33
57235;57;Freistroff;833;669;647;251;86;82;111;50;5;35;10;9;8;0;0;164;2;38.79;13.29;12.67;17.16;7.73;0.77;5.41;1.55;1.39;1.24;0;0;19.69;0.31
57236;57;Frémery;58;43;42;23;4;2;5;4;0;3;0;0;1;0;0;15;0;54.76;9.52;4.76;11.9;9.52;0;7.14;0;0;2.38;0;0;25.86;0
57237;57;Frémestroff;258;212;202;97;21;24;36;12;0;3;4;5;0;0;0;46;2;48.02;10.4;11.88;17.82;5.94;0;1.49;1.98;2.48;0;0;0;17.83;0.99
57238;57;Fresnes-en-Saulnois;144;128;120;52;12;15;26;9;2;2;0;1;0;1;0;16;2;43.33;10;12.5;21.67;7.5;1.67;1.67;0;0.83;0;0.83;0;11.11;1.67
57239;57;Freybouse;350;280;273;92;36;40;53;23;4;9;7;6;1;2;0;70;0;33.7;13.19;14.65;19.41;8.42;1.47;3.3;2.56;2.2;0.37;0.73;0;20;0
57240;57;Freyming-Merlebach;8929;6305;6139;2349;1232;879;750;305;74;318;77;82;62;11;0;2624;44;38.26;20.07;14.32;12.22;4.97;1.21;5.18;1.25;1.34;1.01;0.18;0;29.39;0.72
57241;57;Fribourg;134;118;116;42;13;28;23;5;3;1;0;0;1;0;0;16;0;36.21;11.21;24.14;19.83;4.31;2.59;0.86;0;0;0.86;0;0;11.94;0
57242;57;Gandrange;2292;1749;1696;511;351;331;183;107;9;133;20;27;24;0;0;543;3;30.13;20.7;19.52;10.79;6.31;0.53;7.84;1.18;1.59;1.42;0;0;23.69;0.18
57244;57;Garrebourg;433;355;335;147;40;28;71;20;8;8;2;6;4;1;0;78;3;43.88;11.94;8.36;21.19;5.97;2.39;2.39;0.6;1.79;1.19;0.3;0;18.01;0.9
57245;57;Gavisse;450;376;370;85;68;88;81;17;4;13;1;7;3;3;0;74;2;22.97;18.38;23.78;21.89;4.59;1.08;3.51;0.27;1.89;0.81;0.81;0;16.44;0.54
57246;57;Gelucourt;195;161;157;47;22;21;45;15;2;2;1;2;0;0;0;34;0;29.94;14.01;13.38;28.66;9.55;1.27;1.27;0.64;1.27;0;0;0;17.44;0
57247;57;Gerbécourt;95;70;68;25;17;9;9;5;0;2;0;0;1;0;0;25;0;36.76;25;13.24;13.24;7.35;0;2.94;0;0;1.47;0;0;26.32;0
57248;57;Givrycourt;81;56;52;20;1;10;13;4;0;2;0;1;1;0;0;25;0;38.46;1.92;19.23;25;7.69;0;3.85;0;1.92;1.92;0;0;30.86;0
57249;57;Glatigny;232;198;192;34;25;52;39;27;1;11;0;2;1;0;0;34;0;17.71;13.02;27.08;20.31;14.06;0.52;5.73;0;1.04;0.52;0;0;14.66;0
57250;57;Goetzenbruck;1293;998;976;314;156;221;121;54;25;49;4;17;13;2;0;295;6;32.17;15.98;22.64;12.4;5.53;2.56;5.02;0.41;1.74;1.33;0.2;0;22.82;0.61
57251;57;Goin;272;222;217;77;34;38;33;23;1;8;1;1;1;0;0;50;0;35.48;15.67;17.51;15.21;10.6;0.46;3.69;0.46;0.46;0.46;0;0;18.38;0
57252;57;Gomelange;416;336;320;115;41;57;61;21;3;16;2;2;2;0;0;80;6;35.94;12.81;17.81;19.06;6.56;0.94;5;0.63;0.63;0.63;0;0;19.23;1.88
57253;57;Gondrexange;373;334;322;118;52;61;47;23;2;10;2;4;2;1;0;39;4;36.65;16.15;18.94;14.6;7.14;0.62;3.11;0.62;1.24;0.62;0.31;0;10.46;1.24
57254;57;Gorze;699;560;548;170;91;122;74;30;4;42;6;8;1;0;0;139;3;31.02;16.61;22.26;13.5;5.47;0.73;7.66;1.09;1.46;0.18;0;0;19.89;0.55
57255;57;Gosselming;514;424;414;157;30;82;63;42;3;19;8;5;4;1;0;90;0;37.92;7.25;19.81;15.22;10.14;0.72;4.59;1.93;1.21;0.97;0.24;0;17.51;0
57256;57;Gravelotte;605;491;475;175;76;88;73;27;2;19;8;5;2;0;0;114;1;36.84;16;18.53;15.37;5.68;0.42;4;1.68;1.05;0.42;0;0;18.84;0.21
57257;57;Grémecey;93;76;76;20;11;13;22;6;1;2;0;1;0;0;0;17;0;26.32;14.47;17.11;28.95;7.89;1.32;2.63;0;1.32;0;0;0;18.28;0
57258;57;Gréning;106;83;78;34;4;19;12;3;1;1;1;0;3;0;0;23;0;43.59;5.13;24.36;15.38;3.85;1.28;1.28;1.28;0;3.85;0;0;21.7;0
57259;57;Grindorff-Bizing;267;221;213;46;21;44;49;29;2;11;0;7;4;0;0;46;2;21.6;9.86;20.66;23;13.62;0.94;5.16;0;3.29;1.88;0;0;17.23;0.94
57260;57;Grosbliederstroff;2110;1603;1556;432;204;368;294;124;17;60;14;23;16;4;0;507;15;27.76;13.11;23.65;18.89;7.97;1.09;3.86;0.9;1.48;1.03;0.26;0;24.03;0.96
57261;57;Gros-Réderching;1063;850;828;351;101;143;135;40;11;28;3;6;6;4;0;213;5;42.39;12.2;17.27;16.3;4.83;1.33;3.38;0.36;0.72;0.72;0.48;0;20.04;0.6
57262;57;Grostenquin;525;413;405;123;40;63;97;40;8;17;8;6;2;1;0;112;3;30.37;9.88;15.56;23.95;9.88;1.98;4.2;1.98;1.48;0.49;0.25;0;21.33;0.74
57263;57;Grundviller;545;433;419;146;60;72;75;25;8;15;6;7;2;3;0;112;4;34.84;14.32;17.18;17.9;5.97;1.91;3.58;1.43;1.67;0.48;0.72;0;20.55;0.95
57264;57;Guebenhouse;323;252;243;98;33;32;34;22;2;13;2;6;0;1;0;71;0;40.33;13.58;13.17;13.99;9.05;0.82;5.35;0.82;2.47;0;0.41;0;21.98;0
57265;57;Guébestroff;51;40;40;15;2;17;3;0;1;1;0;1;0;0;0;11;0;37.5;5;42.5;7.5;0;2.5;2.5;0;2.5;0;0;0;21.57;0
57266;57;Guéblange-lès-Dieuze;133;111;111;44;23;7;17;13;1;2;0;4;0;0;0;22;0;39.64;20.72;6.31;15.32;11.71;0.9;1.8;0;3.6;0;0;0;16.54;0
57267;57;Le Val-de-Guéblange;672;520;502;189;77;66;85;37;5;17;3;11;8;4;0;152;5;37.65;15.34;13.15;16.93;7.37;1;3.39;0.6;2.19;1.59;0.8;0;22.62;1
57268;57;Guébling;131;93;93;50;8;13;4;5;4;4;3;1;1;0;0;38;0;53.76;8.6;13.98;4.3;5.38;4.3;4.3;3.23;1.08;1.08;0;0;29.01;0
57269;57;Guénange;5691;4211;4101;1192;1029;837;389;184;28;268;50;65;51;8;0;1480;16;29.07;25.09;20.41;9.49;4.49;0.68;6.53;1.22;1.58;1.24;0.2;0;26.01;0.39
57270;57;Val-de-Bride;450;356;347;130;54;67;45;18;8;11;2;6;6;0;0;94;3;37.46;15.56;19.31;12.97;5.19;2.31;3.17;0.58;1.73;1.73;0;0;20.89;0.86
57271;57;Guenviller;554;448;435;116;70;119;76;20;4;18;1;6;5;0;0;106;1;26.67;16.09;27.36;17.47;4.6;0.92;4.14;0.23;1.38;1.15;0;0;19.13;0.23
57272;57;Guermange;83;74;73;27;16;13;12;2;1;2;0;0;0;0;0;9;0;36.99;21.92;17.81;16.44;2.74;1.37;2.74;0;0;0;0;0;10.84;0
57273;57;Guerstling;239;194;189;34;31;43;35;16;5;15;2;5;3;0;0;45;1;17.99;16.4;22.75;18.52;8.47;2.65;7.94;1.06;2.65;1.59;0;0;18.83;0.53
57274;57;Guerting;687;583;563;209;92;109;75;34;7;26;5;3;3;0;0;104;4;37.12;16.34;19.36;13.32;6.04;1.24;4.62;0.89;0.53;0.53;0;0;15.14;0.71
57275;57;Guessling-Hémering;735;623;604;215;92;111;97;37;5;21;10;10;6;0;0;112;6;35.6;15.23;18.38;16.06;6.13;0.83;3.48;1.66;1.66;0.99;0;0;15.24;0.99
57276;57;Guinglange;223;196;190;69;23;14;56;16;2;2;2;2;4;0;0;27;0;36.32;12.11;7.37;29.47;8.42;1.05;1.05;1.05;1.05;2.11;0;0;12.11;0
57277;57;Guinkirchen;126;107;104;20;15;36;11;6;0;10;1;1;4;0;0;19;2;19.23;14.42;34.62;10.58;5.77;0;9.62;0.96;0.96;3.85;0;0;15.08;1.92
57278;57;Guinzeling;56;54;51;26;0;6;16;3;0;0;0;0;0;0;0;2;1;50.98;0;11.76;31.37;5.88;0;0;0;0;0;0;0;3.57;1.96
57280;57;Guntzviller;310;268;260;96;26;37;62;16;3;8;1;1;6;4;0;42;0;36.92;10;14.23;23.85;6.15;1.15;3.08;0.38;0.38;2.31;1.54;0;13.55;0
57281;57;Haboudange;169;130;127;49;11;22;28;9;1;3;2;2;0;0;0;39;3;38.58;8.66;17.32;22.05;7.09;0.79;2.36;1.57;1.57;0;0;0;23.08;2.36
57282;57;Hagen;219;162;155;37;21;41;36;10;1;6;2;0;0;1;0;57;0;23.87;13.55;26.45;23.23;6.45;0.65;3.87;1.29;0;0;0.65;0;26.03;0
57283;57;Hagondange;6899;5131;4992;1397;1119;1101;625;248;27;309;51;63;44;8;0;1768;29;27.98;22.42;22.06;12.52;4.97;0.54;6.19;1.02;1.26;0.88;0.16;0;25.63;0.58
57284;57;Hallering;95;69;69;25;18;10;5;4;0;3;0;2;2;0;0;26;0;36.23;26.09;14.49;7.25;5.8;0;4.35;0;2.9;2.9;0;0;27.37;0
57286;57;Halstroff;223;179;175;56;24;37;28;9;5;9;2;2;3;0;0;44;1;32;13.71;21.14;16;5.14;2.86;5.14;1.14;1.14;1.71;0;0;19.73;0.57
57287;57;Basse-Ham;1813;1425;1379;333;198;348;268;96;15;79;18;13;10;1;0;388;7;24.15;14.36;25.24;19.43;6.96;1.09;5.73;1.31;0.94;0.73;0.07;0;21.4;0.51
57288;57;Ham-sous-Varsberg;1925;1522;1489;544;224;251;243;87;15;64;13;28;18;2;0;403;8;36.53;15.04;16.86;16.32;5.84;1.01;4.3;0.87;1.88;1.21;0.13;0;20.94;0.54
57289;57;Hambach;2261;1859;1805;633;263;302;313;133;22;69;19;22;26;3;0;402;12;35.07;14.57;16.73;17.34;7.37;1.22;3.82;1.05;1.22;1.44;0.17;0;17.78;0.66
57290;57;Hampont;153;128;122;44;11;20;27;5;1;8;2;2;1;1;0;25;1;36.07;9.02;16.39;22.13;4.1;0.82;6.56;1.64;1.64;0.82;0.82;0;16.34;0.82
57291;57;Hangviller;228;181;169;82;10;22;23;21;1;3;2;3;2;0;0;47;3;48.52;5.92;13.02;13.61;12.43;0.59;1.78;1.18;1.78;1.18;0;0;20.61;1.78
57292;57;Hannocourt;19;16;16;7;0;0;2;5;1;0;0;0;1;0;0;3;0;43.75;0;0;12.5;31.25;6.25;0;0;0;6.25;0;0;15.79;0
57293;57;Han-sur-Nied;177;148;144;55;21;29;18;7;1;10;2;0;1;0;0;29;1;38.19;14.58;20.14;12.5;4.86;0.69;6.94;1.39;0;0.69;0;0;16.38;0.69
57294;57;Hanviller;158;111;109;50;13;18;8;1;11;4;1;2;1;0;0;47;0;45.87;11.93;16.51;7.34;0.92;10.09;3.67;0.92;1.83;0.92;0;0;29.75;0
57295;57;Haraucourt-sur-Seille;106;84;83;17;13;19;19;7;3;2;0;1;2;0;0;22;0;20.48;15.66;22.89;22.89;8.43;3.61;2.41;0;1.2;2.41;0;0;20.75;0
57296;57;Hargarten-aux-Mines;804;660;647;264;77;122;89;37;4;37;4;5;5;3;0;144;2;40.8;11.9;18.86;13.76;5.72;0.62;5.72;0.62;0.77;0.77;0.46;0;17.91;0.31
57297;57;Harprich;159;115;113;31;15;17;16;17;4;6;2;2;2;1;0;44;0;27.43;13.27;15.04;14.16;15.04;3.54;5.31;1.77;1.77;1.77;0.88;0;27.67;0
57298;57;Harreberg;307;245;241;78;31;34;39;28;12;12;1;4;1;1;0;62;1;32.37;12.86;14.11;16.18;11.62;4.98;4.98;0.41;1.66;0.41;0.41;0;20.2;0.41
57299;57;Hartzviller;793;648;627;256;76;80;94;75;12;13;2;9;9;1;0;145;2;40.83;12.12;12.76;14.99;11.96;1.91;2.07;0.32;1.44;1.44;0.16;0;18.28;0.32
57300;57;Haselbourg;254;220;210;96;23;31;31;15;4;8;2;0;0;0;0;34;3;45.71;10.95;14.76;14.76;7.14;1.9;3.81;0.95;0;0;0;0;13.39;1.43
57301;57;Haspelschiedt;233;194;190;55;26;35;28;15;21;3;0;1;6;0;0;39;1;28.95;13.68;18.42;14.74;7.89;11.05;1.58;0;0.53;3.16;0;0;16.74;0.53
57302;57;Hattigny;171;125;121;44;8;11;27;21;5;3;0;0;2;0;0;46;0;36.36;6.61;9.09;22.31;17.36;4.13;2.48;0;0;1.65;0;0;26.9;0
57303;57;Hauconcourt;457;374;369;124;69;74;51;27;5;11;3;2;2;1;0;83;4;33.6;18.7;20.05;13.82;7.32;1.36;2.98;0.81;0.54;0.54;0.27;0;18.16;1.08
57304;57;Haut-Clocher;279;242;232;87;32;33;45;14;7;7;4;0;2;1;0;37;4;37.5;13.79;14.22;19.4;6.03;3.02;3.02;1.72;0;0.86;0.43;0;13.26;1.72
57305;57;Havange;317;256;248;67;56;49;40;14;0;15;4;2;1;0;0;61;0;27.02;22.58;19.76;16.13;5.65;0;6.05;1.61;0.81;0.4;0;0;19.24;0
57306;57;Hayange;11752;8209;8011;2684;1872;1542;783;347;55;416;110;117;66;19;0;3543;60;33.5;23.37;19.25;9.77;4.33;0.69;5.19;1.37;1.46;0.82;0.24;0;30.15;0.75
57307;57;Hayes;189;160;157;29;20;41;44;5;2;10;4;1;1;0;0;29;0;18.47;12.74;26.11;28.03;3.18;1.27;6.37;2.55;0.64;0.64;0;0;15.34;0
57308;57;Hazembourg;96;83;81;25;3;15;26;9;0;1;0;0;2;0;0;13;1;30.86;3.7;18.52;32.1;11.11;0;1.23;0;0;2.47;0;0;13.54;1.23
57309;57;Heining-lès-Bouzonville;265;221;215;54;24;63;41;7;3;12;1;4;6;0;0;44;1;25.12;11.16;29.3;19.07;3.26;1.4;5.58;0.47;1.86;2.79;0;0;16.6;0.47
57310;57;Hellering-lès-Fénétrange;158;134;131;51;13;23;24;17;1;2;0;0;0;0;0;24;1;38.93;9.92;17.56;18.32;12.98;0.76;1.53;0;0;0;0;0;15.19;0.76
57311;57;Hellimer;462;363;355;102;50;60;79;34;12;9;5;3;0;1;0;99;0;28.73;14.08;16.9;22.25;9.58;3.38;2.54;1.41;0.85;0;0.28;0;21.43;0
57312;57;Helstroff;382;324;317;93;41;73;65;26;2;12;1;3;1;0;0;58;0;29.34;12.93;23.03;20.5;8.2;0.63;3.79;0.32;0.95;0.32;0;0;15.18;0
57313;57;Hémilly;116;98;98;25;13;22;15;10;2;5;0;3;3;0;0;18;0;25.51;13.27;22.45;15.31;10.2;2.04;5.1;0;3.06;3.06;0;0;15.52;0
57314;57;Héming;361;286;280;97;36;65;41;19;0;11;3;3;4;1;0;75;2;34.64;12.86;23.21;14.64;6.79;0;3.93;1.07;1.07;1.43;0.36;0;20.78;0.71
57315;57;Henridorff;541;441;431;137;50;84;92;37;2;19;2;5;2;1;0;100;1;31.79;11.6;19.49;21.35;8.58;0.46;4.41;0.46;1.16;0.46;0.23;0;18.48;0.23
57316;57;Henriville;643;521;508;216;55;78;103;31;6;8;1;6;2;2;0;122;2;42.52;10.83;15.35;20.28;6.1;1.18;1.57;0.2;1.18;0.39;0.39;0;18.97;0.39
57317;57;Hérange;100;84;83;16;7;8;38;10;2;0;0;1;1;0;0;16;0;19.28;8.43;9.64;45.78;12.05;2.41;0;0;1.2;1.2;0;0;16;0
57318;57;Hermelange;215;163;161;69;16;22;29;7;2;13;2;0;1;0;0;52;0;42.86;9.94;13.66;18.01;4.35;1.24;8.07;1.24;0;0.62;0;0;24.19;0
57319;57;Herny;428;363;356;127;50;58;64;22;4;16;5;5;2;3;0;65;0;35.67;14.04;16.29;17.98;6.18;1.12;4.49;1.4;1.4;0.56;0.84;0;15.19;0
57320;57;Hertzing;149;126;124;60;9;12;23;13;2;3;0;0;2;0;0;23;1;48.39;7.26;9.68;18.55;10.48;1.61;2.42;0;0;1.61;0;0;15.44;0.81
57321;57;Hesse;507;425;419;132;62;81;81;26;7;12;13;2;2;1;0;82;1;31.5;14.8;19.33;19.33;6.21;1.67;2.86;3.1;0.48;0.48;0.24;0;16.17;0.24
57322;57;Hestroff;394;328;316;92;41;68;44;21;2;27;4;12;5;0;0;66;3;29.11;12.97;21.52;13.92;6.65;0.63;8.54;1.27;3.8;1.58;0;0;16.75;0.95
57323;57;Hettange-Grande;5506;4398;4287;926;579;1189;975;270;36;200;38;43;23;8;0;1108;22;21.6;13.51;27.74;22.74;6.3;0.84;4.67;0.89;1;0.54;0.19;0;20.12;0.51
57324;57;Hilbesheim;486;405;397;152;49;70;54;43;4;12;3;5;4;1;0;81;2;38.29;12.34;17.63;13.6;10.83;1.01;3.02;0.76;1.26;1.01;0.25;0;16.67;0.5
57325;57;Hilsprich;629;513;502;189;46;71;97;56;6;22;2;9;4;0;0;116;2;37.65;9.16;14.14;19.32;11.16;1.2;4.38;0.4;1.79;0.8;0;0;18.44;0.4
57326;57;Hinckange;226;191;184;69;34;23;20;17;2;10;1;4;3;1;0;35;3;37.5;18.48;12.5;10.87;9.24;1.09;5.43;0.54;2.17;1.63;0.54;0;15.49;1.63
57328;57;Holacourt;61;51;51;7;9;9;16;5;1;3;0;1;0;0;0;10;0;13.73;17.65;17.65;31.37;9.8;1.96;5.88;0;1.96;0;0;0;16.39;0
57329;57;Holling;307;259;251;92;33;44;41;19;3;8;1;7;2;1;0;48;2;36.65;13.15;17.53;16.33;7.57;1.2;3.19;0.4;2.79;0.8;0.4;0;15.64;0.8
57330;57;Holving;1064;828;805;319;108;123;110;67;15;33;10;10;8;2;0;236;3;39.63;13.42;15.28;13.66;8.32;1.86;4.1;1.24;1.24;0.99;0.25;0;22.18;0.37
57331;57;Hombourg-Budange;394;323;313;88;69;44;54;25;5;11;5;5;6;1;0;71;1;28.12;22.04;14.06;17.25;7.99;1.6;3.51;1.6;1.6;1.92;0.32;0;18.02;0.32
57332;57;Hombourg-Haut;4610;3329;3243;1110;647;541;431;157;32;167;50;43;54;11;0;1281;29;34.23;19.95;16.68;13.29;4.84;0.99;5.15;1.54;1.33;1.67;0.34;0;27.79;0.89
57333;57;Hommarting;698;607;596;222;54;119;95;66;9;13;1;7;9;1;0;91;0;37.25;9.06;19.97;15.94;11.07;1.51;2.18;0.17;1.17;1.51;0.17;0;13.04;0
57334;57;Hommert;322;236;226;79;29;45;36;17;2;8;4;3;0;3;0;86;1;34.96;12.83;19.91;15.93;7.52;0.88;3.54;1.77;1.33;0;1.33;0;26.71;0.44
57335;57;Honskirch;184;148;142;37;21;23;32;23;0;2;3;1;0;0;0;36;1;26.06;14.79;16.2;22.54;16.2;0;1.41;2.11;0.7;0;0;0;19.57;0.7
57336;57;L'Hôpital;3794;2764;2694;1143;433;361;285;232;28;86;35;38;43;10;0;1030;14;42.43;16.07;13.4;10.58;8.61;1.04;3.19;1.3;1.41;1.6;0.37;0;27.15;0.52
57337;57;Hoste;539;429;414;158;46;80;51;50;6;13;2;4;3;1;0;110;3;38.16;11.11;19.32;12.32;12.08;1.45;3.14;0.48;0.97;0.72;0.24;0;20.41;0.72
57338;57;Hottviller;438;356;342;93;34;53;83;20;37;12;3;4;3;0;0;82;9;27.19;9.94;15.5;24.27;5.85;10.82;3.51;0.88;1.17;0.88;0;0;18.72;2.63
57339;57;Hultehouse;304;254;248;88;36;41;38;15;5;12;6;3;3;1;0;50;1;35.48;14.52;16.53;15.32;6.05;2.02;4.84;2.42;1.21;1.21;0.4;0;16.45;0.4
57340;57;Hundling;1181;918;892;324;129;145;141;83;13;21;18;11;6;1;0;263;6;36.32;14.46;16.26;15.81;9.3;1.46;2.35;2.02;1.23;0.67;0.11;0;22.27;0.67
57341;57;Hunting;556;463;449;110;79;81;96;39;3;25;1;10;2;3;0;93;2;24.5;17.59;18.04;21.38;8.69;0.67;5.57;0.22;2.23;0.45;0.67;0;16.73;0.45
57342;57;Ibigny;83;63;62;38;3;6;6;4;3;2;0;0;0;0;0;20;0;61.29;4.84;9.68;9.68;6.45;4.84;3.23;0;0;0;0;0;24.1;0
57343;57;Illange;1643;1296;1267;294;220;290;262;75;15;59;19;21;11;1;0;347;3;23.2;17.36;22.89;20.68;5.92;1.18;4.66;1.5;1.66;0.87;0.08;0;21.12;0.24
57344;57;Imling;535;447;439;156;47;64;99;36;5;21;3;2;4;2;0;88;1;35.54;10.71;14.58;22.55;8.2;1.14;4.78;0.68;0.46;0.91;0.46;0;16.45;0.23
57345;57;Inglange;332;284;283;90;35;60;56;23;2;10;1;3;2;1;0;48;0;31.8;12.37;21.2;19.79;8.13;0.71;3.53;0.35;1.06;0.71;0.35;0;14.46;0
57346;57;Insming;469;370;355;139;30;59;67;21;2;13;10;7;7;0;0;99;5;39.15;8.45;16.62;18.87;5.92;0.56;3.66;2.82;1.97;1.97;0;0;21.11;1.41
57347;57;Insviller;147;108;107;33;11;10;21;18;0;7;2;2;3;0;0;39;0;30.84;10.28;9.35;19.63;16.82;0;6.54;1.87;1.87;2.8;0;0;26.53;0
57348;57;Ippling;651;536;491;163;65;95;80;47;2;18;7;3;10;1;0;115;27;33.2;13.24;19.35;16.29;9.57;0.41;3.67;1.43;0.61;2.04;0.2;0;17.67;5.5
57349;57;Jallaucourt;124;93;87;24;15;12;19;11;3;1;0;1;1;0;0;31;1;27.59;17.24;13.79;21.84;12.64;3.45;1.15;0;1.15;1.15;0;0;25;1.15
57350;57;Jouy-aux-Arches;1207;995;972;220;142;230;223;62;9;55;13;8;8;2;0;212;5;22.63;14.61;23.66;22.94;6.38;0.93;5.66;1.34;0.82;0.82;0.21;0;17.56;0.51
57351;57;Jury;717;600;584;148;106;140;108;28;9;33;7;0;4;1;0;117;3;25.34;18.15;23.97;18.49;4.79;1.54;5.65;1.2;0;0.68;0.17;0;16.32;0.51
57352;57;Jussy;408;357;343;52;37;77;124;22;5;21;4;0;0;1;0;51;5;15.16;10.79;22.45;36.15;6.41;1.46;6.12;1.17;0;0;0.29;0;12.5;1.46
57353;57;Juvelize;62;52;50;16;11;8;7;4;1;2;0;0;1;0;0;10;0;32;22;16;14;8;2;4;0;0;2;0;0;16.13;0
57354;57;Juville;110;87;85;26;18;20;12;6;0;0;0;1;2;0;0;23;0;30.59;21.18;23.53;14.12;7.06;0;0;0;1.18;2.35;0;0;20.91;0
57355;57;Kalhausen;697;575;558;249;62;73;86;43;7;9;6;15;7;1;0;122;5;44.62;11.11;13.08;15.41;7.71;1.25;1.61;1.08;2.69;1.25;0.18;0;17.5;0.9
57356;57;Kanfen;897;746;726;122;69;257;181;46;8;29;3;8;3;0;0;151;3;16.8;9.5;35.4;24.93;6.34;1.1;3.99;0.41;1.1;0.41;0;0;16.83;0.41
57357;57;Kappelkinger;319;268;261;100;30;43;34;26;6;8;5;7;2;0;0;51;3;38.31;11.49;16.48;13.03;9.96;2.3;3.07;1.92;2.68;0.77;0;0;15.99;1.15
57358;57;Kédange-sur-Canner;845;655;635;193;99;118;122;51;13;17;6;8;5;3;0;190;1;30.39;15.59;18.58;19.21;8.03;2.05;2.68;0.94;1.26;0.79;0.47;0;22.49;0.16
57359;57;Kemplich;126;92;88;26;8;16;20;9;1;4;1;1;2;0;0;34;1;29.55;9.09;18.18;22.73;10.23;1.14;4.55;1.14;1.14;2.27;0;0;26.98;1.14
57360;57;Kerbach;808;694;674;194;113;126;131;53;6;29;10;8;2;2;0;114;4;28.78;16.77;18.69;19.44;7.86;0.89;4.3;1.48;1.19;0.3;0.3;0;14.11;0.59
57361;57;Kerling-lès-Sierck;478;380;368;82;50;94;80;28;2;17;5;7;3;0;0;98;1;22.28;13.59;25.54;21.74;7.61;0.54;4.62;1.36;1.9;0.82;0;0;20.5;0.27
57362;57;Kerprich-aux-Bois;115;102;101;25;19;13;21;20;0;2;1;0;0;0;0;13;0;24.75;18.81;12.87;20.79;19.8;0;1.98;0.99;0;0;0;0;11.3;0
57364;57;Kirsch-lès-Sierck;234;192;184;26;30;34;51;18;2;11;0;4;7;1;0;42;1;14.13;16.3;18.48;27.72;9.78;1.09;5.98;0;2.17;3.8;0.54;0;17.95;0.54
57365;57;Kirschnaumen;349;309;306;48;34;71;85;26;5;23;2;5;6;1;0;40;0;15.69;11.11;23.2;27.78;8.5;1.63;7.52;0.65;1.63;1.96;0.33;0;11.46;0
57366;57;Kirviller;101;90;85;30;10;18;14;8;1;1;1;2;0;0;0;11;1;35.29;11.76;21.18;16.47;9.41;1.18;1.18;1.18;2.35;0;0;0;10.89;1.18
57367;57;Klang;189;143;141;48;18;26;24;12;1;6;3;2;1;0;0;46;0;34.04;12.77;18.44;17.02;8.51;0.71;4.26;2.13;1.42;0.71;0;0;24.34;0
57368;57;Knutange;2364;1502;1450;488;355;237;180;49;9;64;22;31;12;3;0;862;17;33.66;24.48;16.34;12.41;3.38;0.62;4.41;1.52;2.14;0.83;0.21;0;36.46;1.17
57370;57;Koenigsmacker;1788;1302;1265;400;170;294;233;88;10;39;7;14;9;1;0;486;11;31.62;13.44;23.24;18.42;6.96;0.79;3.08;0.55;1.11;0.71;0.08;0;27.18;0.87
57371;57;Haute-Kontz;457;352;341;108;45;78;68;21;3;6;3;4;4;1;0;105;0;31.67;13.2;22.87;19.94;6.16;0.88;1.76;0.88;1.17;1.17;0.29;0;22.98;0
57372;57;Kuntzig;1008;846;814;183;187;190;81;73;14;62;7;8;8;1;0;162;5;22.48;22.97;23.34;9.95;8.97;1.72;7.62;0.86;0.98;0.98;0.12;0;16.07;0.61
57373;57;Lachambre;618;535;524;160;81;102;93;50;1;18;7;8;4;0;0;83;1;30.53;15.46;19.47;17.75;9.54;0.19;3.44;1.34;1.53;0.76;0;0;13.43;0.19
57374;57;Lafrimbolle;167;144;142;50;23;23;21;16;2;7;0;0;0;0;0;23;0;35.21;16.2;16.2;14.79;11.27;1.41;4.93;0;0;0;0;0;13.77;0
57375;57;Lagarde;168;140;135;30;11;26;42;12;3;9;0;1;0;1;0;28;0;22.22;8.15;19.26;31.11;8.89;2.22;6.67;0;0.74;0;0.74;0;16.67;0
57376;57;Lambach;406;315;303;117;49;48;36;26;5;13;0;8;1;0;0;91;1;38.61;16.17;15.84;11.88;8.58;1.65;4.29;0;2.64;0.33;0;0;22.41;0.33
57377;57;Landange;200;152;149;51;18;23;23;16;1;9;4;3;1;0;0;48;1;34.23;12.08;15.44;15.44;10.74;0.67;6.04;2.68;2.01;0.67;0;0;24;0.67
57379;57;Landroff;205;165;162;63;20;28;34;10;1;2;2;1;1;0;0;40;2;38.89;12.35;17.28;20.99;6.17;0.62;1.23;1.23;0.62;0.62;0;0;19.51;1.23
57380;57;Laneuveville-lès-Lorquin;88;74;72;30;11;11;13;6;1;0;0;0;0;0;0;14;0;41.67;15.28;15.28;18.06;8.33;1.39;0;0;0;0;0;0;15.91;0
57381;57;Laneuveville-en-Saulnois;236;175;170;64;20;34;21;12;1;9;1;4;4;0;0;61;3;37.65;11.76;20;12.35;7.06;0.59;5.29;0.59;2.35;2.35;0;0;25.85;1.76
57382;57;Langatte;433;339;330;119;37;46;70;28;7;11;2;3;5;2;0;94;0;36.06;11.21;13.94;21.21;8.48;2.12;3.33;0.61;0.91;1.52;0.61;0;21.71;0
57383;57;Languimberg;144;124;121;27;14;21;33;15;2;3;0;4;1;1;0;20;2;22.31;11.57;17.36;27.27;12.4;1.65;2.48;0;3.31;0.83;0.83;0;13.89;1.65
57384;57;Laning;495;413;405;153;52;68;65;30;1;24;1;7;3;1;0;82;0;37.78;12.84;16.79;16.05;7.41;0.25;5.93;0.25;1.73;0.74;0.25;0;16.57;0
57385;57;Laquenexy;908;797;780;194;148;183;134;50;3;36;12;11;7;2;0;111;2;24.87;18.97;23.46;17.18;6.41;0.38;4.62;1.54;1.41;0.9;0.26;0;12.22;0.26
57386;57;Laudrefang;268;229;222;48;48;39;43;22;3;12;2;2;2;1;0;39;2;21.62;21.62;17.57;19.37;9.91;1.35;5.41;0.9;0.9;0.9;0.45;0;14.55;0.9
57387;57;Laumesfeld;208;168;160;74;9;15;32;17;0;4;3;3;3;0;0;40;2;46.25;5.63;9.38;20;10.63;0;2.5;1.88;1.88;1.88;0;0;19.23;1.25
57388;57;Launstroff;159;125;122;27;14;30;20;11;5;4;5;3;2;1;0;34;1;22.13;11.48;24.59;16.39;9.02;4.1;3.28;4.1;2.46;1.64;0.82;0;21.38;0.82
57389;57;Lelling;377;331;322;125;49;44;53;26;5;9;3;5;1;2;0;46;3;38.82;15.22;13.66;16.46;8.07;1.55;2.8;0.93;1.55;0.31;0.62;0;12.2;0.93
57390;57;Lemberg;1118;886;860;290;119;132;152;47;11;73;10;13;12;1;0;232;4;33.72;13.84;15.35;17.67;5.47;1.28;8.49;1.16;1.51;1.4;0.12;0;20.75;0.47
57391;57;Lemoncourt;64;57;56;17;12;8;14;2;0;3;0;0;0;0;0;7;1;30.36;21.43;14.29;25;3.57;0;5.36;0;0;0;0;0;10.94;1.79
57392;57;Lemud;319;278;270;90;40;45;41;29;0;20;1;1;2;1;0;41;1;33.33;14.81;16.67;15.19;10.74;0;7.41;0.37;0.37;0.74;0.37;0;12.85;0.37
57393;57;Lengelsheim;161;122;113;32;12;18;25;11;4;7;0;1;3;0;0;39;3;28.32;10.62;15.93;22.12;9.73;3.54;6.19;0;0.88;2.65;0;0;24.22;2.65
57394;57;Léning;256;207;200;77;25;31;30;14;1;18;0;2;2;0;0;49;7;38.5;12.5;15.5;15;7;0.5;9;0;1;1;0;0;19.14;3.5
57395;57;Lesse;155;130;125;43;18;16;33;9;2;2;1;1;0;0;0;25;1;34.4;14.4;12.8;26.4;7.2;1.6;1.6;0.8;0.8;0;0;0;16.13;0.8
57396;57;Lessy;671;558;545;66;82;162;164;29;2;32;3;2;3;0;0;113;4;12.11;15.05;29.72;30.09;5.32;0.37;5.87;0.55;0.37;0.55;0;0;16.84;0.73
57397;57;Ley;92;77;76;10;10;17;31;5;0;2;0;0;1;0;0;15;0;13.16;13.16;22.37;40.79;6.58;0;2.63;0;0;1.32;0;0;16.3;0
57398;57;Leyviller;372;311;307;123;36;45;54;29;10;6;2;1;1;0;0;61;1;40.07;11.73;14.66;17.59;9.45;3.26;1.95;0.65;0.33;0.33;0;0;16.4;0.33
57399;57;Lezey;78;60;58;22;8;11;9;5;1;1;0;1;0;0;0;18;0;37.93;13.79;18.97;15.52;8.62;1.72;1.72;0;1.72;0;0;0;23.08;0
57401;57;Lidrezing;68;58;56;27;4;4;9;6;1;2;0;2;1;0;0;10;1;48.21;7.14;7.14;16.07;10.71;1.79;3.57;0;3.57;1.79;0;0;14.71;1.79
57402;57;Liederschiedt;78;54;52;7;4;19;8;5;1;4;1;3;0;0;0;24;1;13.46;7.69;36.54;15.38;9.62;1.92;7.69;1.92;5.77;0;0;0;30.77;1.92
57403;57;Liéhon;107;90;86;29;13;13;18;7;1;0;3;0;0;2;0;17;0;33.72;15.12;15.12;20.93;8.14;1.16;0;3.49;0;0;2.33;0;15.89;0
57404;57;Lindre-Basse;200;158;153;42;19;32;29;9;1;13;2;3;3;0;0;42;1;27.45;12.42;20.92;18.95;5.88;0.65;8.5;1.31;1.96;1.96;0;0;21;0.65
57405;57;Lindre-Haute;46;43;42;11;9;8;8;0;1;3;0;1;0;1;0;3;1;26.19;21.43;19.05;19.05;0;2.38;7.14;0;2.38;0;2.38;0;6.52;2.38
57406;57;Liocourt;112;89;88;23;19;19;14;7;0;1;2;0;1;2;0;23;0;26.14;21.59;21.59;15.91;7.95;0;1.14;2.27;0;1.14;2.27;0;20.54;0
57407;57;Lixheim;422;336;329;142;35;43;55;28;3;10;3;5;5;0;0;86;3;43.16;10.64;13.07;16.72;8.51;0.91;3.04;0.91;1.52;1.52;0;0;20.38;0.91
57408;57;Lixing-lès-Rouhling;726;562;543;161;68;107;102;55;8;16;11;6;9;0;0;164;3;29.65;12.52;19.71;18.78;10.13;1.47;2.95;2.03;1.1;1.66;0;0;22.59;0.55
57409;57;Lixing-lès-Saint-Avold;566;437;420;120;57;76;88;48;2;15;5;5;3;1;0;129;5;28.57;13.57;18.1;20.95;11.43;0.48;3.57;1.19;1.19;0.71;0.24;0;22.79;1.19
57410;57;Lhor;98;77;77;34;2;9;16;10;1;1;0;1;2;1;0;21;0;44.16;2.6;11.69;20.78;12.99;1.3;1.3;0;1.3;2.6;1.3;0;21.43;0
57411;57;Lommerange;236;182;176;69;27;24;28;12;4;7;1;0;3;1;0;54;0;39.2;15.34;13.64;15.91;6.82;2.27;3.98;0.57;0;1.7;0.57;0;22.88;0
57412;57;Longeville-lès-Metz;2924;2318;2265;413;376;596;594;95;11;136;20;11;9;4;0;606;6;18.23;16.6;26.31;26.23;4.19;0.49;6;0.88;0.49;0.4;0.18;0;20.73;0.26
57413;57;Longeville-lès-Saint-Avold;2865;2295;2216;771;315;394;366;203;21;82;26;18;14;6;0;570;16;34.79;14.21;17.78;16.52;9.16;0.95;3.7;1.17;0.81;0.63;0.27;0;19.9;0.72
57414;57;Lorquin;904;671;647;210;86;120;103;56;7;39;5;9;10;2;0;233;4;32.46;13.29;18.55;15.92;8.66;1.08;6.03;0.77;1.39;1.55;0.31;0;25.77;0.62
57415;57;Lorry-lès-Metz;1518;1278;1255;225;202;365;306;48;12;76;9;5;6;1;0;240;3;17.93;16.1;29.08;24.38;3.82;0.96;6.06;0.72;0.4;0.48;0.08;0;15.81;0.24
57416;57;Lorry-Mardigny;492;439;429;135;51;94;68;41;5;23;5;6;1;0;0;53;2;31.47;11.89;21.91;15.85;9.56;1.17;5.36;1.17;1.4;0.23;0;0;10.77;0.47
57417;57;Lostroff;65;57;54;22;3;8;15;4;0;0;0;0;2;0;0;8;0;40.74;5.56;14.81;27.78;7.41;0;0;0;0;3.7;0;0;12.31;0
57418;57;Loudrefing;259;206;201;94;28;38;14;12;5;4;1;4;1;0;0;53;1;46.77;13.93;18.91;6.97;5.97;2.49;1.99;0.5;1.99;0.5;0;0;20.46;0.5
57419;57;Loupershouse;832;630;615;192;96;113;107;49;13;27;5;5;7;1;0;202;5;31.22;15.61;18.37;17.4;7.97;2.11;4.39;0.81;0.81;1.14;0.16;0;24.28;0.81
57421;57;Loutzviller;106;81;80;26;5;13;21;5;1;1;0;3;5;0;0;25;0;32.5;6.25;16.25;26.25;6.25;1.25;1.25;0;3.75;6.25;0;0;23.58;0
57422;57;Louvigny;735;620;600;185;67;117;142;42;8;22;4;5;8;0;0;115;5;30.83;11.17;19.5;23.67;7;1.33;3.67;0.67;0.83;1.33;0;0;15.65;0.83
57423;57;Lubécourt;54;47;45;23;5;5;8;2;1;0;0;0;0;1;0;7;0;51.11;11.11;11.11;17.78;4.44;2.22;0;0;0;0;2.22;0;12.96;0
57424;57;Lucy;190;162;159;72;23;25;22;6;3;1;4;1;2;0;0;28;1;45.28;14.47;15.72;13.84;3.77;1.89;0.63;2.52;0.63;1.26;0;0;14.74;0.63
57425;57;Luppy;446;367;358;127;60;60;59;18;5;21;3;4;1;0;0;79;1;35.47;16.76;16.76;16.48;5.03;1.4;5.87;0.84;1.12;0.28;0;0;17.71;0.28
57426;57;Luttange;716;590;570;186;72;93;109;49;10;37;3;8;3;0;0;126;6;32.63;12.63;16.32;19.12;8.6;1.75;6.49;0.53;1.4;0.53;0;0;17.6;1.05
57427;57;Lutzelbourg;524;430;421;145;61;63;87;32;2;17;5;5;3;1;0;94;3;34.44;14.49;14.96;20.67;7.6;0.48;4.04;1.19;1.19;0.71;0.24;0;17.94;0.71
57428;57;Macheren;2431;1821;1777;490;345;370;323;86;19;80;17;23;20;4;0;610;8;27.57;19.41;20.82;18.18;4.84;1.07;4.5;0.96;1.29;1.13;0.23;0;25.09;0.45
57430;57;Mainvillers;253;210;205;63;32;47;30;17;3;7;0;2;4;0;0;43;2;30.73;15.61;22.93;14.63;8.29;1.46;3.41;0;0.98;1.95;0;0;17;0.98
57431;57;Maizeroy;262;222;217;40;45;66;34;11;2;13;0;3;3;0;0;40;2;18.43;20.74;30.41;15.67;5.07;0.92;5.99;0;1.38;1.38;0;0;15.27;0.92
57433;57;Maizières-lès-Metz;8403;6262;6073;1729;1440;1225;760;259;48;377;83;89;53;10;0;2141;40;28.47;23.71;20.17;12.51;4.26;0.79;6.21;1.37;1.47;0.87;0.16;0;25.48;0.66
57434;57;Maizières-lès-Vic;374;301;295;110;29;56;44;27;2;13;1;4;9;0;0;73;2;37.29;9.83;18.98;14.92;9.15;0.68;4.41;0.34;1.36;3.05;0;0;19.52;0.68
57436;57;Malaucourt-sur-Seille;114;94;93;24;14;19;17;8;2;5;0;4;0;0;0;20;0;25.81;15.05;20.43;18.28;8.6;2.15;5.38;0;4.3;0;0;0;17.54;0
57437;57;Malling;506;406;402;94;67;93;84;37;7;8;3;5;2;2;0;100;0;23.38;16.67;23.13;20.9;9.2;1.74;1.99;0.75;1.24;0.5;0.5;0;19.76;0
57438;57;Malroy;319;288;279;50;40;66;95;9;4;12;1;0;2;0;0;31;4;17.92;14.34;23.66;34.05;3.23;1.43;4.3;0.36;0;0.72;0;0;9.72;1.43
57439;57;Manderen;337;261;251;47;28;66;70;14;5;16;0;1;4;0;0;76;2;18.73;11.16;26.29;27.89;5.58;1.99;6.37;0;0.4;1.59;0;0;22.55;0.8
57440;57;Manhoué;131;102;101;32;16;25;18;3;2;4;0;1;0;0;0;29;0;31.68;15.84;24.75;17.82;2.97;1.98;3.96;0;0.99;0;0;0;22.14;0
57441;57;Manom;2528;1913;1852;332;354;491;334;120;17;119;19;38;20;8;0;615;9;17.93;19.11;26.51;18.03;6.48;0.92;6.43;1.03;2.05;1.08;0.43;0;24.33;0.49
57442;57;Many;217;167;161;60;20;34;30;6;2;7;1;1;0;0;0;50;4;37.27;12.42;21.12;18.63;3.73;1.24;4.35;0.62;0.62;0;0;0;23.04;2.48
57443;57;Marange-Silvange;4769;3752;3652;1077;772;831;411;193;21;216;35;44;43;9;0;1017;27;29.49;21.14;22.75;11.25;5.28;0.58;5.91;0.96;1.2;1.18;0.25;0;21.33;0.74
57444;57;Marange-Zondrange;236;203;200;85;24;26;30;20;4;7;1;2;0;1;0;33;0;42.5;12;13;15;10;2;3.5;0.5;1;0;0.5;0;13.98;0
57445;57;Marieulles;572;501;491;121;80;116;107;25;11;16;4;4;6;1;0;71;2;24.64;16.29;23.63;21.79;5.09;2.24;3.26;0.81;0.81;1.22;0.2;0;12.41;0.41
57446;57;Marimont-lès-Bénestroff;43;35;34;11;0;4;13;3;0;1;0;1;1;0;0;8;0;32.35;0;11.76;38.24;8.82;0;2.94;0;2.94;2.94;0;0;18.6;0
57447;57;Marly;8475;6861;6707;1294;866;1711;1889;386;55;374;51;51;22;8;0;1614;28;19.29;12.91;25.51;28.16;5.76;0.82;5.58;0.76;0.76;0.33;0.12;0;19.04;0.42
57448;57;Marsal;232;181;174;41;23;46;28;18;5;6;3;1;1;2;0;51;2;23.56;13.22;26.44;16.09;10.34;2.87;3.45;1.72;0.57;0.57;1.15;0;21.98;1.15
57449;57;Marsilly;433;368;356;90;59;95;72;11;2;16;3;5;0;3;0;65;1;25.28;16.57;26.69;20.22;3.09;0.56;4.49;0.84;1.4;0;0.84;0;15.01;0.28
57451;57;Marthille;162;136;134;45;21;20;31;12;1;1;0;1;2;0;0;26;0;33.58;15.67;14.93;23.13;8.96;0.75;0.75;0;0.75;1.49;0;0;16.05;0
57452;57;La Maxe;754;620;611;145;108;126;139;41;6;30;8;4;3;1;0;134;1;23.73;17.68;20.62;22.75;6.71;0.98;4.91;1.31;0.65;0.49;0.16;0;17.77;0.16
57453;57;Maxstadt;246;200;195;77;24;29;30;16;0;13;2;3;1;0;0;46;2;39.49;12.31;14.87;15.38;8.21;0;6.67;1.03;1.54;0.51;0;0;18.7;1.03
57454;57;Mécleuves;1037;900;865;197;134;204;195;51;11;51;8;7;6;1;0;137;6;22.77;15.49;23.58;22.54;5.9;1.27;5.9;0.92;0.81;0.69;0.12;0;13.21;0.69
57455;57;Mégange;140;106;105;41;23;24;4;6;2;5;0;0;0;0;0;34;0;39.05;21.9;22.86;3.81;5.71;1.9;4.76;0;0;0;0;0;24.29;0
57456;57;Meisenthal;596;499;490;110;66;127;98;26;14;31;4;4;9;1;0;97;0;22.45;13.47;25.92;20;5.31;2.86;6.33;0.82;0.82;1.84;0.2;0;16.28;0
57457;57;Menskirch;111;90;87;41;6;14;14;5;0;5;2;0;0;0;0;21;1;47.13;6.9;16.09;16.09;5.75;0;5.75;2.3;0;0;0;0;18.92;1.15
57459;57;Merschweiller;174;143;141;32;15;34;37;5;3;5;4;5;1;0;0;31;1;22.7;10.64;24.11;26.24;3.55;2.13;3.55;2.84;3.55;0.71;0;0;17.82;0.71
57460;57;Merten;1004;762;744;267;83;165;123;47;11;27;2;13;5;1;0;242;1;35.89;11.16;22.18;16.53;6.32;1.48;3.63;0.27;1.75;0.67;0.13;0;24.1;0.13
57461;57;Métairies-Saint-Quirin;239;189;181;87;13;23;26;15;4;6;1;4;2;0;0;50;3;48.07;7.18;12.71;14.36;8.29;2.21;3.31;0.55;2.21;1.1;0;0;20.92;1.66
57462;57;Metting;271;250;248;106;26;41;30;29;1;9;3;2;0;1;0;21;1;42.74;10.48;16.53;12.1;11.69;0.4;3.63;1.21;0.81;0;0.4;0;7.75;0.4
57463;57;Metz;70861;49878;48900;9172;9991;13050;9194;1892;352;3809;530;527;280;103;0;20983;267;18.76;20.43;26.69;18.8;3.87;0.72;7.79;1.08;1.08;0.57;0.21;0;29.61;0.55
57464;57;Metzeresche;695;590;575;163;99;127;89;43;1;37;6;6;3;1;0;105;4;28.35;17.22;22.09;15.48;7.48;0.17;6.43;1.04;1.04;0.52;0.17;0;15.11;0.7
57465;57;Metzervisse;1611;1304;1255;337;201;299;220;87;16;58;16;11;7;3;0;307;10;26.85;16.02;23.82;17.53;6.93;1.27;4.62;1.27;0.88;0.56;0.24;0;19.06;0.8
57466;57;Metzing;512;408;397;133;72;66;64;32;6;9;1;6;7;1;0;104;5;33.5;18.14;16.62;16.12;8.06;1.51;2.27;0.25;1.51;1.76;0.25;0;20.31;1.26
57467;57;Mey;225;187;179;42;24;53;36;8;1;8;2;2;2;1;0;38;0;23.46;13.41;29.61;20.11;4.47;0.56;4.47;1.12;1.12;1.12;0.56;0;16.89;0
57468;57;Mittelbronn;552;466;451;163;54;74;97;36;8;12;2;3;1;1;0;86;1;36.14;11.97;16.41;21.51;7.98;1.77;2.66;0.44;0.67;0.22;0.22;0;15.58;0.22
57469;57;Mittersheim;460;378;371;150;27;65;76;21;1;10;9;7;4;1;0;82;1;40.43;7.28;17.52;20.49;5.66;0.27;2.7;2.43;1.89;1.08;0.27;0;17.83;0.27
57470;57;Molring;10;8;8;2;0;0;0;4;2;0;0;0;0;0;0;2;0;25;0;0;0;50;25;0;0;0;0;0;0;20;0
57471;57;Momerstroff;215;173;169;54;17;30;43;11;1;9;3;1;0;0;0;42;0;31.95;10.06;17.75;25.44;6.51;0.59;5.33;1.78;0.59;0;0;0;19.53;0
57472;57;Moncheux;94;79;78;28;10;21;8;3;0;6;0;0;1;1;0;15;1;35.9;12.82;26.92;10.26;3.85;0;7.69;0;0;1.28;1.28;0;15.96;1.28
57473;57;Moncourt;60;52;51;13;7;12;10;3;1;1;0;1;3;0;0;8;0;25.49;13.73;23.53;19.61;5.88;1.96;1.96;0;1.96;5.88;0;0;13.33;0
57474;57;Mondelange;4163;3159;3069;892;694;628;423;134;28;160;28;45;32;5;0;1004;12;29.06;22.61;20.46;13.78;4.37;0.91;5.21;0.91;1.47;1.04;0.16;0;24.12;0.39
57475;57;Mondorff;310;234;228;51;29;72;47;11;5;8;0;2;2;1;0;76;0;22.37;12.72;31.58;20.61;4.82;2.19;3.51;0;0.88;0.88;0.44;0;24.52;0
57476;57;Monneren;265;224;218;89;23;43;29;15;2;9;6;1;1;0;0;41;1;40.83;10.55;19.72;13.3;6.88;0.92;4.13;2.75;0.46;0.46;0;0;15.47;0.46
57477;57;Montbronn;1267;1031;1016;318;147;181;176;64;30;59;6;21;11;3;0;236;3;31.3;14.47;17.81;17.32;6.3;2.95;5.81;0.59;2.07;1.08;0.3;0;18.63;0.3
57478;57;Montdidier;61;48;48;15;10;8;7;1;2;2;2;1;0;0;0;13;0;31.25;20.83;16.67;14.58;2.08;4.17;4.17;4.17;2.08;0;0;0;21.31;0
57479;57;Montenach;349;290;282;84;37;51;55;26;8;11;3;3;3;1;0;59;3;29.79;13.12;18.09;19.5;9.22;2.84;3.9;1.06;1.06;1.06;0.35;0;16.91;1.06
57480;57;Montigny-lès-Metz;15415;11609;11352;2529;2177;2665;2274;513;97;749;124;105;94;25;0;3806;64;22.28;19.18;23.48;20.03;4.52;0.85;6.6;1.09;0.92;0.83;0.22;0;24.69;0.56
57481;57;Montois-la-Montagne;1968;1571;1539;516;324;320;185;75;10;69;12;11;17;0;0;397;5;33.53;21.05;20.79;12.02;4.87;0.65;4.48;0.78;0.71;1.1;0;0;20.17;0.32
57482;57;Ogy-Montoy-Flanville;1454;1189;1167;290;167;291;241;72;5;69;12;14;3;3;0;265;2;24.85;14.31;24.94;20.65;6.17;0.43;5.91;1.03;1.2;0.26;0.26;0;18.23;0.17
57483;57;Morhange;2434;1738;1703;495;333;337;275;86;9;104;30;18;13;3;0;696;16;29.07;19.55;19.79;16.15;5.05;0.53;6.11;1.76;1.06;0.76;0.18;0;28.59;0.94
57484;57;Morsbach;1980;1522;1489;597;268;230;191;75;17;60;16;17;13;5;0;458;7;40.09;18;15.45;12.83;5.04;1.14;4.03;1.07;1.14;0.87;0.34;0;23.13;0.47
57485;57;Morville-lès-Vic;98;73;72;28;4;6;19;6;6;1;0;0;2;0;0;25;0;38.89;5.56;8.33;26.39;8.33;8.33;1.39;0;0;2.78;0;0;25.51;0
57486;57;Morville-sur-Nied;96;79;78;21;20;12;18;4;0;1;0;1;1;0;0;17;1;26.92;25.64;15.38;23.08;5.13;0;1.28;0;1.28;1.28;0;0;17.71;1.28
57487;57;Moulins-lès-Metz;3744;2900;2850;654;541;679;561;157;18;155;23;31;24;7;0;844;7;22.95;18.98;23.82;19.68;5.51;0.63;5.44;0.81;1.09;0.84;0.25;0;22.54;0.25
57488;57;Moussey;436;364;356;145;50;62;50;20;3;16;3;1;4;2;0;72;1;40.73;14.04;17.42;14.04;5.62;0.84;4.49;0.84;0.28;1.12;0.56;0;16.51;0.28
57489;57;Mouterhouse;237;196;188;102;18;34;17;9;1;5;0;1;1;0;0;41;0;54.26;9.57;18.09;9.04;4.79;0.53;2.66;0;0.53;0.53;0;0;17.3;0
57490;57;Moyenvic;267;228;221;72;23;35;52;12;2;14;5;3;2;1;0;39;0;32.58;10.41;15.84;23.53;5.43;0.9;6.33;2.26;1.36;0.9;0.45;0;14.61;0
57491;57;Moyeuvre-Grande;5815;4006;3883;1262;1200;630;264;138;22;231;32;60;38;6;0;1809;42;32.5;30.9;16.22;6.8;3.55;0.57;5.95;0.82;1.55;0.98;0.15;0;31.11;1.08
57492;57;Moyeuvre-Petite;360;285;274;116;40;42;29;11;4;15;0;10;6;1;0;75;3;42.34;14.6;15.33;10.58;4.01;1.46;5.47;0;3.65;2.19;0.36;0;20.83;1.09
57493;57;Mulcey;193;147;142;42;19;30;24;9;1;6;3;1;6;1;0;46;2;29.58;13.38;21.13;16.9;6.34;0.7;4.23;2.11;0.7;4.23;0.7;0;23.83;1.41
57494;57;Munster;175;142;138;55;16;15;24;18;3;1;2;2;2;0;0;33;1;39.86;11.59;10.87;17.39;13.04;2.17;0.72;1.45;1.45;1.45;0;0;18.86;0.72
57495;57;Narbéfontaine;106;91;91;22;13;15;21;2;0;11;4;2;1;0;0;15;0;24.18;14.29;16.48;23.08;2.2;0;12.09;4.4;2.2;1.1;0;0;14.15;0
57496;57;Nébing;266;211;210;59;41;47;30;17;2;7;3;0;4;0;0;55;1;28.1;19.52;22.38;14.29;8.1;0.95;3.33;1.43;0;1.9;0;0;20.68;0.48
57497;57;Nelling;225;179;175;79;18;27;27;6;3;6;5;4;0;0;0;46;1;45.14;10.29;15.43;15.43;3.43;1.71;3.43;2.86;2.29;0;0;0;20.44;0.57
57498;57;Neufchef;2014;1627;1595;449;318;348;250;98;12;64;19;23;13;1;0;387;7;28.15;19.94;21.82;15.67;6.14;0.75;4.01;1.19;1.44;0.82;0.06;0;19.22;0.44
57499;57;Neufgrange;1087;859;832;242;94;143;201;65;18;30;13;9;12;5;0;228;3;29.09;11.3;17.19;24.16;7.81;2.16;3.61;1.56;1.08;1.44;0.6;0;20.98;0.36
57500;57;Neufmoulins;36;31;31;8;2;6;10;2;0;2;0;1;0;0;0;5;0;25.81;6.45;19.35;32.26;6.45;0;6.45;0;3.23;0;0;0;13.89;0
57501;57;Neufvillage;46;33;33;16;3;5;1;2;0;2;0;2;1;1;0;13;0;48.48;9.09;15.15;3.03;6.06;0;6.06;0;6.06;3.03;3.03;0;28.26;0
57502;57;Neunkirchen-lès-Bouzonville;182;150;146;24;23;44;19;13;6;9;0;2;6;0;0;32;0;16.44;15.75;30.14;13.01;8.9;4.11;6.16;0;1.37;4.11;0;0;17.58;0
57504;57;Niderhoff;239;194;184;74;22;24;39;12;3;6;1;2;1;0;0;45;2;40.22;11.96;13.04;21.2;6.52;1.63;3.26;0.54;1.09;0.54;0;0;18.83;1.09
57505;57;Niderviller;923;743;726;242;83;100;177;63;10;34;3;4;9;1;0;180;5;33.33;11.43;13.77;24.38;8.68;1.38;4.68;0.41;0.55;1.24;0.14;0;19.5;0.69
57506;57;Niederstinzel;216;170;163;63;11;32;32;11;5;4;3;1;1;0;0;46;2;38.65;6.75;19.63;19.63;6.75;3.07;2.45;1.84;0.61;0.61;0;0;21.3;1.23
57507;57;Niedervisse;205;180;171;59;22;28;31;10;3;9;0;7;1;1;0;25;0;34.5;12.87;16.37;18.13;5.85;1.75;5.26;0;4.09;0.58;0.58;0;12.2;0
57508;57;Nilvange;3658;2453;2384;749;604;470;199;104;17;154;27;31;23;6;0;1205;26;31.42;25.34;19.71;8.35;4.36;0.71;6.46;1.13;1.3;0.96;0.25;0;32.94;1.09
57509;57;Nitting;413;336;326;116;37;54;67;19;7;13;5;3;4;1;0;77;1;35.58;11.35;16.56;20.55;5.83;2.15;3.99;1.53;0.92;1.23;0.31;0;18.64;0.31
57510;57;Noisseville;881;717;710;181;101;172;144;47;6;37;15;5;1;1;0;164;1;25.49;14.23;24.23;20.28;6.62;0.85;5.21;2.11;0.7;0.14;0.14;0;18.62;0.14
57511;57;Norroy-le-Veneur;860;672;658;154;105;184;115;38;8;30;13;5;6;0;0;188;5;23.4;15.96;27.96;17.48;5.78;1.22;4.56;1.98;0.76;0.91;0;0;21.86;0.76
57512;57;Nouilly;476;412;400;74;43;121;98;34;4;17;7;1;1;0;0;64;0;18.5;10.75;30.25;24.5;8.5;1;4.25;1.75;0.25;0.25;0;0;13.45;0
57513;57;Nousseviller-lès-Bitche;126;108;107;44;8;18;13;4;8;8;1;1;1;1;0;18;0;41.12;7.48;16.82;12.15;3.74;7.48;7.48;0.93;0.93;0.93;0.93;0;14.29;0
57514;57;Nousseviller-Saint-Nabor;891;729;706;263;98;133;109;56;8;15;4;11;7;2;0;162;3;37.25;13.88;18.84;15.44;7.93;1.13;2.12;0.57;1.56;0.99;0.28;0;18.18;0.42
57515;57;Novéant-sur-Moselle;1402;1089;1056;282;238;213;129;72;9;60;13;17;19;4;0;313;4;26.7;22.54;20.17;12.22;6.82;0.85;5.68;1.23;1.61;1.8;0.38;0;22.33;0.38
57516;57;Oberdorff;327;259;252;72;42;71;26;16;0;14;4;4;3;0;0;68;1;28.57;16.67;28.17;10.32;6.35;0;5.56;1.59;1.59;1.19;0;0;20.8;0.4
57517;57;Obergailbach;224;182;168;52;9;47;28;17;2;5;5;1;2;0;0;42;1;30.95;5.36;27.98;16.67;10.12;1.19;2.98;2.98;0.6;1.19;0;0;18.75;0.6
57518;57;Oberstinzel;273;219;218;70;32;39;40;25;3;4;4;1;0;0;0;54;0;32.11;14.68;17.89;18.35;11.47;1.38;1.83;1.83;0.46;0;0;0;19.78;0
57519;57;Obervisse;127;106;106;28;9;30;20;9;2;4;2;0;2;0;0;21;0;26.42;8.49;28.3;18.87;8.49;1.89;3.77;1.89;0;1.89;0;0;16.54;0
57520;57;Obreck;37;31;29;9;7;3;3;3;1;3;0;0;0;0;0;6;0;31.03;24.14;10.34;10.34;10.34;3.45;10.34;0;0;0;0;0;16.22;0
57521;57;OEting;1835;1393;1363;393;180;266;307;103;17;60;14;9;12;2;0;442;14;28.83;13.21;19.52;22.52;7.56;1.25;4.4;1.03;0.66;0.88;0.15;0;24.09;1.03
57524;57;Ommeray;89;75;75;17;10;18;17;7;2;3;1;0;0;0;0;14;0;22.67;13.33;24;22.67;9.33;2.67;4;1.33;0;0;0;0;15.73;0
57525;57;Oriocourt;51;36;36;11;2;5;17;0;0;1;0;0;0;0;0;15;0;30.56;5.56;13.89;47.22;0;0;2.78;0;0;0;0;0;29.41;0
57526;57;Ormersviller;263;215;210;77;24;36;33;22;8;8;1;1;0;0;0;48;0;36.67;11.43;17.14;15.71;10.48;3.81;3.81;0.48;0.48;0;0;0;18.25;0
57527;57;Orny;257;218;212;63;21;53;43;11;2;11;3;2;2;1;0;39;0;29.72;9.91;25;20.28;5.19;0.94;5.19;1.42;0.94;0.94;0.47;0;15.18;0
57528;57;Oron;84;66;64;23;7;10;14;4;1;3;0;0;0;2;0;18;0;35.94;10.94;15.63;21.88;6.25;1.56;4.69;0;0;0;3.13;0;21.43;0
57529;57;Ottange;1834;1304;1279;370;290;281;148;65;13;58;16;20;15;3;0;530;2;28.93;22.67;21.97;11.57;5.08;1.02;4.53;1.25;1.56;1.17;0.23;0;28.9;0.16
57530;57;Ottonville;348;299;287;95;49;54;42;17;4;17;2;1;5;1;0;49;5;33.1;17.07;18.82;14.63;5.92;1.39;5.92;0.7;0.35;1.74;0.35;0;14.08;1.74
57531;57;Oudrenne;616;501;482;150;56;98;88;34;8;23;2;13;7;3;0;115;5;31.12;11.62;20.33;18.26;7.05;1.66;4.77;0.41;2.7;1.45;0.62;0;18.67;1.04
57532;57;Pagny-lès-Goin;150;126;124;47;17;15;24;11;0;5;1;2;2;0;0;24;0;37.9;13.71;12.1;19.35;8.87;0;4.03;0.81;1.61;1.61;0;0;16;0
57533;57;Pange;787;677;663;136;99;195;145;33;5;36;3;5;5;1;0;110;2;20.51;14.93;29.41;21.87;4.98;0.75;5.43;0.45;0.75;0.75;0.15;0;13.98;0.3
57534;57;Peltre;1367;1184;1159;210;156;323;318;51;11;68;7;10;4;1;0;183;5;18.12;13.46;27.87;27.44;4.4;0.95;5.87;0.6;0.86;0.35;0.09;0;13.39;0.43
57535;57;Petit-Réderching;1215;1001;968;314;104;185;201;52;20;37;18;13;20;4;0;214;6;32.44;10.74;19.11;20.76;5.37;2.07;3.82;1.86;1.34;2.07;0.41;0;17.61;0.62
57536;57;Petit-Tenquin;192;162;159;44;21;21;37;24;0;4;4;2;2;0;0;30;3;27.67;13.21;13.21;23.27;15.09;0;2.52;2.52;1.26;1.26;0;0;15.63;1.89
57537;57;Petite-Rosselle;4347;3082;3020;1256;528;466;371;150;30;127;15;40;28;9;0;1265;34;41.59;17.48;15.43;12.28;4.97;0.99;4.21;0.5;1.32;0.93;0.3;0;29.1;1.13
57538;57;Pettoncourt;250;205;204;57;43;26;51;15;2;6;2;2;0;0;0;45;0;27.94;21.08;12.75;25;7.35;0.98;2.94;0.98;0.98;0;0;0;18;0
57539;57;Pévange;47;42;42;13;4;8;9;6;0;0;0;0;2;0;0;5;0;30.95;9.52;19.05;21.43;14.29;0;0;0;0;4.76;0;0;10.64;0
57540;57;Phalsbourg;3307;2597;2542;694;405;519;503;216;35;96;22;24;22;6;0;710;22;27.3;15.93;20.42;19.79;8.5;1.38;3.78;0.87;0.94;0.87;0.24;0;21.47;0.87
57541;57;Philippsbourg;485;395;384;151;59;63;42;37;7;16;1;3;3;2;0;90;3;39.32;15.36;16.41;10.94;9.64;1.82;4.17;0.26;0.78;0.78;0.52;0;18.56;0.78
57542;57;Piblange;678;551;544;219;93;85;65;33;5;29;2;7;3;3;0;127;1;40.26;17.1;15.63;11.95;6.07;0.92;5.33;0.37;1.29;0.55;0.55;0;18.73;0.18
57543;57;Pierrevillers;1139;963;936;279;148;234;126;56;7;60;9;11;5;1;0;176;4;29.81;15.81;25;13.46;5.98;0.75;6.41;0.96;1.18;0.53;0.11;0;15.45;0.43
57544;57;Plaine-de-Walsch;489;393;383;166;41;59;53;37;8;10;0;5;3;1;0;96;1;43.34;10.7;15.4;13.84;9.66;2.09;2.61;0;1.31;0.78;0.26;0;19.63;0.26
57545;57;Plappeville;1833;1540;1518;180;187;528;450;60;10;70;17;6;8;2;0;293;2;11.86;12.32;34.78;29.64;3.95;0.66;4.61;1.12;0.4;0.53;0.13;0;15.98;0.13
57546;57;Plesnois;677;586;564;115;73;166;136;21;6;36;4;3;2;2;0;91;5;20.39;12.94;29.43;24.11;3.72;1.06;6.38;0.71;0.53;0.35;0.35;0;13.44;0.89
57547;57;Pommérieux;590;475;461;119;69;97;88;47;2;27;5;1;4;2;0;115;2;25.81;14.97;21.04;19.09;10.2;0.43;5.86;1.08;0.22;0.87;0.43;0;19.49;0.43
57548;57;Pontoy;433;350;338;104;45;70;57;27;5;20;1;4;3;2;0;83;2;30.77;13.31;20.71;16.86;7.99;1.48;5.92;0.3;1.18;0.89;0.59;0;19.17;0.59
57549;57;Pontpierre;571;463;449;143;78;75;90;26;4;18;5;6;4;0;0;108;2;31.85;17.37;16.7;20.04;5.79;0.89;4.01;1.11;1.34;0.89;0;0;18.91;0.45
57550;57;Porcelette;2203;1717;1680;551;259;295;282;135;21;94;13;21;7;2;0;486;3;32.8;15.42;17.56;16.79;8.04;1.25;5.6;0.77;1.25;0.42;0.12;0;22.06;0.18
57551;57;Postroff;144;125;122;25;11;26;17;16;3;9;1;7;7;0;0;19;0;20.49;9.02;21.31;13.93;13.11;2.46;7.38;0.82;5.74;5.74;0;0;13.19;0
57552;57;Pouilly;543;471;459;91;70;104;122;34;9;23;3;2;1;0;0;72;2;19.83;15.25;22.66;26.58;7.41;1.96;5.01;0.65;0.44;0.22;0;0;13.26;0.44
57553;57;Pournoy-la-Chétive;525;438;427;122;40;116;89;31;4;16;1;5;2;1;0;87;1;28.57;9.37;27.17;20.84;7.26;0.94;3.75;0.23;1.17;0.47;0.23;0;16.57;0.23
57554;57;Pournoy-la-Grasse;443;395;389;111;34;92;97;28;1;19;1;5;0;1;0;48;0;28.53;8.74;23.65;24.94;7.2;0.26;4.88;0.26;1.29;0;0.26;0;10.84;0
57555;57;Prévocourt;85;78;77;17;14;14;13;5;4;8;0;1;1;0;0;7;0;22.08;18.18;18.18;16.88;6.49;5.19;10.39;0;1.3;1.3;0;0;8.24;0
57556;57;Puttelange-aux-Lacs;2078;1559;1516;528;246;245;250;108;14;55;27;26;9;8;0;519;9;34.83;16.23;16.16;16.49;7.12;0.92;3.63;1.78;1.72;0.59;0.53;0;24.98;0.59
57557;57;Puttelange-lès-Thionville;658;502;487;136;56;113;104;39;5;18;5;6;4;1;0;156;3;27.93;11.5;23.2;21.36;8.01;1.03;3.7;1.03;1.23;0.82;0.21;0;23.71;0.62
57558;57;Puttigny;76;60;58;24;5;7;15;1;1;3;0;1;1;0;0;16;0;41.38;8.62;12.07;25.86;1.72;1.72;5.17;0;1.72;1.72;0;0;21.05;0
57559;57;Puzieux;152;125;123;30;20;37;13;10;2;9;0;2;0;0;0;27;0;24.39;16.26;30.08;10.57;8.13;1.63;7.32;0;1.63;0;0;0;17.76;0
57560;57;Racrange;440;358;353;94;57;83;68;22;2;10;10;3;4;0;0;82;0;26.63;16.15;23.51;19.26;6.23;0.57;2.83;2.83;0.85;1.13;0;0;18.64;0
57561;57;Rahling;651;532;517;225;53;61;93;39;6;22;2;7;9;0;0;119;3;43.52;10.25;11.8;17.99;7.54;1.16;4.26;0.39;1.35;1.74;0;0;18.28;0.58
57562;57;Ranguevaux;560;461;449;130;79;95;88;19;4;20;4;8;1;1;0;99;1;28.95;17.59;21.16;19.6;4.23;0.89;4.45;0.89;1.78;0.22;0.22;0;17.68;0.22
57563;57;Raville;197;163;155;53;19;41;21;6;2;10;3;0;0;0;0;34;0;34.19;12.26;26.45;13.55;3.87;1.29;6.45;1.94;0;0;0;0;17.26;0
57564;57;Réchicourt-le-Château;495;374;366;151;51;66;49;17;6;18;1;1;6;0;0;121;2;41.26;13.93;18.03;13.39;4.64;1.64;4.92;0.27;0.27;1.64;0;0;24.44;0.55
57565;57;Rédange;568;427;419;91;126;76;54;20;7;21;6;11;2;5;0;141;0;21.72;30.07;18.14;12.89;4.77;1.67;5.01;1.43;2.63;0.48;1.19;0;24.82;0
57566;57;Réding;1941;1606;1567;515;154;312;307;149;16;66;13;14;16;5;0;335;5;32.87;9.83;19.91;19.59;9.51;1.02;4.21;0.83;0.89;1.02;0.32;0;17.26;0.32
57567;57;Rémelfang;142;100;99;35;11;14;15;14;0;3;1;2;4;0;0;42;0;35.35;11.11;14.14;15.15;14.14;0;3.03;1.01;2.02;4.04;0;0;29.58;0
57568;57;Rémelfing;1113;878;836;294;111;128;161;66;12;28;8;16;9;3;0;235;7;35.17;13.28;15.31;19.26;7.89;1.44;3.35;0.96;1.91;1.08;0.36;0;21.11;0.84
57569;57;Rémeling;203;170;162;52;20;26;38;10;5;7;0;1;1;2;0;33;1;32.1;12.35;16.05;23.46;6.17;3.09;4.32;0;0.62;0.62;1.23;0;16.26;0.62
57570;57;Rémering;315;258;249;71;21;62;50;30;1;10;0;3;0;1;0;57;2;28.51;8.43;24.9;20.08;12.05;0.4;4.02;0;1.2;0;0.4;0;18.1;0.8
57571;57;Rémering-lès-Puttelange;853;659;635;238;90;115;103;48;2;26;1;6;5;1;0;194;8;37.48;14.17;18.11;16.22;7.56;0.31;4.09;0.16;0.94;0.79;0.16;0;22.74;1.26
57572;57;Rémilly;1708;1358;1330;402;170;271;262;113;15;60;10;12;13;2;0;350;6;30.23;12.78;20.38;19.7;8.5;1.13;4.51;0.75;0.9;0.98;0.15;0;20.49;0.45
57573;57;Réning;118;98;92;42;4;5;22;10;3;2;2;0;1;1;0;20;0;45.65;4.35;5.43;23.91;10.87;3.26;2.17;2.17;0;1.09;1.09;0;16.95;0
57574;57;Basse-Rentgen;325;262;254;38;28;98;56;14;2;7;3;3;2;3;0;63;2;14.96;11.02;38.58;22.05;5.51;0.79;2.76;1.18;1.18;0.79;1.18;0;19.38;0.79
57575;57;Retonfey;1149;963;938;216;128;233;213;74;6;50;6;7;4;1;0;186;9;23.03;13.65;24.84;22.71;7.89;0.64;5.33;0.64;0.75;0.43;0.11;0;16.19;0.96
57576;57;Rettel;539;469;455;134;57;87;92;30;10;27;7;5;6;0;0;70;4;29.45;12.53;19.12;20.22;6.59;2.2;5.93;1.54;1.1;1.32;0;0;12.99;0.88
57577;57;Reyersviller;336;275;269;99;21;38;72;13;5;17;0;1;3;0;0;61;1;36.8;7.81;14.13;26.77;4.83;1.86;6.32;0;0.37;1.12;0;0;18.15;0.37
57578;57;Rezonville;276;249;238;66;47;43;49;11;4;7;5;1;4;1;0;27;4;27.73;19.75;18.07;20.59;4.62;1.68;2.94;2.1;0.42;1.68;0.42;0;9.78;1.68
57579;57;Rhodes;98;89;89;22;14;9;33;4;3;3;0;0;1;0;0;9;0;24.72;15.73;10.11;37.08;4.49;3.37;3.37;0;0;1.12;0;0;9.18;0
57580;57;Riche;156;133;128;43;17;17;20;8;2;16;1;4;0;0;0;23;2;33.59;13.28;13.28;15.63;6.25;1.56;12.5;0.78;3.13;0;0;0;14.74;1.56
57581;57;Richeling;261;228;223;102;23;28;28;18;3;10;2;5;3;1;0;33;5;45.74;10.31;12.56;12.56;8.07;1.35;4.48;0.9;2.24;1.35;0.45;0;12.64;2.24
57582;57;Richemont;1709;1296;1257;343;247;306;168;63;16;74;15;13;6;6;0;413;10;27.29;19.65;24.34;13.37;5.01;1.27;5.89;1.19;1.03;0.48;0.48;0;24.17;0.8
57583;57;Richeval;109;92;90;46;1;9;22;3;0;5;1;2;1;0;0;17;0;51.11;1.11;10;24.44;3.33;0;5.56;1.11;2.22;1.11;0;0;15.6;0
57584;57;Rimling;445;363;355;105;28;80;73;26;5;22;2;5;8;1;0;82;3;29.58;7.89;22.54;20.56;7.32;1.41;6.2;0.56;1.41;2.25;0.28;0;18.43;0.85
57585;57;Ritzing;137;103;100;22;26;17;13;9;1;4;3;2;1;2;0;34;2;22;26;17;13;9;1;4;3;2;1;2;0;24.82;2
57586;57;Rochonvillers;133;110;107;33;18;15;20;5;3;12;0;1;0;0;0;23;0;30.84;16.82;14.02;18.69;4.67;2.8;11.21;0;0.93;0;0;0;17.29;0
57587;57;Rodalbe;211;170;165;64;16;25;25;13;1;5;14;2;0;0;0;41;0;38.79;9.7;15.15;15.15;7.88;0.61;3.03;8.48;1.21;0;0;0;19.43;0
57588;57;Rodemack;825;692;671;90;109;226;151;33;10;35;4;6;5;2;0;133;6;13.41;16.24;33.68;22.5;4.92;1.49;5.22;0.6;0.89;0.75;0.3;0;16.12;0.89
57589;57;Rohrbach-lès-Bitche;1784;1437;1395;455;164;236;322;79;33;51;13;22;20;0;0;347;10;32.62;11.76;16.92;23.08;5.66;2.37;3.66;0.93;1.58;1.43;0;0;19.45;0.72
57590;57;Rolbing;151;122;120;39;7;23;32;6;4;5;0;2;2;0;0;29;0;32.5;5.83;19.17;26.67;5;3.33;4.17;0;1.67;1.67;0;0;19.21;0
57591;57;Rombas;6649;4800;4689;1367;1179;909;548;182;33;279;66;71;49;6;0;1849;31;29.15;25.14;19.39;11.69;3.88;0.7;5.95;1.41;1.51;1.04;0.13;0;27.81;0.66
57592;57;Romelfing;289;246;240;85;28;40;40;15;4;15;1;8;4;0;0;43;1;35.42;11.67;16.67;16.67;6.25;1.67;6.25;0.42;3.33;1.67;0;0;14.88;0.42
57593;57;Roncourt;718;612;603;257;109;87;75;19;5;30;6;9;5;1;0;106;2;42.62;18.08;14.43;12.44;3.15;0.83;4.98;1;1.49;0.83;0.17;0;14.76;0.33
57594;57;Roppeviller;81;69;68;28;4;5;26;1;3;0;0;0;1;0;0;12;0;41.18;5.88;7.35;38.24;1.47;4.41;0;0;0;1.47;0;0;14.81;0
57595;57;Rorbach-lès-Dieuze;39;30;28;13;3;2;3;4;2;1;0;0;0;0;0;9;0;46.43;10.71;7.14;10.71;14.29;7.14;3.57;0;0;0;0;0;23.08;0
57596;57;Rosbruck;611;434;422;144;56;73;87;27;2;20;2;6;3;2;0;177;2;34.12;13.27;17.3;20.62;6.4;0.47;4.74;0.47;1.42;0.71;0.47;0;28.97;0.47
57597;57;Rosselange;1983;1374;1333;493;343;225;88;51;12;68;8;24;19;2;0;609;6;36.98;25.73;16.88;6.6;3.83;0.9;5.1;0.6;1.8;1.43;0.15;0;30.71;0.45
57598;57;Rouhling;1622;1289;1248;396;223;251;149;110;16;54;12;22;15;0;0;333;19;31.73;17.87;20.11;11.94;8.81;1.28;4.33;0.96;1.76;1.2;0;0;20.53;1.52
57599;57;Roupeldange;281;231;221;77;25;44;43;10;5;7;3;7;0;0;0;50;4;34.84;11.31;19.91;19.46;4.52;2.26;3.17;1.36;3.17;0;0;0;17.79;1.81
57600;57;Roussy-le-Village;929;748;730;166;103;206;153;52;7;21;7;9;3;3;0;181;6;22.74;14.11;28.22;20.96;7.12;0.96;2.88;0.96;1.23;0.41;0.41;0;19.48;0.82
57601;57;Rozérieulles;1199;940;928;189;114;265;248;41;6;44;6;6;6;3;0;259;4;20.37;12.28;28.56;26.72;4.42;0.65;4.74;0.65;0.65;0.65;0.32;0;21.6;0.43
57602;57;Rurange-lès-Thionville;1901;1592;1543;371;235;416;285;120;11;51;20;16;13;5;0;309;12;24.04;15.23;26.96;18.47;7.78;0.71;3.31;1.3;1.04;0.84;0.32;0;16.25;0.78
57603;57;Russange;770;625;608;128;126;151;116;29;6;30;8;11;3;0;0;145;3;21.05;20.72;24.84;19.08;4.77;0.99;4.93;1.32;1.81;0.49;0;0;18.83;0.49
57604;57;Rustroff;428;351;342;77;39;86;88;16;4;18;1;7;6;0;0;77;0;22.51;11.4;25.15;25.73;4.68;1.17;5.26;0.29;2.05;1.75;0;0;17.99;0
57605;57;Sailly-Achâtel;246;203;197;69;30;43;19;16;5;7;0;7;0;1;0;43;1;35.03;15.23;21.83;9.64;8.12;2.54;3.55;0;3.55;0;0.51;0;17.48;0.51
57606;57;Saint-Avold;12043;8909;8693;2509;1848;1634;1419;452;70;422;115;120;85;19;0;3134;55;28.86;21.26;18.8;16.32;5.2;0.81;4.85;1.32;1.38;0.98;0.22;0;26.02;0.63
57607;57;Sainte-Barbe;640;541;531;115;69;129;145;30;3;27;4;6;2;1;0;99;3;21.66;12.99;24.29;27.31;5.65;0.56;5.08;0.75;1.13;0.38;0.19;0;15.47;0.56
57609;57;Saint-Epvre;89;75;72;17;15;19;12;3;0;4;0;1;1;0;0;14;0;23.61;20.83;26.39;16.67;4.17;0;5.56;0;1.39;1.39;0;0;15.73;0
57610;57;Saint-François-Lacroix;202;167;157;52;19;35;19;23;0;5;1;3;0;0;0;35;0;33.12;12.1;22.29;12.1;14.65;0;3.18;0.64;1.91;0;0;0;17.33;0
57611;57;Saint-Georges;172;145;142;59;9;25;23;17;2;5;1;0;1;0;0;27;0;41.55;6.34;17.61;16.2;11.97;1.41;3.52;0.7;0;0.7;0;0;15.7;0
57612;57;Saint-Hubert;192;164;159;51;38;28;22;9;0;9;1;1;0;0;0;28;2;32.08;23.9;17.61;13.84;5.66;0;5.66;0.63;0.63;0;0;0;14.58;1.26
57613;57;Saint-Jean-de-Bassel;246;200;192;44;28;28;65;15;1;4;1;5;1;0;0;46;2;22.92;14.58;14.58;33.85;7.81;0.52;2.08;0.52;2.6;0.52;0;0;18.7;1.04
57614;57;Saint-Jean-Kourtzerode;239;200;196;71;29;29;33;25;3;4;1;1;0;0;0;39;2;36.22;14.8;14.8;16.84;12.76;1.53;2.04;0.51;0.51;0;0;0;16.32;1.02
57615;57;Saint-Jean-Rohrbach;704;537;522;182;64;104;92;37;9;22;6;3;2;1;0;167;4;34.87;12.26;19.92;17.62;7.09;1.72;4.21;1.15;0.57;0.38;0.19;0;23.72;0.77
57616;57;Saint-Julien-lès-Metz;2682;2196;2154;369;289;559;634;106;19;121;19;25;9;4;0;486;9;17.13;13.42;25.95;29.43;4.92;0.88;5.62;0.88;1.16;0.42;0.19;0;18.12;0.42
57617;57;Saint-Jure;248;211;205;72;33;42;29;15;3;9;0;2;0;0;0;37;0;35.12;16.1;20.49;14.15;7.32;1.46;4.39;0;0.98;0;0;0;14.92;0
57618;57;Saint-Louis;543;439;428;161;40;67;62;48;6;17;1;9;14;3;0;104;2;37.62;9.35;15.65;14.49;11.21;1.4;3.97;0.23;2.1;3.27;0.7;0;19.15;0.47
57619;57;Saint-Louis-lès-Bitche;415;315;304;105;44;53;49;18;8;12;1;8;5;1;0;100;2;34.54;14.47;17.43;16.12;5.92;2.63;3.95;0.33;2.63;1.64;0.33;0;24.1;0.66
57620;57;Sainte-Marie-aux-Chênes;3015;2371;2297;729;477;492;282;134;23;95;13;27;20;5;0;644;19;31.74;20.77;21.42;12.28;5.83;1;4.14;0.57;1.18;0.87;0.22;0;21.36;0.83
57621;57;Saint-Médard;88;67;65;27;13;11;5;4;0;3;0;1;1;0;0;21;1;41.54;20;16.92;7.69;6.15;0;4.62;0;1.54;1.54;0;0;23.86;1.54
57622;57;Saint-Privat-la-Montagne;1401;1102;1076;304;207;257;140;64;13;64;8;13;4;2;0;299;6;28.25;19.24;23.88;13.01;5.95;1.21;5.95;0.74;1.21;0.37;0.19;0;21.34;0.56
57623;57;Saint-Quirin;546;425;418;138;63;75;69;29;8;17;3;7;6;3;0;121;0;33.01;15.07;17.94;16.51;6.94;1.91;4.07;0.72;1.67;1.44;0.72;0;22.16;0
57624;57;Sainte-Ruffine;497;427;420;45;56;109;176;8;6;14;4;2;0;0;0;70;1;10.71;13.33;25.95;41.9;1.9;1.43;3.33;0.95;0.48;0;0;0;14.08;0.24
57625;57;Salonnes;122;93;91;27;10;14;18;12;0;1;7;0;1;1;0;29;0;29.67;10.99;15.38;19.78;13.19;0;1.1;7.69;0;1.1;1.1;0;23.77;0
57626;57;Sanry-lès-Vigy;448;382;374;94;70;89;66;24;3;15;2;6;3;2;0;66;4;25.13;18.72;23.8;17.65;6.42;0.8;4.01;0.53;1.6;0.8;0.53;0;14.73;1.07
57627;57;Sanry-sur-Nied;270;234;230;82;48;37;23;14;7;13;1;5;0;0;0;36;1;35.65;20.87;16.09;10;6.09;3.04;5.65;0.43;2.17;0;0;0;13.33;0.43
57628;57;Sarralbe;3066;2326;2267;764;302;410;391;189;24;90;38;36;18;5;0;740;13;33.7;13.32;18.09;17.25;8.34;1.06;3.97;1.68;1.59;0.79;0.22;0;24.14;0.57
57629;57;Sarraltroff;633;520;502;182;47;98;92;50;6;17;3;2;5;0;0;113;3;36.25;9.36;19.52;18.33;9.96;1.2;3.39;0.6;0.4;1;0;0;17.85;0.6
57630;57;Sarrebourg;7880;5748;5583;1309;768;1105;1520;324;45;321;69;66;41;15;0;2132;50;23.45;13.76;19.79;27.23;5.8;0.81;5.75;1.24;1.18;0.73;0.27;0;27.06;0.9
57631;57;Sarreguemines;14586;10245;9993;2781;1708;2008;1943;579;125;480;128;126;95;20;0;4341;79;27.83;17.09;20.09;19.44;5.79;1.25;4.8;1.28;1.26;0.95;0.2;0;29.76;0.79
57633;57;Sarreinsming;955;756;737;226;88;134;165;67;9;34;3;6;3;2;0;199;5;30.66;11.94;18.18;22.39;9.09;1.22;4.61;0.41;0.81;0.41;0.27;0;20.84;0.68
57634;57;Saulny;1214;1053;1038;253;154;266;228;60;10;42;11;6;5;3;0;161;2;24.37;14.84;25.63;21.97;5.78;0.96;4.05;1.06;0.58;0.48;0.29;0;13.26;0.19
57635;57;Schalbach;271;236;229;68;20;32;60;30;3;6;4;4;2;0;0;35;3;29.69;8.73;13.97;26.2;13.1;1.31;2.62;1.75;1.75;0.87;0;0;12.92;1.31
57636;57;Schmittviller;299;234;224;61;22;54;44;18;7;9;4;4;1;0;0;65;1;27.23;9.82;24.11;19.64;8.04;3.13;4.02;1.79;1.79;0.45;0;0;21.74;0.45
57637;57;Schneckenbusch;272;243;237;79;24;36;48;23;7;4;6;6;2;2;0;29;5;33.33;10.13;15.19;20.25;9.7;2.95;1.69;2.53;2.53;0.84;0.84;0;10.66;2.11
57638;57;Schoeneck;1475;1168;1129;421;158;219;191;80;8;29;7;9;5;2;0;307;9;37.29;13.99;19.4;16.92;7.09;0.71;2.57;0.62;0.8;0.44;0.18;0;20.81;0.8
57639;57;Schorbach;431;334;324;92;28;59;70;27;24;13;3;2;3;3;0;97;3;28.4;8.64;18.21;21.6;8.33;7.41;4.01;0.93;0.62;0.93;0.93;0;22.51;0.93
57640;57;Schwerdorff;320;280;266;55;25;68;67;22;4;8;1;11;5;0;0;40;0;20.68;9.4;25.56;25.19;8.27;1.5;3.01;0.38;4.14;1.88;0;0;12.5;0
57641;57;Schweyen;209;189;186;56;16;33;47;8;6;8;2;7;3;0;0;20;1;30.11;8.6;17.74;25.27;4.3;3.23;4.3;1.08;3.76;1.61;0;0;9.57;0.54
57642;57;Scy-Chazelles;2165;1715;1677;335;242;424;464;80;14;98;6;4;7;3;0;450;5;19.98;14.43;25.28;27.67;4.77;0.83;5.84;0.36;0.24;0.42;0.18;0;20.79;0.3
57643;57;Secourt;154;127;127;55;10;16;24;12;0;8;0;2;0;0;0;27;0;43.31;7.87;12.6;18.9;9.45;0;6.3;0;1.57;0;0;0;17.53;0
57644;57;Seingbouse;1459;1189;1156;394;204;210;161;70;10;64;15;14;13;1;0;270;6;34.08;17.65;18.17;13.93;6.06;0.87;5.54;1.3;1.21;1.12;0.09;0;18.51;0.52
57645;57;Semécourt;752;638;625;165;72;173;125;37;2;29;7;9;5;1;0;114;1;26.4;11.52;27.68;20;5.92;0.32;4.64;1.12;1.44;0.8;0.16;0;15.16;0.16
57647;57;Serémange-Erzange;3374;2460;2382;634;660;468;265;103;16;143;27;40;22;4;0;914;15;26.62;27.71;19.65;11.13;4.32;0.67;6;1.13;1.68;0.92;0.17;0;27.09;0.63
57648;57;Servigny-lès-Raville;361;307;299;110;46;55;50;13;2;16;2;4;1;0;0;54;1;36.79;15.38;18.39;16.72;4.35;0.67;5.35;0.67;1.34;0.33;0;0;14.96;0.33
57649;57;Servigny-lès-Sainte-Barbe;379;336;331;73;50;97;61;19;2;17;2;7;0;3;0;43;1;22.05;15.11;29.31;18.43;5.74;0.6;5.14;0.6;2.11;0;0.91;0;11.35;0.3
57650;57;Sierck-les-Bains;1255;937;918;251;134;196;167;48;15;60;19;14;13;1;0;318;2;27.34;14.6;21.35;18.19;5.23;1.63;6.54;2.07;1.53;1.42;0.11;0;25.34;0.22
57651;57;Siersthal;504;411;400;141;42;86;68;24;12;15;4;3;5;0;0;93;4;35.25;10.5;21.5;17;6;3;3.75;1;0.75;1.25;0;0;18.45;1
57652;57;Sillegny;399;340;334;76;42;71;77;33;1;16;6;8;3;1;0;59;0;22.75;12.57;21.26;23.05;9.88;0.3;4.79;1.8;2.4;0.9;0.3;0;14.79;0
57653;57;Silly-en-Saulnois;44;34;34;6;4;4;14;5;1;0;0;0;0;0;0;10;0;17.65;11.76;11.76;41.18;14.71;2.94;0;0;0;0;0;0;22.73;0
57654;57;Silly-sur-Nied;614;512;501;125;83;116;93;43;6;24;3;6;1;1;0;102;3;24.95;16.57;23.15;18.56;8.58;1.2;4.79;0.6;1.2;0.2;0.2;0;16.61;0.6
57655;57;Solgne;824;666;641;170;88;148;147;42;6;24;4;9;2;1;0;158;5;26.52;13.73;23.09;22.93;6.55;0.94;3.74;0.62;1.4;0.31;0.16;0;19.17;0.78
57656;57;Sorbey;264;225;221;56;32;47;42;23;3;11;3;3;1;0;0;39;2;25.34;14.48;21.27;19;10.41;1.36;4.98;1.36;1.36;0.45;0;0;14.77;0.9
57657;57;Sotzeling;24;20;20;11;0;1;6;0;0;2;0;0;0;0;0;4;0;55;0;5;30;0;0;10;0;0;0;0;0;16.67;0
57658;57;Soucht;1027;820;795;237;118;160;139;54;29;35;5;9;7;2;0;207;3;29.81;14.84;20.13;17.48;6.79;3.65;4.4;0.63;1.13;0.88;0.25;0;20.16;0.38
57659;57;Spicheren;1892;1532;1497;417;177;349;298;135;14;53;13;27;14;0;0;360;6;27.86;11.82;23.31;19.91;9.02;0.94;3.54;0.87;1.8;0.94;0;0;19.03;0.4
57660;57;Stiring-Wendel;7784;5587;5458;2036;1029;901;687;298;36;257;56;83;57;18;0;2197;49;37.3;18.85;16.51;12.59;5.46;0.66;4.71;1.03;1.52;1.04;0.33;0;28.22;0.9
57661;57;Sturzelbronn;141;118;113;35;12;26;19;10;2;1;2;5;1;0;0;23;1;30.97;10.62;23.01;16.81;8.85;1.77;0.88;1.77;4.42;0.88;0;0;16.31;0.88
57662;57;Suisse;85;80;77;13;17;10;17;11;1;5;0;2;1;0;0;5;1;16.88;22.08;12.99;22.08;14.29;1.3;6.49;0;2.6;1.3;0;0;5.88;1.3
57663;57;Talange;5815;4003;3907;1145;1007;782;400;172;24;224;37;56;55;5;0;1812;17;29.31;25.77;20.02;10.24;4.4;0.61;5.73;0.95;1.43;1.41;0.13;0;31.16;0.44
57664;57;Tarquimpol;64;47;45;19;4;4;13;4;0;1;0;0;0;0;0;17;0;42.22;8.89;8.89;28.89;8.89;0;2.22;0;0;0;0;0;26.56;0
57665;57;Tenteling;893;716;704;220;128;131;120;46;8;17;9;14;8;3;0;177;4;31.25;18.18;18.61;17.05;6.53;1.14;2.41;1.28;1.99;1.14;0.43;0;19.82;0.57
57666;57;Terville;4934;3686;3587;788;841;884;495;182;21;248;53;38;27;10;0;1248;20;21.97;23.45;24.64;13.8;5.07;0.59;6.91;1.48;1.06;0.75;0.28;0;25.29;0.56
57667;57;Téterchen;511;432;421;139;84;62;58;35;4;25;5;5;4;0;0;79;1;33.02;19.95;14.73;13.78;8.31;0.95;5.94;1.19;1.19;0.95;0;0;15.46;0.24
57668;57;Teting-sur-Nied;1057;868;845;241;184;160;118;56;7;51;5;15;6;2;0;189;4;28.52;21.78;18.93;13.96;6.63;0.83;6.04;0.59;1.78;0.71;0.24;0;17.88;0.47
57669;57;Théding;1644;1288;1254;378;269;223;200;60;15;56;23;18;9;3;0;356;3;30.14;21.45;17.78;15.95;4.78;1.2;4.47;1.83;1.44;0.72;0.24;0;21.65;0.24
57670;57;Thicourt;127;109;108;41;18;12;27;2;4;1;0;2;1;0;0;18;1;37.96;16.67;11.11;25;1.85;3.7;0.93;0;1.85;0.93;0;0;14.17;0.93
57671;57;Thimonville;112;95;94;40;4;15;16;5;2;9;0;1;2;0;0;17;0;42.55;4.26;15.96;17.02;5.32;2.13;9.57;0;1.06;2.13;0;0;15.18;0
57672;57;Thionville;26265;20393;19916;3719;3683;5233;4387;931;135;1208;223;215;139;43;0;5872;101;18.67;18.49;26.28;22.03;4.67;0.68;6.07;1.12;1.08;0.7;0.22;0;22.36;0.51
57673;57;Thonville;38;28;28;4;3;4;6;4;1;4;0;1;1;0;0;10;0;14.29;10.71;14.29;21.43;14.29;3.57;14.29;0;3.57;3.57;0;0;26.32;0
57674;57;Tincry;143;124;124;31;15;25;24;6;4;12;2;2;2;1;0;19;0;25;12.1;20.16;19.35;4.84;3.23;9.68;1.61;1.61;1.61;0.81;0;13.29;0
57675;57;Torcheville;110;88;88;33;11;21;9;7;0;2;1;4;0;0;0;22;0;37.5;12.5;23.86;10.23;7.95;0;2.27;1.14;4.55;0;0;0;20;0
57676;57;Tragny;83;71;71;27;2;7;22;3;2;3;2;2;1;0;0;12;0;38.03;2.82;9.86;30.99;4.23;2.82;4.23;2.82;2.82;1.41;0;0;14.46;0
57677;57;Trémery;937;790;765;238;139;162;118;34;7;39;5;13;7;3;0;147;6;31.11;18.17;21.18;15.42;4.44;0.92;5.1;0.65;1.7;0.92;0.39;0;15.69;0.78
57678;57;Tressange;1590;1264;1233;290;284;312;181;63;8;59;13;16;5;2;0;326;9;23.52;23.03;25.3;14.68;5.11;0.65;4.79;1.05;1.3;0.41;0.16;0;20.5;0.73
57679;57;Tritteling-Redlach;396;336;327;103;66;56;38;25;6;23;0;9;1;0;0;60;2;31.5;20.18;17.13;11.62;7.65;1.83;7.03;0;2.75;0.31;0;0;15.15;0.61
57680;57;Troisfontaines;1037;823;797;316;89;128;141;60;8;29;6;11;7;2;0;214;6;39.65;11.17;16.06;17.69;7.53;1;3.64;0.75;1.38;0.88;0.25;0;20.64;0.75
57681;57;Tromborn;234;179;168;42;23;41;31;13;2;11;0;2;2;1;0;55;2;25;13.69;24.4;18.45;7.74;1.19;6.55;0;1.19;1.19;0.6;0;23.5;1.19
57682;57;Turquestein-Blancrupt;27;23;23;2;2;4;6;2;1;4;2;0;0;0;0;4;0;8.7;8.7;17.39;26.09;8.7;4.35;17.39;8.7;0;0;0;0;14.81;0
57683;57;Uckange;3932;2806;2732;669;740;580;269;125;21;198;61;35;30;4;0;1126;19;24.49;27.09;21.23;9.85;4.58;0.77;7.25;2.23;1.28;1.1;0.15;0;28.64;0.7
57684;57;Vahl-Ebersing;432;355;339;98;57;70;56;30;7;12;4;4;1;0;0;77;1;28.91;16.81;20.65;16.52;8.85;2.06;3.54;1.18;1.18;0.29;0;0;17.82;0.29
57685;57;Vahl-lès-Bénestroff;103;90;90;35;6;3;37;5;0;2;1;1;0;0;0;13;0;38.89;6.67;3.33;41.11;5.56;0;2.22;1.11;1.11;0;0;0;12.62;0
57686;57;Vahl-lès-Faulquemont;210;170;167;57;19;24;38;11;2;6;5;2;1;2;0;40;0;34.13;11.38;14.37;22.75;6.59;1.2;3.59;2.99;1.2;0.6;1.2;0;19.05;0
57687;57;Vallerange;181;152;145;65;13;17;33;9;2;2;1;3;0;0;0;29;2;44.83;8.97;11.72;22.76;6.21;1.38;1.38;0.69;2.07;0;0;0;16.02;1.38
57689;57;Valmestroff;231;201;187;37;24;47;50;13;3;5;1;6;1;0;0;30;2;19.79;12.83;25.13;26.74;6.95;1.6;2.67;0.53;3.21;0.53;0;0;12.99;1.07
57690;57;Valmont;2309;1764;1719;511;288;354;300;104;18;77;21;23;19;4;0;545;9;29.73;16.75;20.59;17.45;6.05;1.05;4.48;1.22;1.34;1.11;0.23;0;23.6;0.52
57691;57;Valmunster;88;80;78;15;12;27;16;3;3;2;0;0;0;0;0;8;0;19.23;15.38;34.62;20.51;3.85;3.85;2.56;0;0;0;0;0;9.09;0
57692;57;Vannecourt;61;51;46;20;0;6;15;3;1;0;1;0;0;0;0;10;4;43.48;0;13.04;32.61;6.52;2.17;0;2.17;0;0;0;0;16.39;8.7
57693;57;Vantoux;763;612;596;90;82;203;138;29;3;30;5;11;4;1;0;151;4;15.1;13.76;34.06;23.15;4.87;0.5;5.03;0.84;1.85;0.67;0.17;0;19.79;0.67
57694;57;Vany;321;290;286;56;39;91;60;13;1;19;3;3;1;0;0;31;3;19.58;13.64;31.82;20.98;4.55;0.35;6.64;1.05;1.05;0.35;0;0;9.66;1.05
57695;57;Varize-Vaudoncourt;376;332;316;88;34;68;79;20;2;17;3;2;0;3;0;44;3;27.85;10.76;21.52;25;6.33;0.63;5.38;0.95;0.63;0;0.95;0;11.7;0.95
57696;57;Varsberg;780;638;620;220;92;114;92;51;10;23;3;7;7;1;0;142;0;35.48;14.84;18.39;14.84;8.23;1.61;3.71;0.48;1.13;1.13;0.16;0;18.21;0
57697;57;Vasperviller;250;225;221;67;35;49;42;13;2;8;0;2;3;0;0;25;0;30.32;15.84;22.17;19;5.88;0.9;3.62;0;0.9;1.36;0;0;10;0
57698;57;Vatimont;275;229;219;92;34;24;31;22;1;11;4;0;0;0;0;46;1;42.01;15.53;10.96;14.16;10.05;0.46;5.02;1.83;0;0;0;0;16.73;0.46
57700;57;Vaudreching;435;301;297;108;32;46;59;20;5;16;3;3;3;2;0;134;1;36.36;10.77;15.49;19.87;6.73;1.68;5.39;1.01;1.01;1.01;0.67;0;30.8;0.34
57701;57;Vaux;686;572;557;86;92;138;168;29;8;26;2;4;4;0;0;114;5;15.44;16.52;24.78;30.16;5.21;1.44;4.67;0.36;0.72;0.72;0;0;16.62;0.9
57702;57;Vaxy;86;78;78;21;10;18;17;8;2;2;0;0;0;0;0;8;0;26.92;12.82;23.08;21.79;10.26;2.56;2.56;0;0;0;0;0;9.3;0
57703;57;Veckersviller;214;184;183;71;17;38;24;17;1;7;1;1;6;0;0;30;0;38.8;9.29;20.77;13.11;9.29;0.55;3.83;0.55;0.55;3.28;0;0;14.02;0
57704;57;Veckring;513;426;416;122;73;82;55;45;5;17;6;4;7;0;0;87;0;29.33;17.55;19.71;13.22;10.82;1.2;4.09;1.44;0.96;1.68;0;0;16.96;0
57705;57;Velving;179;147;143;49;13;22;22;23;3;8;0;1;1;1;0;32;1;34.27;9.09;15.38;15.38;16.08;2.1;5.59;0;0.7;0.7;0.7;0;17.88;0.7
57706;57;Vergaville;429;347;343;138;51;50;43;33;2;10;6;6;4;0;0;82;0;40.23;14.87;14.58;12.54;9.62;0.58;2.92;1.75;1.75;1.17;0;0;19.11;0
57707;57;Vernéville;530;433;424;151;70;102;41;32;4;15;2;4;3;0;0;97;1;35.61;16.51;24.06;9.67;7.55;0.94;3.54;0.47;0.94;0.71;0;0;18.3;0.24
57708;57;Verny;1559;1329;1288;363;161;318;237;75;10;84;18;13;6;3;0;230;5;28.18;12.5;24.69;18.4;5.82;0.78;6.52;1.4;1.01;0.47;0.23;0;14.75;0.39
57709;57;Vescheim;217;182;178;84;11;22;24;27;1;8;0;1;0;0;0;35;0;47.19;6.18;12.36;13.48;15.17;0.56;4.49;0;0.56;0;0;0;16.13;0
57711;57;Vibersviller;336;273;266;92;33;32;42;32;12;9;1;6;5;2;0;63;1;34.59;12.41;12.03;15.79;12.03;4.51;3.38;0.38;2.26;1.88;0.75;0;18.75;0.38
57712;57;Vic-sur-Seille;1001;822;805;214;161;176;134;44;8;36;8;11;11;2;0;179;1;26.58;20;21.86;16.65;5.47;0.99;4.47;0.99;1.37;1.37;0.25;0;17.88;0.12
57713;57;Vieux-Lixheim;169;134;133;61;6;21;21;18;2;2;1;1;0;0;0;35;1;45.86;4.51;15.79;15.79;13.53;1.5;1.5;0.75;0.75;0;0;0;20.71;0.75
57714;57;Haute-Vigneulles;318;279;273;109;22;51;48;19;3;9;3;5;3;1;0;39;1;39.93;8.06;18.68;17.58;6.96;1.1;3.3;1.1;1.83;1.1;0.37;0;12.26;0.37
57715;57;Vigny;299;232;227;79;36;38;34;18;2;15;1;1;2;1;0;67;0;34.8;15.86;16.74;14.98;7.93;0.88;6.61;0.44;0.44;0.88;0.44;0;22.41;0
57716;57;Vigy;1227;1051;1033;275;142;226;208;81;13;59;11;12;5;1;0;176;4;26.62;13.75;21.88;20.14;7.84;1.26;5.71;1.06;1.16;0.48;0.1;0;14.34;0.39
57717;57;Viller;166;132;127;51;19;17;26;5;0;1;1;4;3;0;0;34;1;40.16;14.96;13.39;20.47;3.94;0;0.79;0.79;3.15;2.36;0;0;20.48;0.79
57718;57;Villers-Stoncourt;152;122;122;48;9;23;22;7;2;9;2;0;0;0;0;30;0;39.34;7.38;18.85;18.03;5.74;1.64;7.38;1.64;0;0;0;0;19.74;0
57719;57;Villers-sur-Nied;52;41;40;16;7;4;5;4;0;2;0;2;0;0;0;11;0;40;17.5;10;12.5;10;0;5;0;5;0;0;0;21.15;0
57720;57;Villing;238;186;179;70;27;33;25;11;4;5;1;3;0;0;0;52;1;39.11;15.08;18.44;13.97;6.15;2.23;2.79;0.56;1.68;0;0;0;21.85;0.56
57721;57;Vilsberg;315;242;235;93;28;29;38;26;2;10;2;2;5;0;0;73;2;39.57;11.91;12.34;16.17;11.06;0.85;4.26;0.85;0.85;2.13;0;0;23.17;0.85
57722;57;Vionville;143;106;106;34;13;24;23;6;0;2;1;3;0;0;0;37;0;32.08;12.26;22.64;21.7;5.66;0;1.89;0.94;2.83;0;0;0;25.87;0
57723;57;Virming;247;213;204;72;22;28;40;25;4;1;7;2;3;0;0;34;0;35.29;10.78;13.73;19.61;12.25;1.96;0.49;3.43;0.98;1.47;0;0;13.77;0
57724;57;Vitry-sur-Orne;2184;1695;1654;496;373;319;190;92;13;103;17;20;27;4;0;489;2;29.99;22.55;19.29;11.49;5.56;0.79;6.23;1.03;1.21;1.63;0.24;0;22.39;0.12
57725;57;Vittersbourg;247;223;218;93;22;34;38;13;5;6;0;3;4;0;0;24;0;42.66;10.09;15.6;17.43;5.96;2.29;2.75;0;1.38;1.83;0;0;9.72;0
57726;57;Vittoncourt;295;249;246;90;24;50;41;25;2;5;2;3;3;1;0;46;2;36.59;9.76;20.33;16.67;10.16;0.81;2.03;0.81;1.22;1.22;0.41;0;15.59;0.81
57727;57;Viviers;110;92;89;20;9;19;27;7;1;5;1;0;0;0;0;18;1;22.47;10.11;21.35;30.34;7.87;1.12;5.62;1.12;0;0;0;0;16.36;1.12
57728;57;Voimhaut;163;149;148;33;26;42;17;10;5;7;3;2;3;0;0;14;0;22.3;17.57;28.38;11.49;6.76;3.38;4.73;2.03;1.35;2.03;0;0;8.59;0
57730;57;Volmerange-lès-Boulay;395;345;336;81;80;68;39;28;3;22;1;6;7;1;0;50;1;24.11;23.81;20.24;11.61;8.33;0.89;6.55;0.3;1.79;2.08;0.3;0;12.66;0.3
57731;57;Volmerange-les-Mines;1585;1197;1173;247;203;351;205;56;9;61;23;3;14;1;0;388;3;21.06;17.31;29.92;17.48;4.77;0.77;5.2;1.96;0.26;1.19;0.09;0;24.48;0.26
57732;57;Volmunster;638;513;499;173;70;86;88;25;11;18;4;12;10;2;0;125;5;34.67;14.03;17.23;17.64;5.01;2.2;3.61;0.8;2.4;2;0.4;0;19.59;1
57733;57;Volstroff;1497;1227;1190;319;179;308;198;77;17;51;6;22;13;0;0;270;7;26.81;15.04;25.88;16.64;6.47;1.43;4.29;0.5;1.85;1.09;0;0;18.04;0.59
57734;57;Voyer;361;301;291;136;34;43;35;27;1;5;2;3;5;0;0;60;0;46.74;11.68;14.78;12.03;9.28;0.34;1.72;0.69;1.03;1.72;0;0;16.62;0
57736;57;Vry;433;380;373;122;53;73;68;19;1;31;0;2;3;1;0;53;2;32.71;14.21;19.57;18.23;5.09;0.27;8.31;0;0.54;0.8;0.27;0;12.24;0.54
57737;57;Vulmont;36;36;36;14;4;6;7;3;0;2;0;0;0;0;0;0;0;38.89;11.11;16.67;19.44;8.33;0;5.56;0;0;0;0;0;0;0
57738;57;Waldhouse;280;217;213;51;27;43;48;14;11;11;2;5;1;0;0;63;3;23.94;12.68;20.19;22.54;6.57;5.16;5.16;0.94;2.35;0.47;0;0;22.5;1.41
57739;57;Waldweistroff;343;274;265;94;32;44;42;25;7;13;2;2;4;0;0;69;5;35.47;12.08;16.6;15.85;9.43;2.64;4.91;0.75;0.75;1.51;0;0;20.12;1.89
57740;57;Waldwisse;443;356;347;122;41;78;51;17;6;14;2;9;7;0;0;87;2;35.16;11.82;22.48;14.7;4.9;1.73;4.03;0.58;2.59;2.02;0;0;19.64;0.58
57741;57;Walschbronn;348;279;276;76;31;55;62;21;14;13;1;2;1;0;0;69;0;27.54;11.23;19.93;22.46;7.61;5.07;4.71;0.36;0.72;0.36;0;0;19.83;0
57742;57;Walscheid;1310;1059;1030;374;112;183;177;84;29;37;3;13;15;3;0;251;11;36.31;10.87;17.77;17.18;8.16;2.82;3.59;0.29;1.26;1.46;0.29;0;19.16;1.07
57743;57;Waltembourg;201;185;180;65;12;31;37;23;1;3;2;5;1;0;0;16;1;36.11;6.67;17.22;20.56;12.78;0.56;1.67;1.11;2.78;0.56;0;0;7.96;0.56
57745;57;Wiesviller;827;686;659;187;82;140;135;52;10;30;5;10;6;2;0;141;6;28.38;12.44;21.24;20.49;7.89;1.52;4.55;0.76;1.52;0.91;0.3;0;17.05;0.91
57746;57;Willerwald;1093;852;822;298;102;163;132;68;9;22;9;10;7;2;0;241;2;36.25;12.41;19.83;16.06;8.27;1.09;2.68;1.09;1.22;0.85;0.24;0;22.05;0.24
57747;57;Wintersbourg;224;184;175;78;19;15;33;19;1;6;2;2;0;0;0;40;1;44.57;10.86;8.57;18.86;10.86;0.57;3.43;1.14;1.14;0;0;0;17.86;0.57
57748;57;Wittring;659;523;512;195;64;102;69;41;6;17;5;8;4;1;0;136;1;38.09;12.5;19.92;13.48;8.01;1.17;3.32;0.98;1.56;0.78;0.2;0;20.64;0.2
57749;57;Voelfling-lès-Bouzonville;125;108;104;21;14;25;20;13;1;5;2;1;2;0;0;17;1;20.19;13.46;24.04;19.23;12.5;0.96;4.81;1.92;0.96;1.92;0;0;13.6;0.96
57750;57;Woelfling-lès-Sarreguemines;555;481;471;164;49;79;96;32;13;24;5;6;3;0;0;74;2;34.82;10.4;16.77;20.38;6.79;2.76;5.1;1.06;1.27;0.64;0;0;13.33;0.42
57751;57;Woippy;8305;5939;5795;1691;1485;1140;696;205;33;349;81;67;41;7;0;2366;33;29.18;25.63;19.67;12.01;3.54;0.57;6.02;1.4;1.16;0.71;0.12;0;28.49;0.57
57752;57;Woustviller;2236;1755;1691;656;190;290;282;128;23;61;13;33;13;2;0;481;11;38.79;11.24;17.15;16.68;7.57;1.36;3.61;0.77;1.95;0.77;0.12;0;21.51;0.65
57753;57;Wuisse;55;51;49;14;2;8;19;3;0;0;1;1;1;0;0;4;0;28.57;4.08;16.33;38.78;6.12;0;0;2.04;2.04;2.04;0;0;7.27;0
57754;57;Xanrey;90;76;75;16;8;9;28;7;2;4;0;1;0;0;0;14;0;21.33;10.67;12;37.33;9.33;2.67;5.33;0;1.33;0;0;0;15.56;0
57755;57;Xocourt;64;59;54;20;15;7;6;1;0;4;1;0;0;0;0;5;2;37.04;27.78;12.96;11.11;1.85;0;7.41;1.85;0;0;0;0;7.81;3.7
57756;57;Xouaxange;224;197;191;61;22;37;27;16;6;13;1;6;1;1;0;27;0;31.94;11.52;19.37;14.14;8.38;3.14;6.81;0.52;3.14;0.52;0.52;0;12.05;0
57757;57;Yutz;12809;9028;8788;1880;1761;2237;1550;439;99;511;117;88;90;16;0;3781;59;21.39;20.04;25.46;17.64;5;1.13;5.81;1.33;1;1.02;0.18;0;29.52;0.67
57759;57;Zarbeling;51;48;48;16;1;8;12;4;3;3;0;1;0;0;0;3;0;33.33;2.08;16.67;25;8.33;6.25;6.25;0;2.08;0;0;0;5.88;0
57760;57;Zetting;676;578;565;161;96;108;103;46;8;26;0;11;6;0;0;98;0;28.5;16.99;19.12;18.23;8.14;1.42;4.6;0;1.95;1.06;0;0;14.5;0
57761;57;Zilling;221;198;186;67;16;28;47;16;2;6;0;2;2;0;0;23;6;36.02;8.6;15.05;25.27;8.6;1.08;3.23;0;1.08;1.08;0;0;10.41;3.23
57762;57;Zimming;458;368;362;155;46;40;54;40;5;13;5;2;2;0;0;90;1;42.82;12.71;11.05;14.92;11.05;1.38;3.59;1.38;0.55;0.55;0;0;19.65;0.28
57763;57;Zommange;33;31;29;4;2;9;6;7;0;0;0;0;1;0;0;2;0;13.79;6.9;31.03;20.69;24.14;0;0;0;0;3.45;0;0;6.06;0
57764;57;Zoufftgen;754;627;609;139;71;196;117;25;10;34;5;7;4;1;0;127;2;22.82;11.66;32.18;19.21;4.11;1.64;5.58;0.82;1.15;0.66;0.16;0;16.84;0.33
57765;57;Diesen;899;716;691;233;120;123;104;44;9;30;6;12;7;3;0;183;5;33.72;17.37;17.8;15.05;6.37;1.3;4.34;0.87;1.74;1.01;0.43;0;20.36;0.72
57767;57;Stuckange;775;680;659;126;103;186;142;40;7;34;8;11;2;0;0;95;3;19.12;15.63;28.22;21.55;6.07;1.06;5.16;1.21;1.67;0.3;0;0;12.26;0.46