insee;dep;nom;nb_inscrits;nb_votants;nb_exprimes;nb_voix1;nb_voix2;nb_voix3;nb_voix4;nb_voix5;nb_voix6;nb_voix7;nb_voix8;nb_voix9;nb_voix10;nb_voix11;nb_voix12;nb_voix13;nb_voix14;voix_1;voix_2;voix_3;voix_4;voix_5;voix_6;voix_7;voix_8;voix_9;voix_10;voix_11;voix_12;voix_13;voix_14
58001;58;Achun;108;98;92;24;11;20;20;2;1;9;1;3;1;0;0;10;5;26.09;11.96;21.74;21.74;2.17;1.09;9.78;1.09;3.26;1.09;0;0;9.26;5.43
58002;58;Alligny-Cosne;688;563;543;200;101;90;76;38;5;17;3;6;5;2;0;125;3;36.83;18.6;16.57;14;7;0.92;3.13;0.55;1.1;0.92;0.37;0;18.17;0.55
58003;58;Alligny-en-Morvan;525;413;402;125;40;94;84;29;5;13;4;6;2;0;0;112;4;31.09;9.95;23.38;20.9;7.21;1.24;3.23;1;1.49;0.5;0;0;21.33;1
58004;58;Alluy;286;233;224;60;35;58;41;9;1;14;2;1;3;0;0;53;3;26.79;15.63;25.89;18.3;4.02;0.45;6.25;0.89;0.45;1.34;0;0;18.53;1.34
58005;58;Amazy;188;151;147;36;20;23;41;15;4;6;1;1;0;0;0;37;4;24.49;13.61;15.65;27.89;10.2;2.72;4.08;0.68;0.68;0;0;0;19.68;2.72
58006;58;Anlezy;209;157;153;44;23;30;29;8;1;14;1;2;1;0;0;52;4;28.76;15.03;19.61;18.95;5.23;0.65;9.15;0.65;1.31;0.65;0;0;24.88;2.61
58007;58;Annay;249;214;205;75;33;30;37;8;5;9;4;2;2;0;0;35;2;36.59;16.1;14.63;18.05;3.9;2.44;4.39;1.95;0.98;0.98;0;0;14.06;0.98
58008;58;Anthien;141;105;99;20;14;30;23;4;3;4;0;1;0;0;0;36;2;20.2;14.14;30.3;23.23;4.04;3.03;4.04;0;1.01;0;0;0;25.53;2.02
58009;58;Arbourse;113;95;94;17;13;22;14;6;2;13;2;4;1;0;0;18;0;18.09;13.83;23.4;14.89;6.38;2.13;13.83;2.13;4.26;1.06;0;0;15.93;0
58010;58;Arleuf;584;457;442;124;122;74;56;18;6;30;1;7;4;0;0;127;7;28.05;27.6;16.74;12.67;4.07;1.36;6.79;0.23;1.58;0.9;0;0;21.75;1.58
58011;58;Armes;223;188;184;46;30;35;37;6;5;16;2;4;2;1;0;35;1;25;16.3;19.02;20.11;3.26;2.72;8.7;1.09;2.17;1.09;0.54;0;15.7;0.54
58012;58;Arquian;440;335;325;111;59;55;52;13;2;20;0;9;3;1;0;105;2;34.15;18.15;16.92;16;4;0.62;6.15;0;2.77;0.92;0.31;0;23.86;0.62
58013;58;Arthel;90;75;75;10;12;16;30;0;1;4;0;0;2;0;0;15;0;13.33;16;21.33;40;0;1.33;5.33;0;0;2.67;0;0;16.67;0
58014;58;Arzembouy;64;51;49;21;2;10;10;2;0;2;1;0;1;0;0;13;1;42.86;4.08;20.41;20.41;4.08;0;4.08;2.04;0;2.04;0;0;20.31;2.04
58015;58;Asnan;131;101;97;22;22;22;10;4;2;11;1;1;2;0;0;30;3;22.68;22.68;22.68;10.31;4.12;2.06;11.34;1.03;1.03;2.06;0;0;22.9;3.09
58016;58;Asnois;148;125;120;25;15;28;29;10;1;7;2;3;0;0;0;23;2;20.83;12.5;23.33;24.17;8.33;0.83;5.83;1.67;2.5;0;0;0;15.54;1.67
58017;58;Aunay-en-Bazois;216;172;161;36;21;34;36;13;1;13;2;5;0;0;0;44;5;22.36;13.04;21.12;22.36;8.07;0.62;8.07;1.24;3.11;0;0;0;20.37;3.11
58018;58;Authiou;36;33;32;7;3;2;10;3;2;1;0;3;1;0;0;3;0;21.88;9.38;6.25;31.25;9.38;6.25;3.13;0;9.38;3.13;0;0;8.33;0
58019;58;Avrée;62;55;53;13;4;24;3;4;0;3;0;0;1;1;0;7;1;24.53;7.55;45.28;5.66;7.55;0;5.66;0;0;1.89;1.89;0;11.29;1.89
58020;58;Avril-sur-Loire;206;171;167;43;29;43;30;11;2;6;1;1;1;0;0;35;0;25.75;17.37;25.75;17.96;6.59;1.2;3.59;0.6;0.6;0.6;0;0;16.99;0
58021;58;Azy-le-Vif;148;125;122;35;19;18;24;13;2;8;0;2;0;1;0;23;2;28.69;15.57;14.75;19.67;10.66;1.64;6.56;0;1.64;0;0.82;0;15.54;1.64
58023;58;Bazoches;174;146;141;37;24;24;36;2;1;10;2;4;1;0;0;28;1;26.24;17.02;17.02;25.53;1.42;0.71;7.09;1.42;2.84;0.71;0;0;16.09;0.71
58024;58;Bazolles;226;191;186;41;30;29;63;10;2;10;1;0;0;0;0;35;2;22.04;16.13;15.59;33.87;5.38;1.08;5.38;0.54;0;0;0;0;15.49;1.08
58025;58;Béard;121;105;99;37;21;19;15;4;0;2;1;0;0;0;0;16;0;37.37;21.21;19.19;15.15;4.04;0;2.02;1.01;0;0;0;0;13.22;0
58026;58;Beaulieu;154;128;123;27;26;21;30;7;0;6;3;1;2;0;0;26;4;21.95;21.14;17.07;24.39;5.69;0;4.88;2.44;0.81;1.63;0;0;16.88;3.25
58027;58;Beaumont-la-Ferrière;98;80;79;29;19;12;12;1;0;5;0;1;0;0;0;18;1;36.71;24.05;15.19;15.19;1.27;0;6.33;0;1.27;0;0;0;18.37;1.27
58028;58;Beaumont-Sardolles;100;93;91;15;15;16;31;8;0;3;0;2;1;0;0;7;0;16.48;16.48;17.58;34.07;8.79;0;3.3;0;2.2;1.1;0;0;7;0
58029;58;Beuvron;69;58;56;15;13;7;11;5;0;5;0;0;0;0;0;11;1;26.79;23.21;12.5;19.64;8.93;0;8.93;0;0;0;0;0;15.94;1.79
58030;58;Biches;234;183;177;55;26;26;32;6;3;20;5;1;3;0;0;51;2;31.07;14.69;14.69;18.08;3.39;1.69;11.3;2.82;0.56;1.69;0;0;21.79;1.13
58031;58;Billy-Chevannes;233;174;167;59;26;28;24;8;3;8;1;7;1;2;0;59;1;35.33;15.57;16.77;14.37;4.79;1.8;4.79;0.6;4.19;0.6;1.2;0;25.32;0.6
58032;58;Billy-sur-Oisy;287;239;237;83;41;44;33;17;1;12;2;2;0;2;0;48;0;35.02;17.3;18.57;13.92;7.17;0.42;5.06;0.84;0.84;0;0.84;0;16.72;0
58033;58;Bitry;252;211;209;61;43;35;32;16;3;13;2;1;3;0;0;41;0;29.19;20.57;16.75;15.31;7.66;1.44;6.22;0.96;0.48;1.44;0;0;16.27;0
58034;58;Blismes;154;124;118;30;13;37;24;8;1;4;0;0;1;0;0;30;6;25.42;11.02;31.36;20.34;6.78;0.85;3.39;0;0;0.85;0;0;19.48;5.08
58035;58;Bona;266;220;218;46;40;54;42;14;4;10;5;2;1;0;0;46;1;21.1;18.35;24.77;19.27;6.42;1.83;4.59;2.29;0.92;0.46;0;0;17.29;0.46
58036;58;Bouhy;385;324;312;74;48;47;87;24;4;18;4;5;0;1;0;61;0;23.72;15.38;15.06;27.88;7.69;1.28;5.77;1.28;1.6;0;0.32;0;15.84;0
58037;58;Brassy;502;403;395;89;75;105;70;20;6;23;0;6;1;0;0;99;4;22.53;18.99;26.58;17.72;5.06;1.52;5.82;0;1.52;0.25;0;0;19.72;1.01
58038;58;Breugnon;141;117;113;37;24;16;25;5;0;2;0;2;1;1;0;24;1;32.74;21.24;14.16;22.12;4.42;0;1.77;0;1.77;0.88;0.88;0;17.02;0.88
58039;58;Brèves;234;194;185;51;24;36;36;15;3;14;0;0;4;2;0;40;4;27.57;12.97;19.46;19.46;8.11;1.62;7.57;0;0;2.16;1.08;0;17.09;2.16
58040;58;Brinay;110;87;84;29;2;18;24;4;1;2;3;1;0;0;0;23;2;34.52;2.38;21.43;28.57;4.76;1.19;2.38;3.57;1.19;0;0;0;20.91;2.38
58041;58;Brinon-sur-Beuvron;157;131;127;16;22;32;43;8;3;1;1;1;0;0;0;26;3;12.6;17.32;25.2;33.86;6.3;2.36;0.79;0.79;0.79;0;0;0;16.56;2.36
58042;58;Bulcy;123;95;94;29;15;25;11;9;3;0;0;0;1;1;0;28;1;30.85;15.96;26.6;11.7;9.57;3.19;0;0;0;1.06;1.06;0;22.76;1.06
58043;58;Bussy-la-Pesle;50;38;38;10;7;11;3;4;0;3;0;0;0;0;0;12;0;26.32;18.42;28.95;7.89;10.53;0;7.89;0;0;0;0;0;24;0
58044;58;La Celle-sur-Loire;605;505;500;230;70;70;57;38;0;21;1;8;3;2;0;100;3;46;14;14;11.4;7.6;0;4.2;0.2;1.6;0.6;0.4;0;16.53;0.6
58045;58;La Celle-sur-Nièvre;139;116;114;24;20;41;17;3;3;3;0;3;0;0;0;23;0;21.05;17.54;35.96;14.91;2.63;2.63;2.63;0;2.63;0;0;0;16.55;0
58046;58;Cercy-la-Tour;1468;1141;1097;301;198;230;194;70;11;57;4;22;9;1;0;327;8;27.44;18.05;20.97;17.68;6.38;1;5.2;0.36;2.01;0.82;0.09;0;22.28;0.73
58047;58;Cervon;535;434;427;93;80;77;85;31;8;34;3;13;3;0;0;101;4;21.78;18.74;18.03;19.91;7.26;1.87;7.96;0.7;3.04;0.7;0;0;18.88;0.94
58048;58;Cessy-les-Bois;100;90;85;22;15;15;20;5;1;6;0;1;0;0;0;10;1;25.88;17.65;17.65;23.53;5.88;1.18;7.06;0;1.18;0;0;0;10;1.18
58049;58;Chalaux;73;61;59;13;11;13;13;1;0;6;1;0;1;0;0;12;1;22.03;18.64;22.03;22.03;1.69;0;10.17;1.69;0;1.69;0;0;16.44;1.69
58050;58;Challement;62;50;50;12;15;8;8;2;0;5;0;0;0;0;0;12;0;24;30;16;16;4;0;10;0;0;0;0;0;19.35;0
58051;58;Challuy;1170;941;916;257;174;221;152;41;6;58;3;1;3;0;0;229;10;28.06;19;24.13;16.59;4.48;0.66;6.33;0.33;0.11;0.33;0;0;19.57;1.09
58052;58;Champallement;46;35;34;14;1;6;6;0;0;3;3;1;0;0;0;11;1;41.18;2.94;17.65;17.65;0;0;8.82;8.82;2.94;0;0;0;23.91;2.94
58053;58;Champlemy;283;219;217;54;33;50;48;15;4;7;5;1;0;0;0;64;0;24.88;15.21;23.04;22.12;6.91;1.84;3.23;2.3;0.46;0;0;0;22.61;0
58054;58;Champlin;55;44;44;7;5;15;12;2;0;2;0;0;1;0;0;11;0;15.91;11.36;34.09;27.27;4.55;0;4.55;0;0;2.27;0;0;20;0
58055;58;Champvert;645;477;460;91;78;140;68;24;9;35;3;8;2;2;0;168;6;19.78;16.96;30.43;14.78;5.22;1.96;7.61;0.65;1.74;0.43;0.43;0;26.05;1.3
58056;58;Champvoux;251;207;199;49;38;41;29;13;4;16;0;4;3;2;0;44;1;24.62;19.1;20.6;14.57;6.53;2.01;8.04;0;2.01;1.51;1.01;0;17.53;0.5
58057;58;Chantenay-Saint-Imbert;861;717;697;229;120;130;109;32;13;32;6;16;9;1;0;144;4;32.86;17.22;18.65;15.64;4.59;1.87;4.59;0.86;2.3;1.29;0.14;0;16.72;0.57
58058;58;La Chapelle-Saint-André;249;179;175;40;40;25;37;9;4;13;4;2;1;0;0;70;0;22.86;22.86;14.29;21.14;5.14;2.29;7.43;2.29;1.14;0.57;0;0;28.11;0
58059;58;La Charité-sur-Loire;3363;2429;2368;470;509;531;434;138;27;176;27;30;24;2;0;934;23;19.85;21.49;22.42;18.33;5.83;1.14;7.43;1.14;1.27;1.01;0.08;0;27.77;0.97
58060;58;Charrin;471;394;385;121;59;85;57;26;7;19;2;8;1;0;0;77;4;31.43;15.32;22.08;14.81;6.75;1.82;4.94;0.52;2.08;0.26;0;0;16.35;1.04
58061;58;Chasnay;122;94;92;24;12;12;25;5;2;12;0;0;0;0;0;28;0;26.09;13.04;13.04;27.17;5.43;2.17;13.04;0;0;0;0;0;22.95;0
58062;58;Château-Chinon(Ville);1103;869;846;170;167;237;112;33;6;102;8;6;4;1;0;234;9;20.09;19.74;28.01;13.24;3.9;0.71;12.06;0.95;0.71;0.47;0.12;0;21.21;1.06
58063;58;Château-Chinon(Campagne);506;423;410;93;88;81;71;15;7;40;3;6;5;1;0;83;5;22.68;21.46;19.76;17.32;3.66;1.71;9.76;0.73;1.46;1.22;0.24;0;16.4;1.22
58064;58;Châteauneuf-Val-de-Bargis;457;363;353;90;61;63;77;27;4;15;4;8;3;1;0;94;0;25.5;17.28;17.85;21.81;7.65;1.13;4.25;1.13;2.27;0.85;0.28;0;20.57;0
58065;58;Châtillon-en-Bazois;642;514;503;111;67;116;117;28;4;44;2;7;7;0;0;128;11;22.07;13.32;23.06;23.26;5.57;0.8;8.75;0.4;1.39;1.39;0;0;19.94;2.19
58066;58;Châtin;93;67;67;15;13;12;9;5;3;5;2;1;1;1;0;26;0;22.39;19.4;17.91;13.43;7.46;4.48;7.46;2.99;1.49;1.49;1.49;0;27.96;0
58067;58;Chaulgnes;1196;973;947;254;192;212;124;57;11;57;6;23;8;3;0;223;5;26.82;20.27;22.39;13.09;6.02;1.16;6.02;0.63;2.43;0.84;0.32;0;18.65;0.53
58068;58;Chaumard;212;175;172;34;37;37;29;13;6;13;0;2;1;0;0;37;1;19.77;21.51;21.51;16.86;7.56;3.49;7.56;0;1.16;0.58;0;0;17.45;0.58
58069;58;Chaumot;137;107;102;38;12;22;16;4;1;7;0;2;0;0;0;30;0;37.25;11.76;21.57;15.69;3.92;0.98;6.86;0;1.96;0;0;0;21.9;0
58070;58;Chazeuil;55;36;36;6;5;7;12;4;1;1;0;0;0;0;0;19;0;16.67;13.89;19.44;33.33;11.11;2.78;2.78;0;0;0;0;0;34.55;0
58071;58;Chevannes-Changy;159;133;127;30;16;26;34;5;2;11;2;1;0;0;0;26;1;23.62;12.6;20.47;26.77;3.94;1.57;8.66;1.57;0.79;0;0;0;16.35;0.79
58072;58;Chevenon;533;421;415;119;82;100;52;18;4;25;6;6;3;0;0;112;1;28.67;19.76;24.1;12.53;4.34;0.96;6.02;1.45;1.45;0.72;0;0;21.01;0.24
58073;58;Chevroches;112;92;90;13;19;30;12;8;1;6;1;0;0;0;0;20;0;14.44;21.11;33.33;13.33;8.89;1.11;6.67;1.11;0;0;0;0;17.86;0
58074;58;Chiddes;264;231;220;59;34;53;41;12;3;14;2;1;1;0;0;33;5;26.82;15.45;24.09;18.64;5.45;1.36;6.36;0.91;0.45;0.45;0;0;12.5;2.27
58075;58;Chitry-les-Mines;211;171;168;34;27;46;37;4;4;15;0;1;0;0;0;40;1;20.24;16.07;27.38;22.02;2.38;2.38;8.93;0;0.6;0;0;0;18.96;0.6
58076;58;Chougny;60;52;52;4;2;16;23;4;0;1;0;1;0;1;0;8;0;7.69;3.85;30.77;44.23;7.69;0;1.92;0;1.92;0;1.92;0;13.33;0
58077;58;Ciez;343;269;262;81;60;33;52;15;7;6;1;5;2;0;0;74;0;30.92;22.9;12.6;19.85;5.73;2.67;2.29;0.38;1.91;0.76;0;0;21.57;0
58078;58;Cizely;45;37;36;7;6;15;5;0;1;1;0;0;1;0;0;8;0;19.44;16.67;41.67;13.89;0;2.78;2.78;0;0;2.78;0;0;17.78;0
58079;58;Clamecy;2527;1816;1769;395;372;419;272;89;14;151;14;25;17;1;0;711;13;22.33;21.03;23.69;15.38;5.03;0.79;8.54;0.79;1.41;0.96;0.06;0;28.14;0.73
58080;58;La Collancelle;152;128;123;37;17;20;29;6;2;6;0;4;2;0;0;24;3;30.08;13.82;16.26;23.58;4.88;1.63;4.88;0;3.25;1.63;0;0;15.79;2.44
58081;58;Colméry;283;224;215;61;40;34;40;20;1;8;3;2;6;0;0;59;4;28.37;18.6;15.81;18.6;9.3;0.47;3.72;1.4;0.93;2.79;0;0;20.85;1.86
58082;58;Corancy;259;221;214;47;46;56;25;12;3;15;0;6;3;1;0;38;1;21.96;21.5;26.17;11.68;5.61;1.4;7.01;0;2.8;1.4;0.47;0;14.67;0.47
58083;58;Corbigny;1128;889;862;161;114;201;215;52;8;79;5;14;13;0;0;239;10;18.68;13.23;23.32;24.94;6.03;0.93;9.16;0.58;1.62;1.51;0;0;21.19;1.16
58084;58;Corvol-d'Embernard;83;70;67;19;18;5;9;7;3;5;0;1;0;0;0;13;2;28.36;26.87;7.46;13.43;10.45;4.48;7.46;0;1.49;0;0;0;15.66;2.99
58085;58;Corvol-l'Orgueilleux;497;396;390;109;87;61;62;26;7;30;1;4;3;0;0;101;4;27.95;22.31;15.64;15.9;6.67;1.79;7.69;0.26;1.03;0.77;0;0;20.32;1.03
58086;58;Cosne-Cours-sur-Loire;7837;5812;5657;1398;984;1227;1241;293;58;258;77;59;46;16;0;2025;41;24.71;17.39;21.69;21.94;5.18;1.03;4.56;1.36;1.04;0.81;0.28;0;25.84;0.72
58087;58;Cossaye;569;441;430;137;77;83;67;18;8;28;3;8;1;0;0;128;5;31.86;17.91;19.3;15.58;4.19;1.86;6.51;0.7;1.86;0.23;0;0;22.5;1.16
58088;58;Coulanges-lès-Nevers;3080;2392;2311;466;446;680;337;128;27;176;12;21;14;4;0;688;24;20.16;19.3;29.42;14.58;5.54;1.17;7.62;0.52;0.91;0.61;0.17;0;22.34;1.04
58089;58;Couloutre;190;148;138;45;15;28;23;16;2;7;1;1;0;0;0;42;2;32.61;10.87;20.29;16.67;11.59;1.45;5.07;0.72;0.72;0;0;0;22.11;1.45
58090;58;Courcelles;178;156;149;51;23;23;28;6;0;12;1;2;2;1;0;22;1;34.23;15.44;15.44;18.79;4.03;0;8.05;0.67;1.34;1.34;0.67;0;12.36;0.67
58092;58;Crux-la-Ville;355;294;282;59;52;53;56;21;9;17;4;4;3;4;0;61;11;20.92;18.44;18.79;19.86;7.45;3.19;6.03;1.42;1.42;1.06;1.42;0;17.18;3.9
58093;58;Cuncy-lès-Varzy;112;93;91;11;6;29;26;5;1;5;0;4;4;0;0;19;1;12.09;6.59;31.87;28.57;5.49;1.1;5.49;0;4.4;4.4;0;0;16.96;1.1
58094;58;Dampierre-sous-Bouhy;360;288;273;73;65;40;53;7;4;15;3;5;6;2;0;72;12;26.74;23.81;14.65;19.41;2.56;1.47;5.49;1.1;1.83;2.2;0.73;0;20;4.4
58095;58;Decize;3874;2907;2831;652;500;773;482;120;22;194;15;42;23;8;0;967;24;23.03;17.66;27.3;17.03;4.24;0.78;6.85;0.53;1.48;0.81;0.28;0;24.96;0.85
58096;58;Devay;396;345;336;92;57;71;58;12;3;33;3;3;2;2;0;51;5;27.38;16.96;21.13;17.26;3.57;0.89;9.82;0.89;0.89;0.6;0.6;0;12.88;1.49
58097;58;Diennes-Aubigny;91;74;73;16;4;13;26;8;1;4;0;1;0;0;0;17;1;21.92;5.48;17.81;35.62;10.96;1.37;5.48;0;1.37;0;0;0;18.68;1.37
58098;58;Dirol;107;85;85;18;10;22;21;6;0;5;2;1;0;0;0;22;0;21.18;11.76;25.88;24.71;7.06;0;5.88;2.35;1.18;0;0;0;20.56;0
58099;58;Dommartin;148;121;119;32;20;18;23;12;1;7;0;2;3;1;0;27;2;26.89;16.81;15.13;19.33;10.08;0.84;5.88;0;1.68;2.52;0.84;0;18.24;1.68
58101;58;Dompierre-sur-Nièvre;153;123;121;37;27;25;19;4;2;5;0;1;1;0;0;30;2;30.58;22.31;20.66;15.7;3.31;1.65;4.13;0;0.83;0.83;0;0;19.61;1.65
58102;58;Donzy;1242;989;968;273;157;202;176;63;13;49;10;6;15;4;0;253;7;28.2;16.22;20.87;18.18;6.51;1.34;5.06;1.03;0.62;1.55;0.41;0;20.37;0.72
58103;58;Dornecy;384;304;298;92;73;48;36;16;4;22;2;2;3;0;0;80;3;30.87;24.5;16.11;12.08;5.37;1.34;7.38;0.67;0.67;1.01;0;0;20.83;1.01
58104;58;Dornes;1046;848;826;213;143;215;126;36;10;52;6;13;9;3;0;198;8;25.79;17.31;26.03;15.25;4.36;1.21;6.3;0.73;1.57;1.09;0.36;0;18.93;0.97
58105;58;Druy-Parigny;254;210;203;40;38;55;40;6;1;14;4;5;0;0;0;44;2;19.7;18.72;27.09;19.7;2.96;0.49;6.9;1.97;2.46;0;0;0;17.32;0.99
58106;58;Dun-les-Places;325;251;251;68;33;59;58;11;3;15;2;2;0;0;0;74;0;27.09;13.15;23.51;23.11;4.38;1.2;5.98;0.8;0.8;0;0;0;22.77;0
58107;58;Dun-sur-Grandry;125;105;100;30;20;22;17;4;1;2;1;1;2;0;0;20;3;30;20;22;17;4;1;2;1;1;2;0;0;16;3
58108;58;Empury;82;61;61;9;14;11;15;6;3;2;0;0;1;0;0;21;0;14.75;22.95;18.03;24.59;9.84;4.92;3.28;0;0;1.64;0;0;25.61;0
58109;58;Entrains-sur-Nohain;609;451;436;113;74;79;103;27;6;13;5;10;6;0;0;158;4;25.92;16.97;18.12;23.62;6.19;1.38;2.98;1.15;2.29;1.38;0;0;25.94;0.92
58110;58;Epiry;185;161;155;47;35;33;30;2;1;1;1;1;4;0;0;24;1;30.32;22.58;21.29;19.35;1.29;0.65;0.65;0.65;0.65;2.58;0;0;12.97;0.65
58111;58;Fâchin;105;89;85;30;13;28;4;4;1;4;1;0;0;0;0;16;2;35.29;15.29;32.94;4.71;4.71;1.18;4.71;1.18;0;0;0;0;15.24;2.35
58112;58;La Fermeté;478;403;390;104;86;73;58;19;8;28;3;8;3;0;0;75;6;26.67;22.05;18.72;14.87;4.87;2.05;7.18;0.77;2.05;0.77;0;0;15.69;1.54
58113;58;Fertrève;97;71;70;18;12;13;22;2;1;1;1;0;0;0;0;26;1;25.71;17.14;18.57;31.43;2.86;1.43;1.43;1.43;0;0;0;0;26.8;1.43
58114;58;Fléty;91;83;83;16;7;25;19;11;0;1;1;2;0;1;0;8;0;19.28;8.43;30.12;22.89;13.25;0;1.2;1.2;2.41;0;1.2;0;8.79;0
58115;58;Fleury-sur-Loire;182;150;143;49;24;35;24;3;1;5;1;0;1;0;0;32;0;34.27;16.78;24.48;16.78;2.1;0.7;3.5;0.7;0;0.7;0;0;17.58;0
58116;58;Flez-Cuzy;111;96;94;33;16;13;16;6;0;6;2;1;1;0;0;15;1;35.11;17.02;13.83;17.02;6.38;0;6.38;2.13;1.06;1.06;0;0;13.51;1.06
58117;58;Fourchambault;2881;2042;1983;574;489;424;216;69;31;129;8;23;16;4;0;839;17;28.95;24.66;21.38;10.89;3.48;1.56;6.51;0.4;1.16;0.81;0.2;0;29.12;0.86
58118;58;Fours;493;413;400;99;66;99;73;26;4;26;0;2;3;2;0;80;2;24.75;16.5;24.75;18.25;6.5;1;6.5;0;0.5;0.75;0.5;0;16.23;0.5
58119;58;Frasnay-Reugny;55;48;45;18;3;7;11;1;2;1;0;2;0;0;0;7;0;40;6.67;15.56;24.44;2.22;4.44;2.22;0;4.44;0;0;0;12.73;0
58120;58;Gâcogne;233;187;184;39;43;29;42;13;3;6;2;2;5;0;0;46;2;21.2;23.37;15.76;22.83;7.07;1.63;3.26;1.09;1.09;2.72;0;0;19.74;1.09
58121;58;Garchizy;2795;2198;2136;647;552;440;201;105;18;109;6;39;16;3;0;597;19;30.29;25.84;20.6;9.41;4.92;0.84;5.1;0.28;1.83;0.75;0.14;0;21.36;0.89
58122;58;Garchy;348;286;279;81;49;56;50;22;4;11;3;2;1;0;0;62;7;29.03;17.56;20.07;17.92;7.89;1.43;3.94;1.08;0.72;0.36;0;0;17.82;2.51
58123;58;Germenay;125;98;93;16;10;8;42;8;1;4;0;2;2;0;0;27;5;17.2;10.75;8.6;45.16;8.6;1.08;4.3;0;2.15;2.15;0;0;21.6;5.38
58124;58;Germigny-sur-Loire;582;489;481;162;112;82;41;24;9;30;3;12;5;1;0;93;4;33.68;23.28;17.05;8.52;4.99;1.87;6.24;0.62;2.49;1.04;0.21;0;15.98;0.83
58125;58;Gien-sur-Cure;78;69;68;21;20;17;0;1;0;7;0;0;2;0;0;9;1;30.88;29.41;25;0;1.47;0;10.29;0;0;2.94;0;0;11.54;1.47
58126;58;Gimouille;341;282;272;78;69;50;29;13;3;19;8;2;1;0;0;59;7;28.68;25.37;18.38;10.66;4.78;1.1;6.99;2.94;0.74;0.37;0;0;17.3;2.57
58127;58;Giry;190;158;154;58;20;23;28;5;3;14;1;0;2;0;0;32;3;37.66;12.99;14.94;18.18;3.25;1.95;9.09;0.65;0;1.3;0;0;16.84;1.95
58128;58;Glux-en-Glenne;92;60;60;2;22;10;10;1;0;14;0;1;0;0;0;32;0;3.33;36.67;16.67;16.67;1.67;0;23.33;0;1.67;0;0;0;34.78;0
58129;58;Gouloux;171;138;134;34;24;22;36;13;1;3;0;1;0;0;0;33;2;25.37;17.91;16.42;26.87;9.7;0.75;2.24;0;0.75;0;0;0;19.3;1.49
58130;58;Grenois;110;84;84;22;18;12;20;3;0;7;1;1;0;0;0;26;0;26.19;21.43;14.29;23.81;3.57;0;8.33;1.19;1.19;0;0;0;23.64;0
58131;58;Guérigny;1864;1518;1480;400;333;323;150;81;14;133;10;18;15;3;0;346;9;27.03;22.5;21.82;10.14;5.47;0.95;8.99;0.68;1.22;1.01;0.2;0;18.56;0.61
58132;58;Guipy;205;163;155;38;22;26;40;14;1;13;0;1;0;0;0;42;3;24.52;14.19;16.77;25.81;9.03;0.65;8.39;0;0.65;0;0;0;20.49;1.94
58133;58;Héry;54;46;44;15;6;4;13;4;0;2;0;0;0;0;0;8;0;34.09;13.64;9.09;29.55;9.09;0;4.55;0;0;0;0;0;14.81;0
58134;58;Imphy;2536;1783;1722;468;433;397;175;70;10;105;10;31;23;0;0;753;15;27.18;25.15;23.05;10.16;4.07;0.58;6.1;0.58;1.8;1.34;0;0;29.69;0.87
58135;58;Isenay;97;75;75;21;6;7;33;1;4;1;1;1;0;0;0;22;0;28;8;9.33;44;1.33;5.33;1.33;1.33;1.33;0;0;0;22.68;0
58136;58;Jailly;65;57;55;11;8;11;15;6;0;3;0;0;0;1;0;8;1;20;14.55;20;27.27;10.91;0;5.45;0;0;0;1.82;0;12.31;1.82
58137;58;Lamenay-sur-Loire;45;38;35;15;6;1;7;2;0;1;1;1;1;0;0;7;2;42.86;17.14;2.86;20;5.71;0;2.86;2.86;2.86;2.86;0;0;15.56;5.71
58138;58;Langeron;284;232;225;51;45;51;47;14;1;10;2;3;1;0;0;52;2;22.67;20;22.67;20.89;6.22;0.44;4.44;0.89;1.33;0.44;0;0;18.31;0.89
58139;58;Lanty;109;88;84;24;14;8;25;7;0;3;0;2;1;0;0;21;0;28.57;16.67;9.52;29.76;8.33;0;3.57;0;2.38;1.19;0;0;19.27;0
58140;58;Larochemillay;200;175;165;27;28;34;52;13;0;9;1;1;0;0;0;25;3;16.36;16.97;20.61;31.52;7.88;0;5.45;0.61;0.61;0;0;0;12.5;1.82
58141;58;Lavault-de-Frétoy;62;51;51;14;16;7;7;2;0;2;0;2;1;0;0;11;0;27.45;31.37;13.73;13.73;3.92;0;3.92;0;3.92;1.96;0;0;17.74;0
58142;58;Limanton;190;162;159;30;25;42;36;8;5;11;1;0;0;1;0;28;0;18.87;15.72;26.42;22.64;5.03;3.14;6.92;0.63;0;0;0.63;0;14.74;0
58143;58;Limon;130;108;99;28;25;20;16;2;2;0;2;4;0;0;0;22;3;28.28;25.25;20.2;16.16;2.02;2.02;0;2.02;4.04;0;0;0;16.92;3.03
58144;58;Livry;475;388;377;101;87;59;53;32;9;21;6;2;6;1;0;87;4;26.79;23.08;15.65;14.06;8.49;2.39;5.57;1.59;0.53;1.59;0.27;0;18.32;1.06
58145;58;Lormes;942;745;727;167;120;190;105;52;7;55;3;16;12;0;0;197;3;22.97;16.51;26.13;14.44;7.15;0.96;7.57;0.41;2.2;1.65;0;0;20.91;0.41
58146;58;Lucenay-lès-Aix;770;601;581;196;74;119;113;29;11;22;6;5;4;2;0;169;7;33.73;12.74;20.48;19.45;4.99;1.89;3.79;1.03;0.86;0.69;0.34;0;21.95;1.2
58147;58;Lurcy-le-Bourg;261;201;197;57;37;46;35;7;1;7;0;3;3;1;0;60;0;28.93;18.78;23.35;17.77;3.55;0.51;3.55;0;1.52;1.52;0.51;0;22.99;0
58148;58;Luthenay-Uxeloup;441;355;346;87;61;88;43;18;4;24;9;10;1;1;0;86;1;25.14;17.63;25.43;12.43;5.2;1.16;6.94;2.6;2.89;0.29;0.29;0;19.5;0.29
58149;58;Luzy;1530;1270;1222;246;188;369;216;61;14;93;4;15;12;4;0;260;9;20.13;15.38;30.2;17.68;4.99;1.15;7.61;0.33;1.23;0.98;0.33;0;16.99;0.74
58150;58;Lys;108;88;87;33;8;15;20;4;1;4;0;1;1;0;0;20;1;37.93;9.2;17.24;22.99;4.6;1.15;4.6;0;1.15;1.15;0;0;18.52;1.15
58151;58;La Machine;2654;1863;1816;508;400;408;218;83;17;115;9;39;16;3;0;791;10;27.97;22.03;22.47;12;4.57;0.94;6.33;0.5;2.15;0.88;0.17;0;29.8;0.55
58152;58;Magny-Cours;1059;861;841;232;139;200;148;54;11;44;6;3;4;0;0;198;4;27.59;16.53;23.78;17.6;6.42;1.31;5.23;0.71;0.36;0.48;0;0;18.7;0.48
58153;58;Magny-Lormes;65;55;54;9;9;18;7;5;3;0;0;1;2;0;0;10;1;16.67;16.67;33.33;12.96;9.26;5.56;0;0;1.85;3.7;0;0;15.38;1.85
58154;58;La Maison-Dieu;101;84;75;21;11;15;19;1;0;4;1;0;2;1;0;17;6;28;14.67;20;25.33;1.33;0;5.33;1.33;0;2.67;1.33;0;16.83;8
58155;58;La Marche;487;390;375;88;92;75;57;18;3;29;5;6;1;1;0;97;5;23.47;24.53;20;15.2;4.8;0.8;7.73;1.33;1.6;0.27;0.27;0;19.92;1.33
58156;58;Marcy;134;113;110;42;19;14;23;7;0;4;0;0;1;0;0;21;1;38.18;17.27;12.73;20.91;6.36;0;3.64;0;0;0.91;0;0;15.67;0.91
58157;58;Marigny-l'Eglise;289;232;230;59;40;50;40;15;4;17;3;1;1;0;0;57;0;25.65;17.39;21.74;17.39;6.52;1.74;7.39;1.3;0.43;0.43;0;0;19.72;0
58158;58;Mars-sur-Allier;226;188;180;66;31;37;32;5;1;6;0;1;1;0;0;38;1;36.67;17.22;20.56;17.78;2.78;0.56;3.33;0;0.56;0.56;0;0;16.81;0.56
58159;58;Marigny-sur-Yonne;161;136;132;29;16;30;24;17;6;8;1;1;0;0;0;25;4;21.97;12.12;22.73;18.18;12.88;4.55;6.06;0.76;0.76;0;0;0;15.53;3.03
58160;58;Marzy;3014;2436;2375;463;434;674;432;131;18;158;19;28;13;5;0;578;11;19.49;18.27;28.38;18.19;5.52;0.76;6.65;0.8;1.18;0.55;0.21;0;19.18;0.46
58161;58;Maux;132;103;102;35;5;18;25;4;1;12;0;1;1;0;0;29;0;34.31;4.9;17.65;24.51;3.92;0.98;11.76;0;0.98;0.98;0;0;21.97;0
58162;58;Menestreau;102;87;87;21;26;9;22;2;3;3;0;1;0;0;0;15;0;24.14;29.89;10.34;25.29;2.3;3.45;3.45;0;1.15;0;0;0;14.71;0
58163;58;Menou;171;150;148;36;35;32;24;9;1;8;1;1;1;0;0;21;1;24.32;23.65;21.62;16.22;6.08;0.68;5.41;0.68;0.68;0.68;0;0;12.28;0.68
58164;58;Mesves-sur-Loire;529;428;417;138;55;81;71;31;6;20;4;6;5;0;0;101;2;33.09;13.19;19.42;17.03;7.43;1.44;4.8;0.96;1.44;1.2;0;0;19.09;0.48
58165;58;Metz-le-Comte;140;111;107;28;10;29;27;3;1;4;0;2;3;0;0;29;3;26.17;9.35;27.1;25.23;2.8;0.93;3.74;0;1.87;2.8;0;0;20.71;2.8
58166;58;Mhère;210;173;167;39;40;27;35;11;3;9;0;1;2;0;0;37;3;23.35;23.95;16.17;20.96;6.59;1.8;5.39;0;0.6;1.2;0;0;17.62;1.8
58168;58;Millay;345;291;288;58;51;52;54;29;8;26;0;8;1;1;0;54;1;20.14;17.71;18.06;18.75;10.07;2.78;9.03;0;2.78;0.35;0.35;0;15.65;0.35
58169;58;Moissy-Moulinot;25;22;20;1;2;9;3;4;0;0;0;1;0;0;0;3;0;5;10;45;15;20;0;0;0;5;0;0;0;12;0
58170;58;Monceaux-le-Comte;110;78;74;20;14;18;9;5;1;5;0;0;1;1;0;32;2;27.03;18.92;24.32;12.16;6.76;1.35;6.76;0;0;1.35;1.35;0;29.09;2.7
58171;58;Montapas;245;191;185;45;37;36;38;8;1;15;0;3;2;0;0;54;4;24.32;20;19.46;20.54;4.32;0.54;8.11;0;1.62;1.08;0;0;22.04;2.16
58172;58;Montambert;99;86;85;22;12;14;19;10;2;4;0;2;0;0;0;13;0;25.88;14.12;16.47;22.35;11.76;2.35;4.71;0;2.35;0;0;0;13.13;0
58173;58;Montaron;128;95;89;27;12;19;19;3;3;5;0;0;1;0;0;33;5;30.34;13.48;21.35;21.35;3.37;3.37;5.62;0;0;1.12;0;0;25.78;5.62
58174;58;Montenoison;113;92;87;33;9;9;18;8;3;4;0;1;2;0;0;21;3;37.93;10.34;10.34;20.69;9.2;3.45;4.6;0;1.15;2.3;0;0;18.58;3.45
58175;58;Mont-et-Marré;152;123;121;37;16;19;34;5;3;6;0;1;0;0;0;29;1;30.58;13.22;15.7;28.1;4.13;2.48;4.96;0;0.83;0;0;0;19.08;0.83
58176;58;Montigny-aux-Amognes;462;393;383;81;74;77;58;36;4;40;6;3;2;2;0;69;2;21.15;19.32;20.1;15.14;9.4;1.04;10.44;1.57;0.78;0.52;0.52;0;14.94;0.52
58177;58;Montigny-en-Morvan;243;197;195;42;29;42;53;6;6;11;2;2;2;0;0;46;1;21.54;14.87;21.54;27.18;3.08;3.08;5.64;1.03;1.03;1.03;0;0;18.93;0.51
58178;58;Montigny-sur-Canne;141;116;114;34;9;10;47;7;3;2;0;1;1;0;0;25;1;29.82;7.89;8.77;41.23;6.14;2.63;1.75;0;0.88;0.88;0;0;17.73;0.88
58179;58;Montreuillon;234;183;177;51;31;38;31;10;3;13;0;0;0;0;0;51;2;28.81;17.51;21.47;17.51;5.65;1.69;7.34;0;0;0;0;0;21.79;1.13
58180;58;Montsauche-les-Settons;428;341;337;71;48;85;71;17;10;23;4;2;6;0;0;87;1;21.07;14.24;25.22;21.07;5.04;2.97;6.82;1.19;0.59;1.78;0;0;20.33;0.3
58181;58;Moraches;119;95;94;13;26;12;21;6;1;9;2;3;1;0;0;24;1;13.83;27.66;12.77;22.34;6.38;1.06;9.57;2.13;3.19;1.06;0;0;20.17;1.06
58182;58;Moulins-Engilbert;1129;896;865;192;143;205;175;42;22;53;14;10;9;0;0;233;6;22.2;16.53;23.7;20.23;4.86;2.54;6.13;1.62;1.16;1.04;0;0;20.64;0.69
58183;58;Mouron-sur-Yonne;76;60;56;16;16;15;5;1;0;2;0;1;0;0;0;16;2;28.57;28.57;26.79;8.93;1.79;0;3.57;0;1.79;0;0;0;21.05;3.57
58184;58;Moussy;108;86;83;15;8;26;23;7;1;3;0;0;0;0;0;22;1;18.07;9.64;31.33;27.71;8.43;1.2;3.61;0;0;0;0;0;20.37;1.2
58185;58;Moux-en-Morvan;495;400;383;117;63;56;84;32;2;20;3;2;4;0;0;95;2;30.55;16.45;14.62;21.93;8.36;0.52;5.22;0.78;0.52;1.04;0;0;19.19;0.52
58186;58;Murlin;61;50;50;14;10;5;8;5;4;4;0;0;0;0;0;11;0;28;20;10;16;10;8;8;0;0;0;0;0;18.03;0
58187;58;Myennes;413;310;300;117;42;48;44;24;5;8;1;5;5;1;0;103;2;39;14;16;14.67;8;1.67;2.67;0.33;1.67;1.67;0.33;0;24.94;0.67
58188;58;Nannay;111;88;87;28;16;19;8;4;0;9;0;2;1;0;0;23;0;32.18;18.39;21.84;9.2;4.6;0;10.34;0;2.3;1.15;0;0;20.72;0
58189;58;Narcy;424;337;322;73;69;77;49;17;5;19;0;7;4;2;0;87;4;22.67;21.43;23.91;15.22;5.28;1.55;5.9;0;2.17;1.24;0.62;0;20.52;1.24
58190;58;Neuffontaines;110;86;83;34;8;16;18;4;0;1;0;2;0;0;0;24;1;40.96;9.64;19.28;21.69;4.82;0;1.2;0;2.41;0;0;0;21.82;1.2
58191;58;Neuilly;122;94;89;22;6;20;13;7;6;10;1;2;2;0;0;28;3;24.72;6.74;22.47;14.61;7.87;6.74;11.24;1.12;2.25;2.25;0;0;22.95;3.37
58192;58;Neuville-lès-Decize;187;154;150;54;42;20;18;3;3;5;0;2;3;0;0;33;4;36;28;13.33;12;2;2;3.33;0;1.33;2;0;0;17.65;2.67
58193;58;Neuvy-sur-Loire;1053;841;820;294;115;136;135;59;11;38;12;6;12;2;0;212;7;35.85;14.02;16.59;16.46;7.2;1.34;4.63;1.46;0.73;1.46;0.24;0;20.13;0.85
58194;58;Nevers;22826;15854;15364;2755;3393;4120;2578;664;116;1332;119;157;93;37;0;6972;0;17.93;22.08;26.82;16.78;4.32;0.76;8.67;0.77;1.02;0.61;0.24;0;30.54;0
58195;58;La Nocle-Maulaix;263;215;210;57;26;53;46;12;1;10;2;0;3;0;0;48;3;27.14;12.38;25.24;21.9;5.71;0.48;4.76;0.95;0;1.43;0;0;18.25;1.43
58196;58;Nolay;308;235;230;87;36;58;18;12;2;15;0;1;0;1;0;73;2;37.83;15.65;25.22;7.83;5.22;0.87;6.52;0;0.43;0;0.43;0;23.7;0.87
58197;58;Nuars;125;112;109;21;20;15;33;5;3;4;6;2;0;0;0;13;3;19.27;18.35;13.76;30.28;4.59;2.75;3.67;5.5;1.83;0;0;0;10.4;2.75
58198;58;Oisy;275;218;211;45;52;37;33;14;1;22;4;1;0;2;0;57;1;21.33;24.64;17.54;15.64;6.64;0.47;10.43;1.9;0.47;0;0.95;0;20.73;0.47
58199;58;Onlay;129;110;105;21;16;32;20;4;2;7;1;1;1;0;0;19;3;20;15.24;30.48;19.05;3.81;1.9;6.67;0.95;0.95;0.95;0;0;14.73;2.86
58200;58;Ouagne;128;107;107;30;15;27;17;9;1;6;0;2;0;0;0;21;0;28.04;14.02;25.23;15.89;8.41;0.93;5.61;0;1.87;0;0;0;16.41;0
58201;58;Oudan;123;92;90;20;20;14;21;3;5;5;0;2;0;0;0;31;2;22.22;22.22;15.56;23.33;3.33;5.56;5.56;0;2.22;0;0;0;25.2;2.22
58202;58;Ougny;37;22;21;10;0;0;8;0;0;3;0;0;0;0;0;15;1;47.62;0;0;38.1;0;0;14.29;0;0;0;0;0;40.54;4.76
58203;58;Oulon;70;58;54;14;8;11;9;3;1;4;3;0;1;0;0;12;0;25.93;14.81;20.37;16.67;5.56;1.85;7.41;5.56;0;1.85;0;0;17.14;0
58204;58;Vaux d'Amognes;423;355;338;108;72;64;40;19;3;19;4;7;0;2;0;68;5;31.95;21.3;18.93;11.83;5.62;0.89;5.62;1.18;2.07;0;0.59;0;16.08;1.48
58205;58;Ouroux-en-Morvan;595;453;447;107;85;115;80;15;7;28;5;2;2;1;0;142;3;23.94;19.02;25.73;17.9;3.36;1.57;6.26;1.12;0.45;0.45;0.22;0;23.87;0.67
58206;58;Parigny-la-Rose;44;37;36;13;6;1;9;0;0;4;3;0;0;0;0;7;1;36.11;16.67;2.78;25;0;0;11.11;8.33;0;0;0;0;15.91;2.78
58207;58;Parigny-les-Vaux;745;639;620;182;125;144;80;29;6;41;2;7;4;0;0;106;6;29.35;20.16;23.23;12.9;4.68;0.97;6.61;0.32;1.13;0.65;0;0;14.23;0.97
58208;58;Pazy;281;240;235;52;28;47;74;11;1;19;1;2;0;0;0;41;2;22.13;11.91;20;31.49;4.68;0.43;8.09;0.43;0.85;0;0;0;14.59;0.85
58209;58;Perroy;160;121;118;46;11;15;26;8;4;4;0;2;2;0;0;39;1;38.98;9.32;12.71;22.03;6.78;3.39;3.39;0;1.69;1.69;0;0;24.38;0.85
58210;58;Planchez;235;184;183;52;29;45;26;19;2;9;1;0;0;0;0;51;1;28.42;15.85;24.59;14.21;10.38;1.09;4.92;0.55;0;0;0;0;21.7;0.55
58211;58;Poil;124;100;98;23;9;28;24;6;1;6;1;0;0;0;0;24;0;23.47;9.18;28.57;24.49;6.12;1.02;6.12;1.02;0;0;0;0;19.35;0
58212;58;Poiseux;257;208;204;76;42;35;28;8;2;7;3;2;1;0;0;49;0;37.25;20.59;17.16;13.73;3.92;0.98;3.43;1.47;0.98;0.49;0;0;19.07;0
58213;58;Pougny;390;301;294;84;49;49;61;18;4;15;5;6;2;1;0;89;5;28.57;16.67;16.67;20.75;6.12;1.36;5.1;1.7;2.04;0.68;0.34;0;22.82;1.7
58214;58;Pougues-les-Eaux;1798;1472;1427;326;281;330;271;77;16;79;17;16;12;2;0;326;10;22.85;19.69;23.13;18.99;5.4;1.12;5.54;1.19;1.12;0.84;0.14;0;18.13;0.7
58215;58;Pouilly-sur-Loire;1280;1015;981;269;148;185;238;56;12;49;5;13;5;1;0;265;10;27.42;15.09;18.86;24.26;5.71;1.22;4.99;0.51;1.33;0.51;0.1;0;20.7;1.02
58216;58;Pouques-Lormes;137;101;99;20;30;21;10;2;5;8;0;3;0;0;0;36;1;20.2;30.3;21.21;10.1;2.02;5.05;8.08;0;3.03;0;0;0;26.28;1.01
58217;58;Pousseaux;169;137;131;30;20;34;25;6;3;9;2;1;1;0;0;32;0;22.9;15.27;25.95;19.08;4.58;2.29;6.87;1.53;0.76;0.76;0;0;18.93;0
58218;58;Prémery;1458;1074;1037;298;223;211;169;49;4;49;11;9;14;0;0;384;11;28.74;21.5;20.35;16.3;4.73;0.39;4.73;1.06;0.87;1.35;0;0;26.34;1.06
58219;58;Préporché;179;134;133;25;17;22;50;4;1;10;2;2;0;0;0;45;0;18.8;12.78;16.54;37.59;3.01;0.75;7.52;1.5;1.5;0;0;0;25.14;0
58220;58;Raveau;540;435;426;105;124;91;46;21;4;22;3;7;1;2;0;105;2;24.65;29.11;21.36;10.8;4.93;0.94;5.16;0.7;1.64;0.23;0.47;0;19.44;0.47
58221;58;Rémilly;127;98;93;18;10;18;25;9;2;5;1;2;2;1;0;29;0;19.35;10.75;19.35;26.88;9.68;2.15;5.38;1.08;2.15;2.15;1.08;0;22.83;0
58222;58;Rix;176;151;150;40;38;34;16;10;1;10;0;1;0;0;0;25;0;26.67;25.33;22.67;10.67;6.67;0.67;6.67;0;0.67;0;0;0;14.2;0
58223;58;Rouy;464;388;377;137;50;74;62;15;4;26;2;6;0;1;0;76;11;36.34;13.26;19.63;16.45;3.98;1.06;6.9;0.53;1.59;0;0.27;0;16.38;2.92
58224;58;Ruages;76;66;65;16;10;10;11;9;2;4;1;2;0;0;0;10;0;24.62;15.38;15.38;16.92;13.85;3.08;6.15;1.54;3.08;0;0;0;13.16;0
58225;58;Saincaize-Meauce;323;249;247;88;53;36;41;6;3;14;0;5;1;0;0;74;0;35.63;21.46;14.57;16.6;2.43;1.21;5.67;0;2.02;0.4;0;0;22.91;0
58226;58;Saint-Agnan;136;121;121;37;34;14;22;8;1;5;0;0;0;0;0;15;0;30.58;28.1;11.57;18.18;6.61;0.83;4.13;0;0;0;0;0;11.03;0
58227;58;Saint-Amand-en-Puisaye;1004;788;773;219;138;156;124;49;6;50;11;8;4;8;0;216;5;28.33;17.85;20.18;16.04;6.34;0.78;6.47;1.42;1.03;0.52;1.03;0;21.51;0.65
58228;58;Saint-Andelain;440;370;360;115;36;50;110;24;6;8;4;3;4;0;0;70;3;31.94;10;13.89;30.56;6.67;1.67;2.22;1.11;0.83;1.11;0;0;15.91;0.83
58229;58;Saint-André-en-Morvan;257;198;190;36;34;58;30;17;1;6;3;4;0;1;0;59;3;18.95;17.89;30.53;15.79;8.95;0.53;3.16;1.58;2.11;0;0.53;0;22.96;1.58
58230;58;Saint-Aubin-des-Chaumes;72;57;55;16;4;11;12;2;0;2;4;3;1;0;0;15;2;29.09;7.27;20;21.82;3.64;0;3.64;7.27;5.45;1.82;0;0;20.83;3.64
58231;58;Saint-Aubin-les-Forges;327;258;253;70;48;50;43;16;2;15;1;4;4;0;0;69;2;27.67;18.97;19.76;17;6.32;0.79;5.93;0.4;1.58;1.58;0;0;21.1;0.79
58232;58;Saint-Benin-d'Azy;944;808;777;176;153;188;155;36;9;42;8;5;5;0;0;136;12;22.65;19.69;24.2;19.95;4.63;1.16;5.41;1.03;0.64;0.64;0;0;14.41;1.54
58233;58;Saint-Benin-des-Bois;157;129;127;23;20;22;36;6;2;8;4;5;1;0;0;28;1;18.11;15.75;17.32;28.35;4.72;1.57;6.3;3.15;3.94;0.79;0;0;17.83;0.79
58234;58;Saint-Bonnot;76;67;67;33;8;8;10;1;1;3;1;0;2;0;0;9;0;49.25;11.94;11.94;14.93;1.49;1.49;4.48;1.49;0;2.99;0;0;11.84;0
58235;58;Saint-Brisson;247;197;190;52;41;50;16;10;1;17;0;3;0;0;0;50;3;27.37;21.58;26.32;8.42;5.26;0.53;8.95;0;1.58;0;0;0;20.24;1.58
58236;58;Sainte-Colombe-des-Bois;110;87;83;24;12;16;13;5;3;6;2;0;2;0;0;23;0;28.92;14.46;19.28;15.66;6.02;3.61;7.23;2.41;0;2.41;0;0;20.91;0
58237;58;Saint-Didier;33;24;24;12;0;6;5;0;0;1;0;0;0;0;0;9;0;50;0;25;20.83;0;0;4.17;0;0;0;0;0;27.27;0
58238;58;Saint-Eloi;1685;1352;1319;283;273;349;208;69;9;83;9;25;10;1;0;333;6;21.46;20.7;26.46;15.77;5.23;0.68;6.29;0.68;1.9;0.76;0.08;0;19.76;0.45
58239;58;Saint-Firmin;132;108;105;23;19;18;20;8;1;11;0;4;1;0;0;24;3;21.9;18.1;17.14;19.05;7.62;0.95;10.48;0;3.81;0.95;0;0;18.18;2.86
58240;58;Saint-Franchy;80;71;70;18;3;15;17;4;1;2;5;2;1;2;0;9;1;25.71;4.29;21.43;24.29;5.71;1.43;2.86;7.14;2.86;1.43;2.86;0;11.25;1.43
58241;58;Saint-Germain-Chassenay;270;224;218;64;34;55;30;12;0;17;3;2;1;0;0;46;0;29.36;15.6;25.23;13.76;5.5;0;7.8;1.38;0.92;0.46;0;0;17.04;0
58242;58;Saint-Germain-des-Bois;114;103;97;24;18;18;21;4;2;7;1;0;2;0;0;11;5;24.74;18.56;18.56;21.65;4.12;2.06;7.22;1.03;0;2.06;0;0;9.65;5.15
58243;58;Saint-Gratien-Savigny;116;83;81;19;16;10;33;2;0;1;0;0;0;0;0;33;1;23.46;19.75;12.35;40.74;2.47;0;1.23;0;0;0;0;0;28.45;1.23
58244;58;Saint-Hilaire-en-Morvan;196;167;159;29;23;32;33;13;8;14;2;2;2;1;0;29;2;18.24;14.47;20.13;20.75;8.18;5.03;8.81;1.26;1.26;1.26;0.63;0;14.8;1.26
58245;58;Saint-Hilaire-Fontaine;138;113;108;31;18;24;19;4;0;10;0;0;2;0;0;25;2;28.7;16.67;22.22;17.59;3.7;0;9.26;0;0;1.85;0;0;18.12;1.85
58246;58;Saint-Honoré-les-Bains;609;493;481;119;61;119;112;30;3;23;8;2;3;1;0;116;3;24.74;12.68;24.74;23.28;6.24;0.62;4.78;1.66;0.42;0.62;0.21;0;19.05;0.62
58247;58;Saint-Jean-aux-Amognes;403;331;324;86;52;75;65;23;3;14;1;5;0;0;0;72;4;26.54;16.05;23.15;20.06;7.1;0.93;4.32;0.31;1.54;0;0;0;17.87;1.23
58248;58;Saint-Laurent l'Abbaye;168;133;130;45;26;17;22;7;4;4;0;1;3;1;0;35;1;34.62;20;13.08;16.92;5.38;3.08;3.08;0;0.77;2.31;0.77;0;20.83;0.77
58249;58;Saint-Léger-de-Fougeret;190;156;152;21;36;40;31;4;1;15;2;1;0;1;0;34;1;13.82;23.68;26.32;20.39;2.63;0.66;9.87;1.32;0.66;0;0.66;0;17.89;0.66
58250;58;Saint-Léger-des-Vignes;1430;1102;1070;289;223;262;134;48;9;75;5;12;11;2;0;328;13;27.01;20.84;24.49;12.52;4.49;0.84;7.01;0.47;1.12;1.03;0.19;0;22.94;1.21
58251;58;Saint-Loup;377;323;315;112;58;47;43;17;5;23;2;2;6;0;0;54;1;35.56;18.41;14.92;13.65;5.4;1.59;7.3;0.63;0.63;1.9;0;0;14.32;0.32
58252;58;Saint-Malo-en-Donziois;139;116;116;27;22;29;20;6;4;5;0;1;1;1;0;23;0;23.28;18.97;25;17.24;5.17;3.45;4.31;0;0.86;0.86;0.86;0;16.55;0
58253;58;Sainte-Marie;82;56;55;14;8;8;17;3;1;3;1;0;0;0;0;26;0;25.45;14.55;14.55;30.91;5.45;1.82;5.45;1.82;0;0;0;0;31.71;0
58254;58;Saint-Martin-d'Heuille;479;418;411;108;61;99;86;18;3;23;1;6;5;1;0;61;2;26.28;14.84;24.09;20.92;4.38;0.73;5.6;0.24;1.46;1.22;0.24;0;12.73;0.49
58255;58;Saint-Martin-du-Puy;272;225;221;57;39;44;37;18;2;16;1;5;2;0;0;47;2;25.79;17.65;19.91;16.74;8.14;0.9;7.24;0.45;2.26;0.9;0;0;17.28;0.9
58256;58;Saint-Martin-sur-Nohain;304;252;242;82;40;42;40;19;2;5;6;3;2;1;0;52;5;33.88;16.53;17.36;16.53;7.85;0.83;2.07;2.48;1.24;0.83;0.41;0;17.11;2.07
58257;58;Saint-Maurice;53;41;40;7;3;1;24;1;0;1;2;0;1;0;0;12;1;17.5;7.5;2.5;60;2.5;0;2.5;5;0;2.5;0;0;22.64;2.5
58258;58;Saint-Ouen-sur-Loire;424;343;335;87;61;73;64;21;2;11;5;6;5;0;0;81;6;25.97;18.21;21.79;19.1;6.27;0.6;3.28;1.49;1.79;1.49;0;0;19.1;1.79
58259;58;Saint-Parize-en-Viry;150;115;113;28;24;24;27;2;0;5;0;1;2;0;0;35;1;24.78;21.24;21.24;23.89;1.77;0;4.42;0;0.88;1.77;0;0;23.33;0.88
58260;58;Saint-Parize-le-Châtel;957;797;778;180;140;175;144;59;6;49;11;8;4;2;0;160;3;23.14;17.99;22.49;18.51;7.58;0.77;6.3;1.41;1.03;0.51;0.26;0;16.72;0.39
58261;58;Saint-Père;907;724;701;200;130;141;129;43;11;24;3;6;12;2;0;183;11;28.53;18.54;20.11;18.4;6.13;1.57;3.42;0.43;0.86;1.71;0.29;0;20.18;1.57
58262;58;Saint-Péreuse;218;179;174;62;18;27;45;12;1;6;1;0;1;1;0;39;0;35.63;10.34;15.52;25.86;6.9;0.57;3.45;0.57;0;0.57;0.57;0;17.89;0
58263;58;Saint-Pierre-du-Mont;167;147;142;46;14;19;40;5;3;8;1;2;3;1;0;20;1;32.39;9.86;13.38;28.17;3.52;2.11;5.63;0.7;1.41;2.11;0.7;0;11.98;0.7
58264;58;Saint-Pierre-le-Moûtier;1303;1033;1007;290;157;237;161;63;7;56;7;17;11;1;0;270;7;28.8;15.59;23.54;15.99;6.26;0.7;5.56;0.7;1.69;1.09;0.1;0;20.72;0.7
58265;58;Saint-Quentin-sur-Nohain;101;86;79;9;9;21;22;4;1;10;1;2;0;0;0;15;2;11.39;11.39;26.58;27.85;5.06;1.27;12.66;1.27;2.53;0;0;0;14.85;2.53
58266;58;Saint-Révérien;147;123;122;28;16;25;30;14;2;5;0;1;1;0;0;24;1;22.95;13.11;20.49;24.59;11.48;1.64;4.1;0;0.82;0.82;0;0;16.33;0.82
58267;58;Saint-Saulge;546;423;408;122;55;67;111;20;3;20;0;5;3;2;0;123;2;29.9;13.48;16.42;27.21;4.9;0.74;4.9;0;1.23;0.74;0.49;0;22.53;0.49
58268;58;Saint-Seine;162;133;126;38;9;31;31;11;2;4;0;0;0;0;0;29;4;30.16;7.14;24.6;24.6;8.73;1.59;3.17;0;0;0;0;0;17.9;3.17
58269;58;Saint-Sulpice;326;272;263;69;51;47;54;11;3;25;0;1;2;0;0;54;4;26.24;19.39;17.87;20.53;4.18;1.14;9.51;0;0.38;0.76;0;0;16.56;1.52
58270;58;Saint-Vérain;342;260;253;85;36;43;40;14;5;15;0;7;6;2;0;82;4;33.6;14.23;17;15.81;5.53;1.98;5.93;0;2.77;2.37;0.79;0;23.98;1.58
58271;58;Saizy;107;87;86;11;12;20;34;3;4;2;0;0;0;0;0;20;0;12.79;13.95;23.26;39.53;3.49;4.65;2.33;0;0;0;0;0;18.69;0
58272;58;Sardy-lès-Epiry;105;88;84;22;21;21;9;6;1;1;1;1;1;0;0;17;1;26.19;25;25;10.71;7.14;1.19;1.19;1.19;1.19;1.19;0;0;16.19;1.19
58273;58;Sauvigny-les-Bois;1119;921;894;220;178;233;139;50;5;50;5;4;8;2;0;198;8;24.61;19.91;26.06;15.55;5.59;0.56;5.59;0.56;0.45;0.89;0.22;0;17.69;0.89
58274;58;Savigny-Poil-Fol;81;72;64;21;6;15;14;2;0;2;1;2;1;0;0;9;1;32.81;9.38;23.44;21.88;3.13;0;3.13;1.56;3.13;1.56;0;0;11.11;1.56
58275;58;Saxi-Bourdon;219;184;179;53;39;19;45;7;1;10;1;3;1;0;0;35;0;29.61;21.79;10.61;25.14;3.91;0.56;5.59;0.56;1.68;0.56;0;0;15.98;0
58276;58;Sémelay;185;153;145;37;23;24;34;7;2;15;0;0;3;0;0;32;0;25.52;15.86;16.55;23.45;4.83;1.38;10.34;0;0;2.07;0;0;17.3;0
58277;58;Sermages;184;144;139;20;12;32;42;9;3;11;3;3;2;2;0;40;1;14.39;8.63;23.02;30.22;6.47;2.16;7.91;2.16;2.16;1.44;1.44;0;21.74;0.72
58278;58;Sermoise-sur-Loire;1134;921;882;221;169;209;133;54;14;62;1;13;6;0;0;213;11;25.06;19.16;23.7;15.08;6.12;1.59;7.03;0.11;1.47;0.68;0;0;18.78;1.25
58279;58;Sichamps;167;127;119;38;29;10;29;4;0;6;1;0;1;1;0;40;4;31.93;24.37;8.4;24.37;3.36;0;5.04;0.84;0;0.84;0.84;0;23.95;3.36
58280;58;Sougy-sur-Loire;528;429;419;113;71;97;82;14;5;22;2;8;4;1;0;99;4;26.97;16.95;23.15;19.57;3.34;1.19;5.25;0.48;1.91;0.95;0.24;0;18.75;0.95
58281;58;Suilly-la-Tour;509;413;402;90;69;89;88;28;6;16;9;4;3;0;0;96;2;22.39;17.16;22.14;21.89;6.97;1.49;3.98;2.24;1;0.75;0;0;18.86;0.5
58282;58;Surgy;328;247;243;70;57;37;48;10;2;13;2;3;1;0;0;81;4;28.81;23.46;15.23;19.75;4.12;0.82;5.35;0.82;1.23;0.41;0;0;24.7;1.65
58283;58;Taconnay;82;68;65;9;22;12;14;4;0;3;1;0;0;0;0;14;2;13.85;33.85;18.46;21.54;6.15;0;4.62;1.54;0;0;0;0;17.07;3.08
58284;58;Talon;49;42;41;12;3;12;8;1;0;5;0;0;0;0;0;7;1;29.27;7.32;29.27;19.51;2.44;0;12.2;0;0;0;0;0;14.29;2.44
58285;58;Tamnay-en-Bazois;151;126;123;34;16;26;28;4;2;10;0;3;0;0;0;25;1;27.64;13.01;21.14;22.76;3.25;1.63;8.13;0;2.44;0;0;0;16.56;0.81
58286;58;Tannay;428;347;335;78;42;72;83;25;4;17;2;5;4;3;0;81;5;23.28;12.54;21.49;24.78;7.46;1.19;5.07;0.6;1.49;1.19;0.9;0;18.93;1.49
58287;58;Tazilly;177;135;130;37;15;35;28;4;1;6;0;3;1;0;0;42;1;28.46;11.54;26.92;21.54;3.08;0.77;4.62;0;2.31;0.77;0;0;23.73;0.77
58288;58;Teigny;98;78;76;7;10;23;19;3;1;12;1;0;0;0;0;20;1;9.21;13.16;30.26;25;3.95;1.32;15.79;1.32;0;0;0;0;20.41;1.32
58289;58;Ternant;129;101;100;28;12;20;29;4;1;1;2;1;2;0;0;28;1;28;12;20;29;4;1;1;2;1;2;0;0;21.71;1
58290;58;Thaix;48;45;45;8;6;7;12;3;5;2;1;0;0;1;0;3;0;17.78;13.33;15.56;26.67;6.67;11.11;4.44;2.22;0;0;2.22;0;6.25;0
58291;58;Thianges;164;137;133;38;26;30;24;2;0;8;1;1;3;0;0;27;1;28.57;19.55;22.56;18.05;1.5;0;6.02;0.75;0.75;2.26;0;0;16.46;0.75
58292;58;Tintury;160;119;117;26;14;22;28;8;0;13;0;2;4;0;0;41;0;22.22;11.97;18.8;23.93;6.84;0;11.11;0;1.71;3.42;0;0;25.63;0
58293;58;Toury-Lurcy;347;281;272;97;41;51;37;12;2;27;0;3;2;0;0;66;3;35.66;15.07;18.75;13.6;4.41;0.74;9.93;0;1.1;0.74;0;0;19.02;1.1
58294;58;Toury-sur-Jour;118;102;92;26;9;16;27;4;0;7;0;3;0;0;0;16;9;28.26;9.78;17.39;29.35;4.35;0;7.61;0;3.26;0;0;0;13.56;9.78
58295;58;Tracy-sur-Loire;723;602;583;200;81;131;95;32;10;18;1;6;6;3;0;121;5;34.31;13.89;22.47;16.3;5.49;1.72;3.09;0.17;1.03;1.03;0.51;0;16.74;0.86
58296;58;Tresnay;134;110;108;30;14;23;24;9;1;3;1;2;1;0;0;24;2;27.78;12.96;21.3;22.22;8.33;0.93;2.78;0.93;1.85;0.93;0;0;17.91;1.85
58297;58;Trois-Vèvres;178;140;135;49;23;20;12;12;1;9;2;4;3;0;0;38;4;36.3;17.04;14.81;8.89;8.89;0.74;6.67;1.48;2.96;2.22;0;0;21.35;2.96
58298;58;Tronsanges;278;248;242;73;47;45;36;20;5;12;0;2;2;0;0;30;1;30.17;19.42;18.6;14.88;8.26;2.07;4.96;0;0.83;0.83;0;0;10.79;0.41
58299;58;Trucy-l'Orgueilleux;192;166;159;51;32;31;18;17;0;5;0;0;5;0;0;26;0;32.08;20.13;19.5;11.32;10.69;0;3.14;0;0;3.14;0;0;13.54;0
58300;58;Urzy;1345;1126;1094;254;243;281;123;61;15;75;13;19;9;1;0;219;7;23.22;22.21;25.69;11.24;5.58;1.37;6.86;1.19;1.74;0.82;0.09;0;16.28;0.64
58301;58;Vandenesse;270;231;217;47;48;56;31;7;3;15;3;5;2;0;0;39;0;21.66;22.12;25.81;14.29;3.23;1.38;6.91;1.38;2.3;0.92;0;0;14.44;0
58302;58;Varennes-lès-Narcy;639;518;505;131;119;102;63;34;6;31;2;8;4;5;0;121;3;25.94;23.56;20.2;12.48;6.73;1.19;6.14;0.4;1.58;0.79;0.99;0;18.94;0.59
58303;58;Varennes-Vauzelles;6994;5641;5503;1064;1310;1490;683;312;54;421;42;72;49;6;0;1353;41;19.33;23.81;27.08;12.41;5.67;0.98;7.65;0.76;1.31;0.89;0.11;0;19.35;0.75
58304;58;Varzy;784;592;578;174;109;82;99;30;6;50;12;10;5;1;0;192;3;30.1;18.86;14.19;17.13;5.19;1.04;8.65;2.08;1.73;0.87;0.17;0;24.49;0.52
58305;58;Vauclaix;103;73;70;12;13;20;12;6;2;3;1;0;1;0;0;30;0;17.14;18.57;28.57;17.14;8.57;2.86;4.29;1.43;0;1.43;0;0;29.13;0
58306;58;Verneuil;235;180;178;43;24;39;37;13;1;14;1;4;2;0;0;55;0;24.16;13.48;21.91;20.79;7.3;0.56;7.87;0.56;2.25;1.12;0;0;23.4;0
58307;58;Vielmanay;137;108;105;46;13;12;17;5;0;7;1;3;1;0;0;29;0;43.81;12.38;11.43;16.19;4.76;0;6.67;0.95;2.86;0.95;0;0;21.17;0
58308;58;Vignol;68;59;56;25;6;12;4;1;0;2;0;5;1;0;0;9;1;44.64;10.71;21.43;7.14;1.79;0;3.57;0;8.93;1.79;0;0;13.24;1.79
58309;58;Villapourçon;347;286;279;58;72;50;44;15;10;25;0;3;2;0;0;61;1;20.79;25.81;17.92;15.77;5.38;3.58;8.96;0;1.08;0.72;0;0;17.58;0.36
58310;58;Villiers-le-Sec;40;32;30;6;5;8;3;1;0;4;0;3;0;0;0;8;1;20;16.67;26.67;10;3.33;0;13.33;0;10;0;0;0;20;3.33
58311;58;Ville-Langy;207;185;180;57;34;30;32;9;4;10;0;2;1;1;0;22;4;31.67;18.89;16.67;17.78;5;2.22;5.56;0;1.11;0.56;0.56;0;10.63;2.22
58312;58;Villiers-sur-Yonne;281;219;214;46;58;42;27;17;0;16;2;3;3;0;0;62;0;21.5;27.1;19.63;12.62;7.94;0;7.48;0.93;1.4;1.4;0;0;22.06;0
58313;58;Vitry-Laché;83;68;67;16;17;7;13;3;3;6;1;0;1;0;0;15;0;23.88;25.37;10.45;19.4;4.48;4.48;8.96;1.49;0;1.49;0;0;18.07;0