insee;dep;nom;nb_inscrits;nb_votants;nb_exprimes;nb_voix1;nb_voix2;nb_voix3;nb_voix4;nb_voix5;nb_voix6;nb_voix7;nb_voix8;nb_voix9;nb_voix10;nb_voix11;nb_voix12;nb_voix13;nb_voix14;voix_1;voix_2;voix_3;voix_4;voix_5;voix_6;voix_7;voix_8;voix_9;voix_10;voix_11;voix_12;voix_13;voix_14
60001;60;Abancourt;434;368;359;183;29;40;70;29;2;3;0;2;1;0;0;66;0;50.97;8.08;11.14;19.5;8.08;0.56;0.84;0;0.56;0.28;0;0;15.21;0
60002;60;Abbecourt;640;516;510;160;92;101;94;17;6;21;9;5;5;0;0;124;0;31.37;18.04;19.8;18.43;3.33;1.18;4.12;1.76;0.98;0.98;0;0;19.38;0
60003;60;Abbeville-Saint-Lucien;429;373;360;128;48;69;63;25;0;18;5;1;3;0;0;56;1;35.56;13.33;19.17;17.5;6.94;0;5;1.39;0.28;0.83;0;0;13.05;0.28
60004;60;Achy;288;259;250;85;36;43;51;21;1;9;0;1;2;1;0;29;1;34;14.4;17.2;20.4;8.4;0.4;3.6;0;0.4;0.8;0.4;0;10.07;0.4
60005;60;Acy-en-Multien;593;437;433;156;83;60;68;25;1;20;4;9;3;4;0;156;2;36.03;19.17;13.86;15.7;5.77;0.23;4.62;0.92;2.08;0.69;0.92;0;26.31;0.46
60006;60;Les Ageux;899;708;682;215;150;117;115;32;2;26;4;9;11;1;0;191;4;31.52;21.99;17.16;16.86;4.69;0.29;3.81;0.59;1.32;1.61;0.15;0;21.25;0.59
60007;60;Agnetz;2422;2055;2006;566;331;448;390;123;17;79;18;15;16;3;0;367;7;28.22;16.5;22.33;19.44;6.13;0.85;3.94;0.9;0.75;0.8;0.15;0;15.15;0.35
60008;60;Airion;320;272;261;75;48;50;49;20;3;12;1;1;2;0;0;48;1;28.74;18.39;19.16;18.77;7.66;1.15;4.6;0.38;0.38;0.77;0;0;15;0.38
60009;60;Allonne;1187;985;959;259;153;205;226;52;6;37;7;7;4;3;0;202;10;27.01;15.95;21.38;23.57;5.42;0.63;3.86;0.73;0.73;0.42;0.31;0;17.02;1.04
60010;60;Amblainville;1240;1027;992;348;169;182;144;87;7;33;9;6;7;0;0;213;10;35.08;17.04;18.35;14.52;8.77;0.71;3.33;0.91;0.6;0.71;0;0;17.18;1.01
60011;60;Amy;274;216;210;91;29;23;38;16;0;6;2;3;2;0;0;58;1;43.33;13.81;10.95;18.1;7.62;0;2.86;0.95;1.43;0.95;0;0;21.17;0.48
60012;60;Andeville;2382;1897;1846;644;348;372;209;121;18;86;18;11;13;6;0;485;16;34.89;18.85;20.15;11.32;6.55;0.98;4.66;0.98;0.6;0.7;0.33;0;20.36;0.87
60013;60;Angicourt;1114;913;888;292;141;183;154;63;9;26;6;6;8;0;0;201;4;32.88;15.88;20.61;17.34;7.09;1.01;2.93;0.68;0.68;0.9;0;0;18.04;0.45
60014;60;Angivillers;137;120;115;40;25;22;19;3;0;5;0;1;0;0;0;17;1;34.78;21.74;19.13;16.52;2.61;0;4.35;0;0.87;0;0;0;12.41;0.87
60015;60;Angy;883;745;733;292;108;106;128;41;6;30;7;12;3;0;0;138;3;39.84;14.73;14.46;17.46;5.59;0.82;4.09;0.95;1.64;0.41;0;0;15.63;0.41
60016;60;Ansacq;210;186;179;60;34;27;38;5;0;8;1;5;1;0;0;24;4;33.52;18.99;15.08;21.23;2.79;0;4.47;0.56;2.79;0.56;0;0;11.43;2.23
60017;60;Ansauvillers;777;655;644;254;98;108;86;42;8;27;6;8;6;1;0;122;3;39.44;15.22;16.77;13.35;6.52;1.24;4.19;0.93;1.24;0.93;0.16;0;15.7;0.47
60019;60;Antheuil-Portes;329;252;244;80;28;56;35;17;4;12;4;4;4;0;0;77;2;32.79;11.48;22.95;14.34;6.97;1.64;4.92;1.64;1.64;1.64;0;0;23.4;0.82
60020;60;Antilly;172;129;127;49;20;20;14;12;2;10;0;0;0;0;0;43;0;38.58;15.75;15.75;11.02;9.45;1.57;7.87;0;0;0;0;0;25;0
60021;60;Appilly;379;310;298;128;48;34;46;18;2;13;3;2;4;0;0;69;3;42.95;16.11;11.41;15.44;6.04;0.67;4.36;1.01;0.67;1.34;0;0;18.21;1.01
60022;60;Apremont;578;530;521;72;36;118;227;35;6;16;10;0;1;0;0;48;0;13.82;6.91;22.65;43.57;6.72;1.15;3.07;1.92;0;0.19;0;0;8.3;0
60023;60;Armancourt;444;370;364;85;47;99;82;23;3;15;2;4;2;2;0;74;2;23.35;12.91;27.2;22.53;6.32;0.82;4.12;0.55;1.1;0.55;0.55;0;16.67;0.55
60024;60;Arsy;599;514;503;163;83;108;74;37;9;17;5;3;3;1;0;85;1;32.41;16.5;21.47;14.71;7.36;1.79;3.38;0.99;0.6;0.6;0.2;0;14.19;0.2
60025;60;Attichy;1364;1097;1072;347;178;193;235;44;7;37;8;13;9;1;0;267;7;32.37;16.6;18;21.92;4.1;0.65;3.45;0.75;1.21;0.84;0.09;0;19.57;0.65
60026;60;Auchy-la-Montagne;391;343;340;111;49;51;77;35;4;8;2;2;1;0;0;48;1;32.65;14.41;15;22.65;10.29;1.18;2.35;0.59;0.59;0.29;0;0;12.28;0.29
60027;60;Auger-Saint-Vincent;366;294;287;81;38;63;63;16;0;14;1;5;3;3;0;72;1;28.22;13.24;21.95;21.95;5.57;0;4.88;0.35;1.74;1.05;1.05;0;19.67;0.35
60028;60;Aumont-en-Halatte;472;390;384;34;17;116;190;11;1;8;6;1;0;0;0;82;1;8.85;4.43;30.21;49.48;2.86;0.26;2.08;1.56;0.26;0;0;0;17.37;0.26
60029;60;Auneuil;2152;1744;1702;658;232;341;252;79;11;70;16;18;23;2;0;408;12;38.66;13.63;20.04;14.81;4.64;0.65;4.11;0.94;1.06;1.35;0.12;0;18.96;0.71
60030;60;Auteuil;427;381;375;128;48;55;89;23;3;14;7;7;1;0;0;46;1;34.13;12.8;14.67;23.73;6.13;0.8;3.73;1.87;1.87;0.27;0;0;10.77;0.27
60031;60;Autheuil-en-Valois;217;168;163;58;31;25;35;10;0;2;0;1;1;0;0;49;4;35.58;19.02;15.34;21.47;6.13;0;1.23;0;0.61;0.61;0;0;22.58;2.45
60032;60;Autrêches;586;474;462;224;52;66;51;35;2;19;2;7;2;2;0;112;2;48.48;11.26;14.29;11.04;7.58;0.43;4.11;0.43;1.52;0.43;0.43;0;19.11;0.43
60033;60;Avilly-Saint-Léonard;737;644;631;84;83;197;215;17;6;23;3;3;0;0;0;93;1;13.31;13.15;31.22;34.07;2.69;0.95;3.65;0.48;0.48;0;0;0;12.62;0.16
60034;60;Avrechy;912;755;737;282;116;130;105;48;4;32;3;8;6;3;0;157;3;38.26;15.74;17.64;14.25;6.51;0.54;4.34;0.41;1.09;0.81;0.41;0;17.21;0.41
60035;60;Avricourt;179;156;153;54;26;29;27;6;1;5;0;3;1;1;0;23;2;35.29;16.99;18.95;17.65;3.92;0.65;3.27;0;1.96;0.65;0.65;0;12.85;1.31
60036;60;Avrigny;281;247;239;83;38;35;56;10;1;7;1;1;6;1;0;34;0;34.73;15.9;14.64;23.43;4.18;0.42;2.93;0.42;0.42;2.51;0.42;0;12.1;0
60037;60;Baboeuf;355;313;304;99;52;54;53;23;2;10;3;4;4;0;0;42;1;32.57;17.11;17.76;17.43;7.57;0.66;3.29;0.99;1.32;1.32;0;0;11.83;0.33
60038;60;Bachivillers;373;330;327;126;43;61;44;29;4;12;2;2;4;0;0;43;0;38.53;13.15;18.65;13.46;8.87;1.22;3.67;0.61;0.61;1.22;0;0;11.53;0
60039;60;Bacouël;330;258;253;95;51;38;35;15;4;2;3;4;6;0;0;72;0;37.55;20.16;15.02;13.83;5.93;1.58;0.79;1.19;1.58;2.37;0;0;21.82;0
60040;60;Bailleul-le-Soc;448;386;375;159;48;64;48;22;7;17;6;4;0;0;0;62;0;42.4;12.8;17.07;12.8;5.87;1.87;4.53;1.6;1.07;0;0;0;13.84;0
60041;60;Bailleul-sur-Thérain;1609;1369;1333;505;225;262;151;76;16;56;9;19;14;0;0;240;7;37.88;16.88;19.65;11.33;5.7;1.2;4.2;0.68;1.43;1.05;0;0;14.92;0.53
60042;60;Bailleval;1191;1006;985;299;179;221;149;75;8;31;8;8;4;3;0;185;5;30.36;18.17;22.44;15.13;7.61;0.81;3.15;0.81;0.81;0.41;0.3;0;15.53;0.51
60043;60;Bailly;498;404;397;168;70;61;53;16;2;14;2;8;1;2;0;94;3;42.32;17.63;15.37;13.35;4.03;0.5;3.53;0.5;2.02;0.25;0.5;0;18.88;0.76
60044;60;Balagny-sur-Thérain;1168;985;956;402;173;133;103;60;8;41;9;18;6;3;0;183;5;42.05;18.1;13.91;10.77;6.28;0.84;4.29;0.94;1.88;0.63;0.31;0;15.67;0.52
60045;60;Barbery;397;326;320;96;26;63;99;14;2;10;1;6;2;1;0;71;0;30;8.13;19.69;30.94;4.38;0.63;3.13;0.31;1.88;0.63;0.31;0;17.88;0
60046;60;Bargny;224;197;191;87;25;17;32;14;0;8;2;2;3;1;0;27;1;45.55;13.09;8.9;16.75;7.33;0;4.19;1.05;1.05;1.57;0.52;0;12.05;0.52
60047;60;Baron;588;514;505;135;56;99;141;34;1;25;10;1;1;2;0;74;2;26.73;11.09;19.6;27.92;6.73;0.2;4.95;1.98;0.2;0.2;0.4;0;12.59;0.4
60048;60;Baugy;230;200;197;74;24;31;44;9;0;11;0;3;1;0;0;30;1;37.56;12.18;15.74;22.34;4.57;0;5.58;0;1.52;0.51;0;0;13.04;0.51
60049;60;Bazancourt;108;92;92;28;18;21;14;3;1;3;0;2;2;0;0;16;0;30.43;19.57;22.83;15.22;3.26;1.09;3.26;0;2.17;2.17;0;0;14.81;0
60050;60;Bazicourt;240;212;209;74;24;30;46;16;3;11;1;3;0;1;0;28;1;35.41;11.48;14.35;22.01;7.66;1.44;5.26;0.48;1.44;0;0.48;0;11.67;0.48
60051;60;Beaudéduit;170;151;149;67;22;19;24;6;0;2;4;3;2;0;0;19;1;44.97;14.77;12.75;16.11;4.03;0;1.34;2.68;2.01;1.34;0;0;11.18;0.67
60052;60;Beaugies-sous-Bois;82;73;71;30;8;10;14;3;0;2;1;2;0;1;0;9;0;42.25;11.27;14.08;19.72;4.23;0;2.82;1.41;2.82;0;1.41;0;10.98;0
60053;60;Beaulieu-les-Fontaines;344;277;269;135;32;33;42;16;1;6;1;0;3;0;0;67;0;50.19;11.9;12.27;15.61;5.95;0.37;2.23;0.37;0;1.12;0;0;19.48;0
60054;60;Beaumont-les-Nonains;307;250;246;91;28;44;54;17;2;8;0;0;2;0;0;57;1;36.99;11.38;17.89;21.95;6.91;0.81;3.25;0;0;0.81;0;0;18.57;0.41
60055;60;Beaurains-lès-Noyon;240;202;196;82;21;36;19;15;2;6;6;6;2;1;0;38;4;41.84;10.71;18.37;9.69;7.65;1.02;3.06;3.06;3.06;1.02;0.51;0;15.83;2.04
60056;60;Beaurepaire;59;53;52;12;12;5;11;10;1;0;0;1;0;0;0;6;0;23.08;23.08;9.62;21.15;19.23;1.92;0;0;1.92;0;0;0;10.17;0
60057;60;Beauvais;34277;24968;24318;6058;4976;5715;3916;1004;162;1646;231;337;232;41;0;9309;219;24.91;20.46;23.5;16.1;4.13;0.67;6.77;0.95;1.39;0.95;0.17;0;27.16;0.9
60058;60;Beauvoir;200;169;167;52;37;31;29;6;3;7;0;1;1;0;0;31;0;31.14;22.16;18.56;17.37;3.59;1.8;4.19;0;0.6;0.6;0;0;15.5;0
60059;60;Béhéricourt;164;146;145;41;21;35;32;7;1;5;1;0;2;0;0;18;1;28.28;14.48;24.14;22.07;4.83;0.69;3.45;0.69;0;1.38;0;0;10.98;0.69
60060;60;Belle-Eglise;435;374;366;115;59;76;66;15;5;22;5;2;0;1;0;61;0;31.42;16.12;20.77;18.03;4.1;1.37;6.01;1.37;0.55;0;0.27;0;14.02;0
60061;60;Belloy;78;70;66;20;10;8;20;5;0;2;1;0;0;0;0;8;2;30.3;15.15;12.12;30.3;7.58;0;3.03;1.52;0;0;0;0;10.26;3.03
60062;60;Berlancourt;234;197;194;86;30;19;24;19;0;8;2;4;2;0;0;37;0;44.33;15.46;9.79;12.37;9.79;0;4.12;1.03;2.06;1.03;0;0;15.81;0
60063;60;Berneuil-en-Bray;705;590;582;179;89;117;119;32;4;25;3;6;5;3;0;115;1;30.76;15.29;20.1;20.45;5.5;0.69;4.3;0.52;1.03;0.86;0.52;0;16.31;0.17
60064;60;Berneuil-sur-Aisne;717;589;571;223;74;105;102;29;7;12;4;7;7;1;0;128;5;39.05;12.96;18.39;17.86;5.08;1.23;2.1;0.7;1.23;1.23;0.18;0;17.85;0.88
60065;60;Berthecourt;1166;980;963;390;158;144;131;81;8;31;7;5;7;1;0;186;1;40.5;16.41;14.95;13.6;8.41;0.83;3.22;0.73;0.52;0.73;0.1;0;15.95;0.1
60066;60;Béthancourt-en-Valois;171;156;153;42;13;29;46;10;2;7;1;1;2;0;0;15;0;27.45;8.5;18.95;30.07;6.54;1.31;4.58;0.65;0.65;1.31;0;0;8.77;0
60067;60;Béthisy-Saint-Martin;754;615;593;169;109;146;77;42;4;21;6;12;4;3;0;139;4;28.5;18.38;24.62;12.98;7.08;0.67;3.54;1.01;2.02;0.67;0.51;0;18.44;0.67
60068;60;Béthisy-Saint-Pierre;2219;1684;1654;607;302;292;191;104;15;94;11;24;13;1;0;535;6;36.7;18.26;17.65;11.55;6.29;0.91;5.68;0.67;1.45;0.79;0.06;0;24.11;0.36
60069;60;Betz;796;654;636;206;121;118;76;38;7;42;5;13;9;1;0;142;7;32.39;19.03;18.55;11.95;5.97;1.1;6.6;0.79;2.04;1.42;0.16;0;17.84;1.1
60070;60;Bienville;379;285;274;78;49;53;51;22;0;14;1;1;4;1;0;94;4;28.47;17.88;19.34;18.61;8.03;0;5.11;0.36;0.36;1.46;0.36;0;24.8;1.46
60071;60;Biermont;130;120;119;46;14;17;22;7;2;7;2;1;1;0;0;10;0;38.66;11.76;14.29;18.49;5.88;1.68;5.88;1.68;0.84;0.84;0;0;7.69;0
60072;60;Bitry;225;203;196;85;24;19;39;11;4;9;0;2;1;2;0;22;2;43.37;12.24;9.69;19.9;5.61;2.04;4.59;0;1.02;0.51;1.02;0;9.78;1.02
60073;60;Blacourt;452;379;374;162;45;66;52;22;3;10;1;5;7;1;0;73;0;43.32;12.03;17.65;13.9;5.88;0.8;2.67;0.27;1.34;1.87;0.27;0;16.15;0
60074;60;Blaincourt-lès-Précy;901;794;772;256;107;154;149;58;8;20;10;6;3;1;0;107;2;33.16;13.86;19.95;19.3;7.51;1.04;2.59;1.3;0.78;0.39;0.13;0;11.88;0.26
60075;60;Blancfossé;98;74;71;21;10;15;12;5;1;4;1;0;2;0;0;24;2;29.58;14.08;21.13;16.9;7.04;1.41;5.63;1.41;0;2.82;0;0;24.49;2.82
60076;60;Blargies;425;357;353;156;32;63;56;12;2;14;3;7;7;1;0;68;0;44.19;9.07;17.85;15.86;3.4;0.57;3.97;0.85;1.98;1.98;0.28;0;16;0
60077;60;Blicourt;295;237;231;88;27;37;46;18;3;7;0;2;3;0;0;58;2;38.1;11.69;16.02;19.91;7.79;1.3;3.03;0;0.87;1.3;0;0;19.66;0.87
60078;60;Blincourt;69;59;59;19;7;10;17;3;0;2;0;1;0;0;0;10;0;32.2;11.86;16.95;28.81;5.08;0;3.39;0;1.69;0;0;0;14.49;0
60079;60;Boissy-Fresnoy;672;565;552;187;99;82;85;49;2;27;5;10;6;0;0;107;4;33.88;17.93;14.86;15.4;8.88;0.36;4.89;0.91;1.81;1.09;0;0;15.92;0.72
60080;60;Boissy-le-Bois;144;125;123;49;12;15;34;8;0;3;2;0;0;0;0;19;0;39.84;9.76;12.2;27.64;6.5;0;2.44;1.63;0;0;0;0;13.19;0
60081;60;Bonlier;317;275;269;88;40;53;43;18;2;12;5;6;2;0;0;42;1;32.71;14.87;19.7;15.99;6.69;0.74;4.46;1.86;2.23;0.74;0;0;13.25;0.37
60082;60;Bonneuil-les-Eaux;658;555;532;210;56;99;100;31;3;19;3;4;5;2;0;103;7;39.47;10.53;18.61;18.8;5.83;0.56;3.57;0.56;0.75;0.94;0.38;0;15.65;1.32
60083;60;Bonneuil-en-Valois;746;607;590;254;92;79;83;34;9;25;2;4;8;0;0;139;3;43.05;15.59;13.39;14.07;5.76;1.53;4.24;0.34;0.68;1.36;0;0;18.63;0.51
60084;60;Bonnières;147;119;117;44;11;21;21;12;2;3;2;1;0;0;0;28;0;37.61;9.4;17.95;17.95;10.26;1.71;2.56;1.71;0.85;0;0;0;19.05;0
60085;60;Bonvillers;158;139;137;38;20;25;29;12;1;6;5;0;1;0;0;19;0;27.74;14.6;18.25;21.17;8.76;0.73;4.38;3.65;0;0.73;0;0;12.03;0
60086;60;Boran-sur-Oise;1489;1295;1262;377;219;228;265;75;6;50;17;14;9;2;0;194;2;29.87;17.35;18.07;21;5.94;0.48;3.96;1.35;1.11;0.71;0.16;0;13.03;0.16
60087;60;Borest;268;234;231;24;22;68;96;5;3;11;1;1;0;0;0;34;0;10.39;9.52;29.44;41.56;2.16;1.3;4.76;0.43;0.43;0;0;0;12.69;0
60088;60;Bornel;3511;2810;2748;947;462;522;394;189;23;130;28;21;27;5;0;701;17;34.46;16.81;19;14.34;6.88;0.84;4.73;1.02;0.76;0.98;0.18;0;19.97;0.62
60089;60;Boubiers;312;272;264;90;28;36;66;14;0;21;4;0;4;1;0;40;0;34.09;10.61;13.64;25;5.3;0;7.95;1.52;0;1.52;0.38;0;12.82;0
60090;60;Bouconvillers;272;238;233;74;37;44;44;14;0;7;7;6;0;0;0;34;1;31.76;15.88;18.88;18.88;6.01;0;3;3;2.58;0;0;0;12.5;0.43
60091;60;Bouillancy;299;260;255;98;33;41;48;18;2;8;4;0;2;1;0;39;0;38.43;12.94;16.08;18.82;7.06;0.78;3.14;1.57;0;0.78;0.39;0;13.04;0
60092;60;Boullarre;153;132;129;58;24;10;21;3;3;3;3;1;3;0;0;21;0;44.96;18.6;7.75;16.28;2.33;2.33;2.33;2.33;0.78;2.33;0;0;13.73;0
60093;60;Boulogne-la-Grasse;341;304;295;138;45;33;36;12;7;12;1;4;5;2;0;37;3;46.78;15.25;11.19;12.2;4.07;2.37;4.07;0.34;1.36;1.69;0.68;0;10.85;1.02
60094;60;Boursonne;247;189;187;76;34;39;18;4;3;8;4;1;0;0;0;58;1;40.64;18.18;20.86;9.63;2.14;1.6;4.28;2.14;0.53;0;0;0;23.48;0.53
60095;60;Boury-en-Vexin;292;266;258;61;35;48;76;7;3;17;8;1;2;0;0;26;1;23.64;13.57;18.6;29.46;2.71;1.16;6.59;3.1;0.39;0.78;0;0;8.9;0.39
60096;60;Boutavent;81;71;71;30;5;11;18;4;0;1;1;0;1;0;0;10;0;42.25;7.04;15.49;25.35;5.63;0;1.41;1.41;0;1.41;0;0;12.35;0
60097;60;Boutencourt;184;153;146;49;14;20;47;7;0;6;0;2;1;0;0;31;0;33.56;9.59;13.7;32.19;4.79;0;4.11;0;1.37;0.68;0;0;16.85;0
60098;60;Bouvresse;153;130;126;40;11;29;31;11;1;1;1;0;1;0;0;23;0;31.75;8.73;23.02;24.6;8.73;0.79;0.79;0.79;0;0.79;0;0;15.03;0
60099;60;Braisnes;137;118;115;37;19;36;12;4;0;4;1;0;2;0;0;19;1;32.17;16.52;31.3;10.43;3.48;0;3.48;0.87;0;1.74;0;0;13.87;0.87
60100;60;Brasseuse;75;63;62;19;4;12;19;1;2;3;0;1;1;0;0;12;1;30.65;6.45;19.35;30.65;1.61;3.23;4.84;0;1.61;1.61;0;0;16;1.61
60101;60;Brégy;405;349;337;159;57;37;41;22;2;7;4;5;2;1;0;56;3;47.18;16.91;10.98;12.17;6.53;0.59;2.08;1.19;1.48;0.59;0.3;0;13.83;0.89
60102;60;Brenouille;1630;1311;1255;411;226;256;147;90;13;69;22;12;8;1;0;319;10;32.75;18.01;20.4;11.71;7.17;1.04;5.5;1.75;0.96;0.64;0.08;0;19.57;0.8
60103;60;Bresles;3093;2360;2284;991;325;409;298;97;14;77;12;25;31;5;0;733;35;43.39;14.23;17.91;13.05;4.25;0.61;3.37;0.53;1.09;1.36;0.22;0;23.7;1.53
60104;60;Breteuil;3115;2254;2190;801;286;430;329;143;18;95;24;33;28;3;0;861;40;36.58;13.06;19.63;15.02;6.53;0.82;4.34;1.1;1.51;1.28;0.14;0;27.64;1.83
60105;60;Brétigny;278;227;220;108;23;37;27;7;3;5;1;3;5;1;0;51;0;49.09;10.45;16.82;12.27;3.18;1.36;2.27;0.45;1.36;2.27;0.45;0;18.35;0
60106;60;Breuil-le-Sec;1742;1456;1414;467;303;264;145;126;14;58;10;10;12;5;0;286;5;33.03;21.43;18.67;10.25;8.91;0.99;4.1;0.71;0.71;0.85;0.35;0;16.42;0.35
60107;60;Breuil-le-Vert;2389;1964;1928;495;354;446;337;120;7;114;11;26;18;0;0;425;9;25.67;18.36;23.13;17.48;6.22;0.36;5.91;0.57;1.35;0.93;0;0;17.79;0.47
60108;60;Briot;226;200;195;80;21;28;42;7;1;7;1;3;5;0;0;26;0;41.03;10.77;14.36;21.54;3.59;0.51;3.59;0.51;1.54;2.56;0;0;11.5;0
60109;60;Brombos;191;165;159;57;21;23;31;8;3;7;1;3;5;0;0;26;1;35.85;13.21;14.47;19.5;5.03;1.89;4.4;0.63;1.89;3.14;0;0;13.61;0.63
60110;60;Broquiers;182;147;143;60;32;14;19;14;0;2;0;2;0;0;0;35;1;41.96;22.38;9.79;13.29;9.79;0;1.4;0;1.4;0;0;0;19.23;0.7
60111;60;Broyes;100;85;81;30;10;9;16;6;0;6;1;2;1;0;0;15;3;37.04;12.35;11.11;19.75;7.41;0;7.41;1.23;2.47;1.23;0;0;15;3.7
60112;60;Brunvillers-la-Motte;239;204;195;83;31;33;23;12;1;6;1;3;2;0;0;35;2;42.56;15.9;16.92;11.79;6.15;0.51;3.08;0.51;1.54;1.03;0;0;14.64;1.03
60113;60;Bucamps;129;112;109;40;17;7;23;18;0;3;0;1;0;0;0;17;0;36.7;15.6;6.42;21.1;16.51;0;2.75;0;0.92;0;0;0;13.18;0
60114;60;Buicourt;117;105;103;45;12;10;26;0;2;6;0;0;2;0;0;12;0;43.69;11.65;9.71;25.24;0;1.94;5.83;0;0;1.94;0;0;10.26;0
60115;60;Bulles;648;542;530;220;79;90;65;37;6;16;5;6;6;0;0;106;3;41.51;14.91;16.98;12.26;6.98;1.13;3.02;0.94;1.13;1.13;0;0;16.36;0.57
60116;60;Bury;2089;1704;1653;680;322;215;192;115;13;68;14;20;13;1;0;385;15;41.14;19.48;13.01;11.62;6.96;0.79;4.11;0.85;1.21;0.79;0.06;0;18.43;0.91
60117;60;Bussy;245;213;208;90;34;36;23;15;1;5;1;1;2;0;0;32;4;43.27;16.35;17.31;11.06;7.21;0.48;2.4;0.48;0.48;0.96;0;0;13.06;1.92
60118;60;Caisnes;387;312;303;119;37;71;30;24;1;13;4;4;0;0;0;75;2;39.27;12.21;23.43;9.9;7.92;0.33;4.29;1.32;1.32;0;0;0;19.38;0.66
60119;60;Cambronne-lès-Ribécourt;1462;1115;1080;380;225;236;97;67;3;38;7;10;16;1;0;347;8;35.19;20.83;21.85;8.98;6.2;0.28;3.52;0.65;0.93;1.48;0.09;0;23.73;0.74
60120;60;Cambronne-lès-Clermont;846;716;705;238;126;115;133;37;5;34;7;4;3;3;0;130;0;33.76;17.87;16.31;18.87;5.25;0.71;4.82;0.99;0.57;0.43;0.43;0;15.37;0
60121;60;Campagne;122;99;93;34;12;12;22;5;4;0;0;3;1;0;0;23;1;36.56;12.9;12.9;23.66;5.38;4.3;0;0;3.23;1.08;0;0;18.85;1.08
60122;60;Campeaux;360;321;310;143;26;43;49;35;1;7;1;4;1;0;0;39;6;46.13;8.39;13.87;15.81;11.29;0.32;2.26;0.32;1.29;0.32;0;0;10.83;1.94
60123;60;Campremy;330;279;273;133;33;34;40;13;5;6;3;2;4;0;0;51;0;48.72;12.09;12.45;14.65;4.76;1.83;2.2;1.1;0.73;1.47;0;0;15.45;0
60124;60;Candor;230;190;187;81;21;24;30;17;2;5;1;3;3;0;0;40;3;43.32;11.23;12.83;16.04;9.09;1.07;2.67;0.53;1.6;1.6;0;0;17.39;1.6
60125;60;Canly;547;465;453;120;66;93;85;28;7;29;10;10;5;0;0;82;5;26.49;14.57;20.53;18.76;6.18;1.55;6.4;2.21;2.21;1.1;0;0;14.99;1.1
60126;60;Cannectancourt;412;319;307;124;53;43;50;16;1;8;6;1;4;1;0;93;2;40.39;17.26;14.01;16.29;5.21;0.33;2.61;1.95;0.33;1.3;0.33;0;22.57;0.65
60127;60;Canny-sur-Matz;302;246;240;97;35;42;38;5;1;9;5;3;4;1;0;56;2;40.42;14.58;17.5;15.83;2.08;0.42;3.75;2.08;1.25;1.67;0.42;0;18.54;0.83
60128;60;Canny-sur-Thérain;155;130;126;64;10;19;14;10;1;5;0;2;0;1;0;25;4;50.79;7.94;15.08;11.11;7.94;0.79;3.97;0;1.59;0;0.79;0;16.13;3.17
60129;60;Carlepont;1152;876;853;303;167;169;84;49;7;37;14;14;7;2;0;276;7;35.52;19.58;19.81;9.85;5.74;0.82;4.34;1.64;1.64;0.82;0.23;0;23.96;0.82
60130;60;Catenoy;783;662;638;213;115;115;112;43;7;20;4;4;5;0;0;121;6;33.39;18.03;18.03;17.55;6.74;1.1;3.13;0.63;0.63;0.78;0;0;15.45;0.94
60131;60;Catheux;86;78;75;28;13;3;14;13;1;2;0;0;1;0;0;8;2;37.33;17.33;4;18.67;17.33;1.33;2.67;0;0;1.33;0;0;9.3;2.67
60132;60;Catigny;151;129;128;43;24;15;24;15;1;1;1;4;0;0;0;22;1;33.59;18.75;11.72;18.75;11.72;0.78;0.78;0.78;3.13;0;0;0;14.57;0.78
60133;60;Catillon-Fumechon;423;375;367;150;60;59;58;17;3;13;2;2;3;0;0;48;3;40.87;16.35;16.08;15.8;4.63;0.82;3.54;0.54;0.54;0.82;0;0;11.35;0.82
60134;60;Cauffry;1759;1425;1382;474;258;275;179;76;12;49;22;26;8;3;0;334;11;34.3;18.67;19.9;12.95;5.5;0.87;3.55;1.59;1.88;0.58;0.22;0;18.99;0.8
60135;60;Cauvigny;1100;939;915;317;140;169;152;63;9;42;7;11;5;0;0;161;4;34.64;15.3;18.47;16.61;6.89;0.98;4.59;0.77;1.2;0.55;0;0;14.64;0.44
60136;60;Cempuis;359;313;309;117;42;61;52;12;1;16;3;2;3;0;0;46;3;37.86;13.59;19.74;16.83;3.88;0.32;5.18;0.97;0.65;0.97;0;0;12.81;0.97
60137;60;Cernoy;194;172;168;70;30;28;22;8;2;3;1;3;1;0;0;22;1;41.67;17.86;16.67;13.1;4.76;1.19;1.79;0.6;1.79;0.6;0;0;11.34;0.6
60138;60;Chamant;706;603;593;104;69;141;231;25;4;12;4;0;3;0;0;103;2;17.54;11.64;23.78;38.95;4.22;0.67;2.02;0.67;0;0.51;0;0;14.59;0.34
60139;60;Chambly;6755;5296;5151;1481;1199;1062;629;279;28;304;55;60;46;8;0;1459;30;28.75;23.28;20.62;12.21;5.42;0.54;5.9;1.07;1.16;0.89;0.16;0;21.6;0.58
60140;60;Chambors;274;230;220;67;33;45;55;8;2;7;0;1;2;0;0;44;2;30.45;15;20.45;25;3.64;0.91;3.18;0;0.45;0.91;0;0;16.06;0.91
60141;60;Chantilly;7358;5914;5797;960;823;1544;1765;264;40;277;58;24;31;11;0;1444;26;16.56;14.2;26.63;30.45;4.55;0.69;4.78;1;0.41;0.53;0.19;0;19.62;0.45
60142;60;La Chapelle-en-Serval;2116;1755;1707;420;273;422;322;119;13;90;26;15;6;1;0;361;8;24.6;15.99;24.72;18.86;6.97;0.76;5.27;1.52;0.88;0.35;0.06;0;17.06;0.47
60143;60;Chaumont-en-Vexin;2082;1689;1638;463;338;302;296;98;15;73;6;22;20;5;0;393;8;28.27;20.63;18.44;18.07;5.98;0.92;4.46;0.37;1.34;1.22;0.31;0;18.88;0.49
60144;60;Chavençon;124;115;109;31;12;12;39;10;1;2;1;1;0;0;0;9;1;28.44;11.01;11.01;35.78;9.17;0.92;1.83;0.92;0.92;0;0;0;7.26;0.92
60145;60;Chelles;378;328;317;81;51;66;75;21;6;11;1;4;1;0;0;50;0;25.55;16.09;20.82;23.66;6.62;1.89;3.47;0.32;1.26;0.32;0;0;13.23;0
60146;60;Chepoix;301;244;235;80;43;29;51;20;1;2;4;2;3;0;0;57;2;34.04;18.3;12.34;21.7;8.51;0.43;0.85;1.7;0.85;1.28;0;0;18.94;0.85
60147;60;Chevincourt;663;567;552;141;114;113;104;38;2;26;2;8;2;2;0;96;12;25.54;20.65;20.47;18.84;6.88;0.36;4.71;0.36;1.45;0.36;0.36;0;14.48;2.17
60148;60;Chèvreville;332;263;258;112;28;28;56;18;2;5;1;4;4;0;0;69;0;43.41;10.85;10.85;21.71;6.98;0.78;1.94;0.39;1.55;1.55;0;0;20.78;0
60149;60;Chevrières;1434;1225;1186;398;154;232;258;64;7;34;10;21;7;1;0;209;12;33.56;12.98;19.56;21.75;5.4;0.59;2.87;0.84;1.77;0.59;0.08;0;14.57;1.01
60150;60;Chiry-Ourscamps;866;698;688;261;128;106;94;51;6;28;4;5;5;0;0;168;4;37.94;18.6;15.41;13.66;7.41;0.87;4.07;0.58;0.73;0.73;0;0;19.4;0.58
60151;60;Choisy-au-Bac;2449;2063;2030;439;311;509;483;105;21;101;14;26;15;6;0;386;7;21.63;15.32;25.07;23.79;5.17;1.03;4.98;0.69;1.28;0.74;0.3;0;15.76;0.34
60152;60;Choisy-la-Victoire;172;155;151;43;28;31;24;9;1;9;2;2;2;0;0;17;0;28.48;18.54;20.53;15.89;5.96;0.66;5.96;1.32;1.32;1.32;0;0;9.88;0
60153;60;Choqueuse-les-Bénards;91;81;79;35;9;8;15;4;2;2;1;2;1;0;0;10;1;44.3;11.39;10.13;18.99;5.06;2.53;2.53;1.27;2.53;1.27;0;0;10.99;1.27
60154;60;Cinqueux;1272;1076;1053;341;147;213;200;63;5;47;14;7;13;3;0;196;4;32.38;13.96;20.23;18.99;5.98;0.47;4.46;1.33;0.66;1.23;0.28;0;15.41;0.38
60155;60;Cires-lès-Mello;2401;1962;1914;623;364;358;274;122;10;86;30;26;14;7;0;439;22;32.55;19.02;18.7;14.32;6.37;0.52;4.49;1.57;1.36;0.73;0.37;0;18.28;1.15
60156;60;Clairoix;1556;1337;1303;363;223;299;252;51;12;76;8;7;11;1;0;219;10;27.86;17.11;22.95;19.34;3.91;0.92;5.83;0.61;0.54;0.84;0.08;0;14.07;0.77
60157;60;Clermont;6201;4989;4854;1413;1011;1096;573;259;34;276;76;56;45;15;0;1212;40;29.11;20.83;22.58;11.8;5.34;0.7;5.69;1.57;1.15;0.93;0.31;0;19.55;0.82
60158;60;Coivrel;188;158;153;65;31;13;29;7;1;4;0;2;1;0;0;30;2;42.48;20.26;8.5;18.95;4.58;0.65;2.61;0;1.31;0.65;0;0;15.96;1.31
60159;60;Compiègne;24930;18397;17998;3225;3344;4338;4664;678;102;1107;233;143;139;25;0;6533;120;17.92;18.58;24.1;25.91;3.77;0.57;6.15;1.29;0.79;0.77;0.14;0;26.21;0.67
60160;60;Conchy-les-Pots;446;387;379;141;55;43;79;36;3;12;3;5;2;0;0;59;2;37.2;14.51;11.35;20.84;9.5;0.79;3.17;0.79;1.32;0.53;0;0;13.23;0.53
60161;60;Conteville;61;52;50;17;3;8;17;3;0;2;0;0;0;0;0;9;1;34;6;16;34;6;0;4;0;0;0;0;0;14.75;2
60162;60;Corbeil-Cerf;263;201;199;60;29;31;49;18;5;2;2;0;3;0;0;62;0;30.15;14.57;15.58;24.62;9.05;2.51;1.01;1.01;0;1.51;0;0;23.57;0
60163;60;Cormeilles;279;242;237;93;34;35;41;15;0;11;1;2;5;0;0;37;1;39.24;14.35;14.77;17.3;6.33;0;4.64;0.42;0.84;2.11;0;0;13.26;0.42
60164;60;Le Coudray-Saint-Germer;643;489;483;208;51;77;77;33;3;16;4;10;4;0;0;154;1;43.06;10.56;15.94;15.94;6.83;0.62;3.31;0.83;2.07;0.83;0;0;23.95;0.21
60165;60;Le Coudray-sur-Thelle;398;334;320;146;32;55;47;19;1;15;2;1;2;0;0;64;1;45.63;10;17.19;14.69;5.94;0.31;4.69;0.63;0.31;0.63;0;0;16.08;0.31
60166;60;Coudun;757;645;637;193;111;124;106;31;7;36;11;2;13;3;0;112;3;30.3;17.43;19.47;16.64;4.87;1.1;5.65;1.73;0.31;2.04;0.47;0;14.8;0.47
60167;60;Couloisy;387;312;303;109;57;50;40;24;0;12;2;4;5;0;0;75;2;35.97;18.81;16.5;13.2;7.92;0;3.96;0.66;1.32;1.65;0;0;19.38;0.66
60168;60;Courcelles-Epayelles;141;125;122;52;8;13;25;8;2;7;1;2;4;0;0;16;1;42.62;6.56;10.66;20.49;6.56;1.64;5.74;0.82;1.64;3.28;0;0;11.35;0.82
60169;60;Courcelles-lès-Gisors;616;523;510;167;81;89;108;22;5;15;10;6;2;5;0;93;2;32.75;15.88;17.45;21.18;4.31;0.98;2.94;1.96;1.18;0.39;0.98;0;15.1;0.39
60170;60;Courteuil;509;438;424;82;47;84;168;13;1;17;4;3;3;2;0;71;4;19.34;11.08;19.81;39.62;3.07;0.24;4.01;0.94;0.71;0.71;0.47;0;13.95;0.94
60171;60;Courtieux;158;137;134;48;25;20;27;7;1;1;2;2;1;0;0;21;0;35.82;18.66;14.93;20.15;5.22;0.75;0.75;1.49;1.49;0.75;0;0;13.29;0
60172;60;Coye-la-Forêt;3060;2438;2389;332;336;717;686;96;25;149;26;13;7;2;0;622;10;13.9;14.06;30.01;28.71;4.02;1.05;6.24;1.09;0.54;0.29;0.08;0;20.33;0.42
60173;60;Cramoisy;427;363;350;116;69;75;48;24;3;11;1;2;1;0;0;64;3;33.14;19.71;21.43;13.71;6.86;0.86;3.14;0.29;0.57;0.29;0;0;14.99;0.86
60174;60;Crapeaumesnil;145;130;124;57;22;18;9;10;0;8;0;0;0;0;0;15;1;45.97;17.74;14.52;7.26;8.06;0;6.45;0;0;0;0;0;10.34;0.81
60175;60;Creil;15611;10513;10233;2008;3481;2121;785;238;52;971;346;117;97;17;0;5098;115;19.62;34.02;20.73;7.67;2.33;0.51;9.49;3.38;1.14;0.95;0.17;0;32.66;1.12
60176;60;Crépy-en-Valois;10666;8252;8055;2374;1599;1687;1195;478;67;387;108;87;57;16;0;2414;49;29.47;19.85;20.94;14.84;5.93;0.83;4.8;1.34;1.08;0.71;0.2;0;22.63;0.61
60177;60;Cressonsacq;306;258;251;100;39;28;40;22;3;12;2;4;1;0;0;48;1;39.84;15.54;11.16;15.94;8.76;1.2;4.78;0.8;1.59;0.4;0;0;15.69;0.4
60178;60;Crèvecoeur-le-Grand;2484;1899;1834;765;257;283;279;105;11;79;11;26;16;2;0;585;23;41.71;14.01;15.43;15.21;5.73;0.6;4.31;0.6;1.42;0.87;0.11;0;23.55;1.25
60179;60;Crèvecoeur-le-Petit;90;72;72;29;17;8;7;5;2;2;1;0;0;1;0;18;0;40.28;23.61;11.11;9.72;6.94;2.78;2.78;1.39;0;0;1.39;0;20;0
60180;60;Crillon;377;312;304;135;44;50;39;15;2;9;1;4;5;0;0;65;3;44.41;14.47;16.45;12.83;4.93;0.66;2.96;0.33;1.32;1.64;0;0;17.24;0.99
60181;60;Crisolles;737;579;566;218;108;89;74;22;4;22;10;12;7;0;0;158;0;38.52;19.08;15.72;13.07;3.89;0.71;3.89;1.77;2.12;1.24;0;0;21.44;0
60182;60;Le Crocq;126;108;104;36;8;19;18;16;2;4;0;1;0;0;0;18;1;34.62;7.69;18.27;17.31;15.38;1.92;3.85;0;0.96;0;0;0;14.29;0.96
60183;60;Croissy-sur-Celle;203;172;167;43;16;43;43;7;2;5;3;4;1;0;0;31;0;25.75;9.58;25.75;25.75;4.19;1.2;2.99;1.8;2.4;0.6;0;0;15.27;0
60184;60;Croutoy;180;160;159;52;22;27;35;9;1;9;1;2;1;0;0;20;0;32.7;13.84;16.98;22.01;5.66;0.63;5.66;0.63;1.26;0.63;0;0;11.11;0
60185;60;Crouy-en-Thelle;726;600;593;203;77;99;103;44;10;30;7;11;3;6;0;126;1;34.23;12.98;16.69;17.37;7.42;1.69;5.06;1.18;1.85;0.51;1.01;0;17.36;0.17
60186;60;Cuignières;206;179;177;73;37;24;26;9;2;6;0;0;0;0;0;27;0;41.24;20.9;13.56;14.69;5.08;1.13;3.39;0;0;0;0;0;13.11;0
60187;60;Cuigy-en-Bray;721;601;585;252;77;85;82;42;8;26;1;5;7;0;0;120;7;43.08;13.16;14.53;14.02;7.18;1.37;4.44;0.17;0.85;1.2;0;0;16.64;1.2
60188;60;Cuise-la-Motte;1565;1220;1188;379;226;264;161;46;11;50;16;19;13;3;0;345;8;31.9;19.02;22.22;13.55;3.87;0.93;4.21;1.35;1.6;1.09;0.25;0;22.04;0.67
60189;60;Cuts;695;556;546;214;92;84;81;35;1;21;4;8;5;1;0;139;4;39.19;16.85;15.38;14.84;6.41;0.18;3.85;0.73;1.47;0.92;0.18;0;20;0.73
60190;60;Cuvergnon;225;194;192;68;24;45;33;15;0;5;1;1;0;0;0;31;1;35.42;12.5;23.44;17.19;7.81;0;2.6;0.52;0.52;0;0;0;13.78;0.52
60191;60;Cuvilly;472;376;371;170;48;49;43;15;3;17;5;12;8;1;0;96;3;45.82;12.94;13.21;11.59;4.04;0.81;4.58;1.35;3.23;2.16;0.27;0;20.34;0.81
60192;60;Cuy;179;153;149;54;20;26;21;14;1;7;3;2;1;0;0;26;2;36.24;13.42;17.45;14.09;9.4;0.67;4.7;2.01;1.34;0.67;0;0;14.53;1.34
60193;60;Daméraucourt;172;140;139;62;18;25;18;10;0;3;0;1;2;0;0;32;0;44.6;12.95;17.99;12.95;7.19;0;2.16;0;0.72;1.44;0;0;18.6;0
60194;60;Dargies;219;192;190;66;17;37;52;6;4;7;0;1;0;0;0;27;0;34.74;8.95;19.47;27.37;3.16;2.11;3.68;0;0.53;0;0;0;12.33;0
60195;60;Delincourt;461;384;379;114;61;53;95;22;6;13;6;6;3;0;0;77;1;30.08;16.09;13.98;25.07;5.8;1.58;3.43;1.58;1.58;0.79;0;0;16.7;0.26
60196;60;La Drenne;709;614;596;219;81;86;124;39;11;17;7;7;4;1;0;95;8;36.74;13.59;14.43;20.81;6.54;1.85;2.85;1.17;1.17;0.67;0.17;0;13.4;1.34
60197;60;Dieudonné;613;522;510;162;77;69;113;44;5;20;8;5;6;1;0;91;2;31.76;15.1;13.53;22.16;8.63;0.98;3.92;1.57;0.98;1.18;0.2;0;14.85;0.39
60198;60;Dives;284;237;229;99;32;34;23;16;2;12;2;6;3;0;0;47;1;43.23;13.97;14.85;10.04;6.99;0.87;5.24;0.87;2.62;1.31;0;0;16.55;0.44
60199;60;Doméliers;209;179;173;51;34;23;37;13;3;9;1;1;1;0;0;30;3;29.48;19.65;13.29;21.39;7.51;1.73;5.2;0.58;0.58;0.58;0;0;14.35;1.73
60200;60;Domfront;110;93;88;41;5;12;16;7;0;4;1;1;1;0;0;17;2;46.59;5.68;13.64;18.18;7.95;0;4.55;1.14;1.14;1.14;0;0;15.45;2.27
60201;60;Dompierre;195;167;162;73;28;23;20;2;5;8;2;0;1;0;0;28;2;45.06;17.28;14.2;12.35;1.23;3.09;4.94;1.23;0;0.62;0;0;14.36;1.23
60203;60;Duvy;312;260;254;97;29;48;49;19;1;7;0;4;0;0;0;52;4;38.19;11.42;18.9;19.29;7.48;0.39;2.76;0;1.57;0;0;0;16.67;1.57
60204;60;Ecuvilly;235;203;198;84;20;36;39;5;2;3;4;1;4;0;0;32;0;42.42;10.1;18.18;19.7;2.53;1.01;1.52;2.02;0.51;2.02;0;0;13.62;0
60205;60;Elencourt;42;40;40;17;6;11;3;0;0;3;0;0;0;0;0;2;0;42.5;15;27.5;7.5;0;0;7.5;0;0;0;0;0;4.76;0
60206;60;Elincourt-Sainte-Marguerite;702;589;572;135;130;107;108;52;3;23;3;6;4;1;0;113;4;23.6;22.73;18.71;18.88;9.09;0.52;4.02;0.52;1.05;0.7;0.17;0;16.1;0.7
60207;60;Eméville;216;193;193;85;31;35;26;4;2;5;3;0;2;0;0;23;0;44.04;16.06;18.13;13.47;2.07;1.04;2.59;1.55;0;1.04;0;0;10.65;0
60208;60;Enencourt-Léage;120;99;97;17;14;26;40;0;0;0;0;0;0;0;0;21;2;17.53;14.43;26.8;41.24;0;0;0;0;0;0;0;0;17.5;2.06
60209;60;Enencourt-le-Sec;154;143;140;57;13;25;35;4;2;1;1;1;1;0;0;11;0;40.71;9.29;17.86;25;2.86;1.43;0.71;0.71;0.71;0.71;0;0;7.14;0
60210;60;Epineuse;204;167;165;51;23;30;43;5;0;6;1;0;2;4;0;37;0;30.91;13.94;18.18;26.06;3.03;0;3.64;0.61;0;1.21;2.42;0;18.14;0
60211;60;Eragny-sur-Epte;450;340;322;105;66;55;37;20;4;12;6;8;9;0;0;110;5;32.61;20.5;17.08;11.49;6.21;1.24;3.73;1.86;2.48;2.8;0;0;24.44;1.55
60212;60;Ercuis;1062;840;818;291;143;141;94;81;2;35;12;14;5;0;0;222;7;35.57;17.48;17.24;11.49;9.9;0.24;4.28;1.47;1.71;0.61;0;0;20.9;0.86
60213;60;Ermenonville;661;552;544;114;74;126;173;30;3;18;4;2;0;0;0;109;2;20.96;13.6;23.16;31.8;5.51;0.55;3.31;0.74;0.37;0;0;0;16.49;0.37
60214;60;Ernemont-Boutavent;149;119;114;53;12;17;14;6;0;6;0;2;4;0;0;30;2;46.49;10.53;14.91;12.28;5.26;0;5.26;0;1.75;3.51;0;0;20.13;1.75
60215;60;Erquery;452;386;377;107;75;83;59;17;2;23;2;6;3;0;0;66;0;28.38;19.89;22.02;15.65;4.51;0.53;6.1;0.53;1.59;0.8;0;0;14.6;0
60216;60;Erquinvillers;142;125;122;43;28;19;20;1;2;3;2;3;0;1;0;17;0;35.25;22.95;15.57;16.39;0.82;1.64;2.46;1.64;2.46;0;0.82;0;11.97;0
60217;60;Escames;192;169;166;52;26;29;37;9;1;8;1;3;0;0;0;23;0;31.33;15.66;17.47;22.29;5.42;0.6;4.82;0.6;1.81;0;0;0;11.98;0
60218;60;Esches;934;806;775;291;122;132;123;45;6;32;5;6;11;2;0;128;30;37.55;15.74;17.03;15.87;5.81;0.77;4.13;0.65;0.77;1.42;0.26;0;13.7;3.87
60219;60;Escles-Saint-Pierre;125;99;98;47;10;13;14;5;3;3;1;2;0;0;0;26;0;47.96;10.2;13.27;14.29;5.1;3.06;3.06;1.02;2.04;0;0;0;20.8;0
60220;60;Espaubourg;384;308;297;117;46;42;34;28;4;13;4;4;5;0;0;76;2;39.39;15.49;14.14;11.45;9.43;1.35;4.38;1.35;1.35;1.68;0;0;19.79;0.67
60221;60;Esquennoy;517;381;373;129;72;67;49;23;1;17;2;11;2;0;0;136;2;34.58;19.3;17.96;13.14;6.17;0.27;4.56;0.54;2.95;0.54;0;0;26.31;0.54
60222;60;Essuiles;410;361;352;115;42;76;58;31;9;11;2;6;2;0;0;49;2;32.67;11.93;21.59;16.48;8.81;2.56;3.13;0.57;1.7;0.57;0;0;11.95;0.57
60223;60;Estrées-Saint-Denis;2891;2257;2201;762;369;467;276;141;14;101;21;29;19;2;0;634;15;34.62;16.77;21.22;12.54;6.41;0.64;4.59;0.95;1.32;0.86;0.09;0;21.93;0.68
60224;60;Etavigny;87;61;60;24;16;5;5;3;1;4;1;1;0;0;0;26;0;40;26.67;8.33;8.33;5;1.67;6.67;1.67;1.67;0;0;0;29.89;0
60225;60;Etouy;613;541;527;176;78;119;76;36;1;25;5;3;6;2;0;72;3;33.4;14.8;22.58;14.42;6.83;0.19;4.74;0.95;0.57;1.14;0.38;0;11.75;0.57
60226;60;Eve;259;222;218;75;24;51;48;9;0;6;2;2;1;0;0;37;0;34.4;11.01;23.39;22.02;4.13;0;2.75;0.92;0.92;0.46;0;0;14.29;0
60227;60;Evricourt;129;104;101;43;23;17;13;1;0;2;2;0;0;0;0;25;0;42.57;22.77;16.83;12.87;0.99;0;1.98;1.98;0;0;0;0;19.38;0
60228;60;Fay-les-Etangs;321;286;280;102;55;45;46;14;3;10;1;0;4;0;0;35;3;36.43;19.64;16.07;16.43;5;1.07;3.57;0.36;0;1.43;0;0;10.9;1.07
60229;60;Le Fayel;171;125;122;57;16;15;21;2;0;6;0;1;4;0;0;46;1;46.72;13.11;12.3;17.21;1.64;0;4.92;0;0.82;3.28;0;0;26.9;0.82
60230;60;Le Fay-Saint-Quentin;394;355;350;129;52;53;63;35;3;7;1;4;3;0;0;39;0;36.86;14.86;15.14;18;10;0.86;2;0.29;1.14;0.86;0;0;9.9;0
60231;60;Feigneux;329;292;282;84;53;56;38;11;5;26;4;3;2;0;0;37;5;29.79;18.79;19.86;13.48;3.9;1.77;9.22;1.42;1.06;0.71;0;0;11.25;1.77
60232;60;Ferrières;370;302;295;122;45;48;33;17;2;18;0;5;5;0;0;68;1;41.36;15.25;16.27;11.19;5.76;0.68;6.1;0;1.69;1.69;0;0;18.38;0.34
60233;60;Feuquières;1103;805;773;339;125;118;89;40;5;36;4;10;6;1;0;298;11;43.86;16.17;15.27;11.51;5.17;0.65;4.66;0.52;1.29;0.78;0.13;0;27.02;1.42
60234;60;Fitz-James;1850;1486;1447;493;287;292;163;76;10;86;19;14;5;2;0;364;9;34.07;19.83;20.18;11.26;5.25;0.69;5.94;1.31;0.97;0.35;0.14;0;19.68;0.62
60235;60;Flavacourt;585;462;449;155;74;80;69;33;6;22;4;5;1;0;0;123;3;34.52;16.48;17.82;15.37;7.35;1.34;4.9;0.89;1.11;0.22;0;0;21.03;0.67
60236;60;Flavy-le-Meldeux;151;124;122;63;19;19;11;4;0;1;2;1;2;0;0;27;0;51.64;15.57;15.57;9.02;3.28;0;0.82;1.64;0.82;1.64;0;0;17.88;0
60237;60;Fléchy;83;75;72;26;3;7;23;1;0;5;6;1;0;0;0;8;3;36.11;4.17;9.72;31.94;1.39;0;6.94;8.33;1.39;0;0;0;9.64;4.17
60238;60;Fleurines;1460;1219;1187;250;144;300;327;61;10;71;10;8;2;4;0;241;1;21.06;12.13;25.27;27.55;5.14;0.84;5.98;0.84;0.67;0.17;0.34;0;16.51;0.08
60239;60;Fleury;371;325;320;117;34;53;64;21;4;13;0;7;6;1;0;46;0;36.56;10.63;16.56;20;6.56;1.25;4.06;0;2.19;1.88;0.31;0;12.4;0
60240;60;Fontaine-Bonneleau;214;173;172;62;15;22;51;10;1;4;0;6;0;1;0;41;0;36.05;8.72;12.79;29.65;5.81;0.58;2.33;0;3.49;0;0.58;0;19.16;0
60241;60;Fontaine-Chaalis;293;243;241;31;21;48;117;9;6;4;2;2;0;1;0;50;0;12.86;8.71;19.92;48.55;3.73;2.49;1.66;0.83;0.83;0;0.41;0;17.06;0
60242;60;Fontaine-Lavaganne;340;263;251;94;44;47;35;15;2;6;3;2;2;1;0;77;1;37.45;17.53;18.73;13.94;5.98;0.8;2.39;1.2;0.8;0.8;0.4;0;22.65;0.4
60243;60;Fontaine-Saint-Lucien;125;109;106;29;8;23;23;6;0;7;1;3;6;0;0;16;0;27.36;7.55;21.7;21.7;5.66;0;6.6;0.94;2.83;5.66;0;0;12.8;0
60244;60;Fontenay-Torcy;119;98;95;35;7;14;33;4;1;0;1;0;0;0;0;21;0;36.84;7.37;14.74;34.74;4.21;1.05;0;1.05;0;0;0;0;17.65;0
60245;60;Formerie;1549;1212;1169;437;142;200;213;70;10;43;5;21;25;3;0;337;11;37.38;12.15;17.11;18.22;5.99;0.86;3.68;0.43;1.8;2.14;0.26;0;21.76;0.94
60247;60;Fouilleuse;96;79;75;38;7;9;4;16;0;1;0;0;0;0;0;17;0;50.67;9.33;12;5.33;21.33;0;1.33;0;0;0;0;0;17.71;0
60248;60;Fouilloy;156;129;126;63;11;23;16;4;1;5;0;1;1;1;0;27;1;50;8.73;18.25;12.7;3.17;0.79;3.97;0;0.79;0.79;0.79;0;17.31;0.79
60249;60;Foulangues;153;135;135;42;25;24;25;9;0;5;2;3;0;0;0;18;0;31.11;18.52;17.78;18.52;6.67;0;3.7;1.48;2.22;0;0;0;11.76;0
60250;60;Fouquenies;358;334;328;95;37;69;85;10;3;20;4;1;4;0;0;24;1;28.96;11.28;21.04;25.91;3.05;0.91;6.1;1.22;0.3;1.22;0;0;6.7;0.3
60251;60;Fouquerolles;211;175;172;44;27;32;44;10;3;5;0;3;3;1;0;36;0;25.58;15.7;18.6;25.58;5.81;1.74;2.91;0;1.74;1.74;0.58;0;17.06;0
60252;60;Fournival;408;347;338;115;62;55;55;14;1;17;3;11;4;1;0;61;2;34.02;18.34;16.27;16.27;4.14;0.3;5.03;0.89;3.25;1.18;0.3;0;14.95;0.59
60253;60;Francastel;354;292;283;118;24;51;48;20;2;10;4;3;2;1;0;62;1;41.7;8.48;18.02;16.96;7.07;0.71;3.53;1.41;1.06;0.71;0.35;0;17.51;0.35
60254;60;Francières;355;314;308;99;43;66;49;20;9;13;2;5;2;0;0;41;1;32.14;13.96;21.43;15.91;6.49;2.92;4.22;0.65;1.62;0.65;0;0;11.55;0.32
60255;60;Fréniches;273;205;202;68;36;31;35;10;2;9;3;4;3;1;0;68;0;33.66;17.82;15.35;17.33;4.95;0.99;4.46;1.49;1.98;1.49;0.5;0;24.91;0
60256;60;Fresneaux-Montchevreuil;593;506;497;164;87;83;90;31;3;15;13;6;4;1;0;87;3;33;17.51;16.7;18.11;6.24;0.6;3.02;2.62;1.21;0.8;0.2;0;14.67;0.6
60257;60;Fresne-Léguillon;319;263;258;81;39;52;57;15;0;5;2;4;2;1;0;56;2;31.4;15.12;20.16;22.09;5.81;0;1.94;0.78;1.55;0.78;0.39;0;17.55;0.78
60258;60;Fresnières;119;104;101;56;12;16;6;4;1;2;2;0;1;1;0;15;1;55.45;11.88;15.84;5.94;3.96;0.99;1.98;1.98;0;0.99;0.99;0;12.61;0.99
60259;60;Fresnoy-en-Thelle;655;570;555;182;88;103;113;30;4;19;11;1;4;0;0;85;2;32.79;15.86;18.56;20.36;5.41;0.72;3.42;1.98;0.18;0.72;0;0;12.98;0.36
60260;60;Fresnoy-la-Rivière;476;394;382;137;60;64;61;31;2;15;8;1;3;0;0;82;3;35.86;15.71;16.75;15.97;8.12;0.52;3.93;2.09;0.26;0.79;0;0;17.23;0.79
60261;60;Fresnoy-le-Luat;359;313;304;89;24;66;72;24;4;20;0;3;1;1;0;46;3;29.28;7.89;21.71;23.68;7.89;1.32;6.58;0;0.99;0.33;0.33;0;12.81;0.99
60262;60;Le Frestoy-Vaux;180;156;151;51;23;27;32;7;0;6;2;1;2;0;0;24;2;33.77;15.23;17.88;21.19;4.64;0;3.97;1.32;0.66;1.32;0;0;13.33;1.32
60263;60;Frétoy-le-Château;194;138;135;62;9;30;15;9;0;7;0;1;2;0;0;56;1;45.93;6.67;22.22;11.11;6.67;0;5.19;0;0.74;1.48;0;0;28.87;0.74
60264;60;Frocourt;371;320;312;76;55;88;51;12;6;17;2;2;3;0;0;51;1;24.36;17.63;28.21;16.35;3.85;1.92;5.45;0.64;0.64;0.96;0;0;13.75;0.32
60265;60;Froissy;732;599;577;257;75;104;72;24;7;17;3;11;6;1;0;133;5;44.54;13;18.02;12.48;4.16;1.21;2.95;0.52;1.91;1.04;0.17;0;18.17;0.87
60267;60;Le Gallet;119;106;101;48;13;13;9;9;1;3;1;2;2;0;0;13;2;47.52;12.87;12.87;8.91;8.91;0.99;2.97;0.99;1.98;1.98;0;0;10.92;1.98
60268;60;Gannes;253;205;201;71;28;32;50;4;4;3;3;3;2;1;0;48;1;35.32;13.93;15.92;24.88;1.99;1.99;1.49;1.49;1.49;1;0.5;0;18.97;0.5
60269;60;Gaudechart;246;212;200;60;42;30;40;8;0;7;0;7;6;0;0;34;5;30;21;15;20;4;0;3.5;0;3.5;3;0;0;13.82;2.5
60270;60;Genvry;249;197;195;58;26;43;40;12;4;9;1;1;1;0;0;52;0;29.74;13.33;22.05;20.51;6.15;2.05;4.62;0.51;0.51;0.51;0;0;20.88;0
60271;60;Gerberoy;95;83;82;20;4;12;31;6;3;6;0;0;0;0;0;12;1;24.39;4.88;14.63;37.8;7.32;3.66;7.32;0;0;0;0;0;12.63;1.22
60272;60;Gilocourt;433;363;355;122;72;60;40;31;1;15;5;6;3;0;0;70;1;34.37;20.28;16.9;11.27;8.73;0.28;4.23;1.41;1.69;0.85;0;0;16.17;0.28
60273;60;Giraumont;431;381;373;96;58;113;62;29;0;10;1;1;3;0;0;50;1;25.74;15.55;30.29;16.62;7.77;0;2.68;0.27;0.27;0.8;0;0;11.6;0.27
60274;60;Glaignes;301;268;262;70;45;42;65;18;1;19;2;0;0;0;0;33;2;26.72;17.18;16.03;24.81;6.87;0.38;7.25;0.76;0;0;0;0;10.96;0.76
60275;60;Glatigny;157;124;121;41;8;28;21;7;1;11;0;1;3;0;0;33;2;33.88;6.61;23.14;17.36;5.79;0.83;9.09;0;0.83;2.48;0;0;21.02;1.65
60276;60;Godenvillers;157;145;143;61;20;25;23;6;1;4;1;2;0;0;0;12;1;42.66;13.99;17.48;16.08;4.2;0.7;2.8;0.7;1.4;0;0;0;7.64;0.7
60277;60;Goincourt;1035;892;868;239;137;197;165;62;4;38;11;7;7;1;0;143;6;27.53;15.78;22.7;19.01;7.14;0.46;4.38;1.27;0.81;0.81;0.12;0;13.82;0.69
60278;60;Golancourt;312;248;241;97;31;45;36;17;2;8;1;3;1;0;0;64;0;40.25;12.86;18.67;14.94;7.05;0.83;3.32;0.41;1.24;0.41;0;0;20.51;0
60279;60;Gondreville;155;143;140;56;23;22;16;10;4;4;2;0;3;0;0;12;0;40;16.43;15.71;11.43;7.14;2.86;2.86;1.43;0;2.14;0;0;7.74;0
60280;60;Gourchelles;109;85;84;37;14;12;14;1;0;5;0;0;1;0;0;24;0;44.05;16.67;14.29;16.67;1.19;0;5.95;0;0;1.19;0;0;22.02;0
60281;60;Gournay-sur-Aronde;447;361;347;82;58;99;64;18;4;11;2;2;6;1;0;86;13;23.63;16.71;28.53;18.44;5.19;1.15;3.17;0.58;0.58;1.73;0.29;0;19.24;3.75
60282;60;Gouvieux;6805;5484;5389;889;601;1381;1808;256;54;260;73;39;21;7;0;1321;20;16.5;11.15;25.63;33.55;4.75;1;4.82;1.35;0.72;0.39;0.13;0;19.41;0.37
60283;60;Gouy-les-Groseillers;27;24;23;9;7;1;2;2;0;0;0;1;1;0;0;3;1;39.13;30.43;4.35;8.7;8.7;0;0;0;4.35;4.35;0;0;11.11;4.35
60284;60;Grandfresnoy;1271;1056;1035;360;160;197;172;58;9;54;6;6;11;2;0;215;4;34.78;15.46;19.03;16.62;5.6;0.87;5.22;0.58;0.58;1.06;0.19;0;16.92;0.39
60285;60;Grandvillers-aux-Bois;231;195;188;69;36;26;32;13;2;8;0;1;1;0;0;36;1;36.7;19.15;13.83;17.02;6.91;1.06;4.26;0;0.53;0.53;0;0;15.58;0.53
60286;60;Grandvilliers;2224;1601;1569;599;191;304;283;70;13;44;17;14;33;1;0;623;32;38.18;12.17;19.38;18.04;4.46;0.83;2.8;1.08;0.89;2.1;0.06;0;28.01;2.04
60287;60;Grandrû;240;205;201;89;25;30;29;13;2;7;2;3;1;0;0;35;2;44.28;12.44;14.93;14.43;6.47;1;3.48;1;1.49;0.5;0;0;14.58;1
60288;60;Grémévillers;334;285;283;106;27;46;69;20;2;3;3;3;4;0;0;49;0;37.46;9.54;16.25;24.38;7.07;0.71;1.06;1.06;1.06;1.41;0;0;14.67;0
60289;60;Grez;219;188;184;83;34;22;19;16;0;7;0;1;2;0;0;31;3;45.11;18.48;11.96;10.33;8.7;0;3.8;0;0.54;1.09;0;0;14.16;1.63
60290;60;Guignecourt;335;283;273;109;43;52;47;8;4;6;1;2;0;1;0;52;2;39.93;15.75;19.05;17.22;2.93;1.47;2.2;0.37;0.73;0;0.37;0;15.52;0.73
60291;60;Guiscard;1263;931;906;403;127;142;130;48;3;29;10;8;5;1;0;332;6;44.48;14.02;15.67;14.35;5.3;0.33;3.2;1.1;0.88;0.55;0.11;0;26.29;0.66
60292;60;Gury;176;147;142;65;24;24;11;9;0;4;1;1;3;0;0;29;1;45.77;16.9;16.9;7.75;6.34;0;2.82;0.7;0.7;2.11;0;0;16.48;0.7
60293;60;Hadancourt-le-Haut-Clocher;284;253;247;57;39;62;48;15;4;11;2;6;1;2;0;31;2;23.08;15.79;25.1;19.43;6.07;1.62;4.45;0.81;2.43;0.4;0.81;0;10.92;0.81
60294;60;Hainvillers;55;50;48;21;12;4;3;1;0;1;1;2;3;0;0;5;2;43.75;25;8.33;6.25;2.08;0;2.08;2.08;4.17;6.25;0;0;9.09;4.17
60295;60;Halloy;347;294;290;120;27;70;35;18;3;9;3;2;3;0;0;53;0;41.38;9.31;24.14;12.07;6.21;1.03;3.1;1.03;0.69;1.03;0;0;15.27;0
60296;60;Hannaches;128;107;106;38;10;11;29;7;3;6;0;2;0;0;0;21;0;35.85;9.43;10.38;27.36;6.6;2.83;5.66;0;1.89;0;0;0;16.41;0
60297;60;Le Hamel;131;114;109;61;17;6;13;4;0;6;0;0;1;1;0;17;1;55.96;15.6;5.5;11.93;3.67;0;5.5;0;0;0.92;0.92;0;12.98;0.92
60298;60;Hanvoile;484;409;390;164;52;60;63;22;3;18;0;4;4;0;0;75;3;42.05;13.33;15.38;16.15;5.64;0.77;4.62;0;1.03;1.03;0;0;15.5;0.77
60299;60;Hardivillers;417;325;319;134;52;41;36;28;4;15;4;3;2;0;0;92;1;42.01;16.3;12.85;11.29;8.78;1.25;4.7;1.25;0.94;0.63;0;0;22.06;0.31
60300;60;Hardivillers-en-Vexin;107;95;93;40;6;24;14;3;0;5;0;1;0;0;0;12;2;43.01;6.45;25.81;15.05;3.23;0;5.38;0;1.08;0;0;0;11.21;2.15
60301;60;Haucourt;114;99;94;34;11;22;3;6;1;14;1;0;1;1;0;15;2;36.17;11.7;23.4;3.19;6.38;1.06;14.89;1.06;0;1.06;1.06;0;13.16;2.13
60302;60;Haudivillers;670;549;533;206;72;85;94;28;4;20;6;9;8;1;0;121;14;38.65;13.51;15.95;17.64;5.25;0.75;3.75;1.13;1.69;1.5;0.19;0;18.06;2.63
60303;60;Hautbos;140;115;115;52;13;17;22;6;0;1;1;3;0;0;0;25;0;45.22;11.3;14.78;19.13;5.22;0;0.87;0.87;2.61;0;0;0;17.86;0
60304;60;Haute-Epine;220;195;194;76;28;36;32;7;0;7;1;0;6;1;0;25;0;39.18;14.43;18.56;16.49;3.61;0;3.61;0.52;0;3.09;0.52;0;11.36;0
60305;60;Hautefontaine;227;180;179;63;28;33;30;9;1;8;0;2;4;1;0;47;1;35.2;15.64;18.44;16.76;5.03;0.56;4.47;0;1.12;2.23;0.56;0;20.7;0.56
60306;60;Hécourt;132;109;106;45;14;20;13;9;0;3;0;2;0;0;0;23;1;42.45;13.21;18.87;12.26;8.49;0;2.83;0;1.89;0;0;0;17.42;0.94
60307;60;Heilles;437;374;365;150;55;68;51;13;2;13;6;7;0;0;0;63;7;41.1;15.07;18.63;13.97;3.56;0.55;3.56;1.64;1.92;0;0;0;14.42;1.92
60308;60;Hémévillers;343;270;268;100;32;53;45;26;2;7;0;2;1;0;0;73;2;37.31;11.94;19.78;16.79;9.7;0.75;2.61;0;0.75;0.37;0;0;21.28;0.75
60309;60;Hénonville;636;509;495;144;88;87;100;43;4;14;5;2;5;3;0;127;4;29.09;17.78;17.58;20.2;8.69;0.81;2.83;1.01;0.4;1.01;0.61;0;19.97;0.81
60310;60;Herchies;495;413;407;124;62;106;67;26;3;9;4;4;1;1;0;82;6;30.47;15.23;26.04;16.46;6.39;0.74;2.21;0.98;0.98;0.25;0.25;0;16.57;1.47
60311;60;La Hérelle;152;129;123;57;15;25;6;6;1;10;0;1;1;1;0;23;0;46.34;12.2;20.33;4.88;4.88;0.81;8.13;0;0.81;0.81;0.81;0;15.13;0
60312;60;Héricourt-sur-Thérain;103;83;80;33;10;10;18;3;0;4;2;0;0;0;0;20;0;41.25;12.5;12.5;22.5;3.75;0;5;2.5;0;0;0;0;19.42;0
60313;60;Hermes;1769;1379;1339;601;234;157;156;74;12;57;8;22;18;0;0;390;10;44.88;17.48;11.73;11.65;5.53;0.9;4.26;0.6;1.64;1.34;0;0;22.05;0.75
60314;60;Hétomesnil;195;166;162;68;23;30;20;8;2;6;2;0;2;1;0;29;2;41.98;14.2;18.52;12.35;4.94;1.23;3.7;1.23;0;1.23;0.62;0;14.87;1.23
60315;60;Hodenc-en-Bray;369;322;308;95;45;58;56;27;5;14;1;3;2;2;0;47;4;30.84;14.61;18.83;18.18;8.77;1.62;4.55;0.32;0.97;0.65;0.65;0;12.74;1.3
60316;60;Hodenc-l'Evêque;191;165;163;67;21;16;38;8;2;7;1;2;1;0;0;26;0;41.1;12.88;9.82;23.31;4.91;1.23;4.29;0.61;1.23;0.61;0;0;13.61;0
60317;60;Hondainville;493;417;408;157;71;67;58;23;1;16;4;5;5;1;0;76;3;38.48;17.4;16.42;14.22;5.64;0.25;3.92;0.98;1.23;1.23;0.25;0;15.42;0.74
60318;60;Houdancourt;473;413;404;152;56;93;46;22;2;23;4;5;1;0;0;60;4;37.62;13.86;23.02;11.39;5.45;0.5;5.69;0.99;1.24;0.25;0;0;12.68;0.99
60319;60;La Houssoye;475;349;339;147;38;51;46;27;1;15;3;6;4;1;0;126;4;43.36;11.21;15.04;13.57;7.96;0.29;4.42;0.88;1.77;1.18;0.29;0;26.53;1.18
60320;60;Ivors;171;142;139;65;18;18;23;6;0;4;2;0;3;0;0;29;2;46.76;12.95;12.95;16.55;4.32;0;2.88;1.44;0;2.16;0;0;16.96;1.44
60321;60;Ivry-le-Temple;544;458;443;156;69;69;88;26;1;18;9;4;3;0;0;86;3;35.21;15.58;15.58;19.86;5.87;0.23;4.06;2.03;0.9;0.68;0;0;15.81;0.68
60322;60;Jaméricourt;239;194;190;63;36;33;25;13;4;10;3;0;2;1;0;45;0;33.16;18.95;17.37;13.16;6.84;2.11;5.26;1.58;0;1.05;0.53;0;18.83;0
60323;60;Janville;478;377;369;137;56;75;48;22;5;11;4;6;3;2;0;101;1;37.13;15.18;20.33;13.01;5.96;1.36;2.98;1.08;1.63;0.81;0.54;0;21.13;0.27
60324;60;Jaulzy;603;492;480;182;74;85;57;37;8;21;3;7;6;0;0;111;5;37.92;15.42;17.71;11.88;7.71;1.67;4.38;0.63;1.46;1.25;0;0;18.41;1.04
60325;60;Jaux;1516;1287;1257;327;186;308;257;85;6;57;9;8;8;6;0;229;4;26.01;14.8;24.5;20.45;6.76;0.48;4.53;0.72;0.64;0.64;0.48;0;15.11;0.32
60326;60;Jonquières;504;442;434;96;57;111;118;21;2;20;3;4;0;2;0;62;1;22.12;13.13;25.58;27.19;4.84;0.46;4.61;0.69;0.92;0;0.46;0;12.3;0.23
60327;60;Jouy-sous-Thelle;730;590;579;239;97;88;82;36;5;14;1;10;7;0;0;140;2;41.28;16.75;15.2;14.16;6.22;0.86;2.42;0.17;1.73;1.21;0;0;19.18;0.35
60328;60;Juvignies;244;213;205;83;30;33;32;15;1;4;1;2;4;0;0;31;3;40.49;14.63;16.1;15.61;7.32;0.49;1.95;0.49;0.98;1.95;0;0;12.7;1.46
60329;60;Laberlière;151;129;128;54;19;22;13;11;0;4;3;1;1;0;0;22;0;42.19;14.84;17.19;10.16;8.59;0;3.13;2.34;0.78;0.78;0;0;14.57;0
60330;60;Laboissière-en-Thelle;934;789;767;280;124;111;126;53;4;35;17;11;2;4;0;145;9;36.51;16.17;14.47;16.43;6.91;0.52;4.56;2.22;1.43;0.26;0.52;0;15.52;1.17
60331;60;Labosse;353;301;291;88;48;41;68;21;4;11;2;3;5;0;0;52;2;30.24;16.49;14.09;23.37;7.22;1.37;3.78;0.69;1.03;1.72;0;0;14.73;0.69
60332;60;Labruyère;362;304;295;107;41;58;47;18;1;13;3;3;4;0;0;58;1;36.27;13.9;19.66;15.93;6.1;0.34;4.41;1.02;1.02;1.36;0;0;16.02;0.34
60333;60;Lachapelle-aux-Pots;1112;922;899;336;124;161;163;56;4;30;7;10;6;2;0;190;9;37.37;13.79;17.91;18.13;6.23;0.44;3.34;0.78;1.11;0.67;0.22;0;17.09;1
60334;60;Lachapelle-Saint-Pierre;759;625;614;204;107;105;106;49;7;15;8;4;4;5;0;134;5;33.22;17.43;17.1;17.26;7.98;1.14;2.44;1.3;0.65;0.65;0.81;0;17.65;0.81
60335;60;Lachapelle-sous-Gerberoy;107;101;101;25;18;19;25;7;1;3;2;1;0;0;0;6;0;24.75;17.82;18.81;24.75;6.93;0.99;2.97;1.98;0.99;0;0;0;5.61;0
60336;60;Lachaussée-du-Bois-d'Ecu;164;136;135;29;16;17;56;10;1;4;0;2;0;0;0;28;0;21.48;11.85;12.59;41.48;7.41;0.74;2.96;0;1.48;0;0;0;17.07;0
60337;60;Lachelle;552;460;447;99;59;148;81;27;3;14;8;4;3;1;0;92;2;22.15;13.2;33.11;18.12;6.04;0.67;3.13;1.79;0.89;0.67;0.22;0;16.67;0.45
60338;60;Lacroix-Saint-Ouen;3518;2918;2857;808;424;640;595;154;20;155;17;21;21;2;0;600;11;28.28;14.84;22.4;20.83;5.39;0.7;5.43;0.6;0.74;0.74;0.07;0;17.06;0.39
60339;60;Lafraye;270;242;236;93;36;40;35;15;3;10;0;1;2;1;0;28;1;39.41;15.25;16.95;14.83;6.36;1.27;4.24;0;0.42;0.85;0.42;0;10.37;0.42
60340;60;Lagny;367;316;308;96;49;41;74;24;3;8;4;3;4;2;0;51;8;31.17;15.91;13.31;24.03;7.79;0.97;2.6;1.3;0.97;1.3;0.65;0;13.9;2.6
60341;60;Lagny-le-Sec;1429;1198;1172;348;190;237;228;78;6;42;24;9;10;0;0;231;5;29.69;16.21;20.22;19.45;6.66;0.51;3.58;2.05;0.77;0.85;0;0;16.17;0.43
60342;60;Laigneville;3093;2366;2312;718;542;453;259;130;22;109;26;28;13;12;0;727;15;31.06;23.44;19.59;11.2;5.62;0.95;4.71;1.12;1.21;0.56;0.52;0;23.5;0.65
60343;60;Lalande-en-Son;502;401;391;139;68;65;46;38;3;13;1;10;7;1;0;101;1;35.55;17.39;16.62;11.76;9.72;0.77;3.32;0.26;2.56;1.79;0.26;0;20.12;0.26
60344;60;Lalandelle;389;324;313;135;46;44;35;24;2;15;1;4;3;4;0;65;0;43.13;14.7;14.06;11.18;7.67;0.64;4.79;0.32;1.28;0.96;1.28;0;16.71;0
60345;60;Lamécourt;144;125;121;33;25;13;19;11;2;11;1;2;4;0;0;19;0;27.27;20.66;10.74;15.7;9.09;1.65;9.09;0.83;1.65;3.31;0;0;13.19;0
60346;60;Lamorlaye;6858;5707;5613;1044;494;1361;2181;237;31;181;41;25;11;7;0;1151;24;18.6;8.8;24.25;38.86;4.22;0.55;3.22;0.73;0.45;0.2;0.12;0;16.78;0.43
60347;60;Lannoy-Cuillère;208;178;170;78;13;27;37;9;0;3;2;0;1;0;0;30;2;45.88;7.65;15.88;21.76;5.29;0;1.76;1.18;0;0.59;0;0;14.42;1.18
60348;60;Larbroye;319;270;259;113;31;50;29;19;1;10;1;2;3;0;0;49;1;43.63;11.97;19.31;11.2;7.34;0.39;3.86;0.39;0.77;1.16;0;0;15.36;0.39
60350;60;Lassigny;1003;822;806;319;142;136;117;35;3;33;5;11;5;0;0;181;1;39.58;17.62;16.87;14.52;4.34;0.37;4.09;0.62;1.36;0.62;0;0;18.05;0.12
60351;60;Lataule;89;71;67;24;14;9;10;1;1;3;1;2;2;0;0;18;1;35.82;20.9;13.43;14.93;1.49;1.49;4.48;1.49;2.99;2.99;0;0;20.22;1.49
60352;60;Lattainville;124;114;109;40;14;12;24;11;1;0;4;3;0;0;0;10;2;36.7;12.84;11.01;22.02;10.09;0.92;0;3.67;2.75;0;0;0;8.06;1.83
60353;60;Lavacquerie;153;135;132;51;18;17;35;6;4;1;0;0;0;0;0;18;1;38.64;13.64;12.88;26.52;4.55;3.03;0.76;0;0;0;0;0;11.76;0.76
60354;60;Laverrière;39;39;39;15;3;5;15;1;0;0;0;0;0;0;0;0;0;38.46;7.69;12.82;38.46;2.56;0;0;0;0;0;0;0;0;0
60355;60;Laversines;857;733;719;242;125;153;108;39;7;20;4;7;12;2;0;124;3;33.66;17.39;21.28;15.02;5.42;0.97;2.78;0.56;0.97;1.67;0.28;0;14.47;0.42
60356;60;Lavilletertre;370;320;308;91;49;43;74;19;5;15;2;6;3;1;0;50;3;29.55;15.91;13.96;24.03;6.17;1.62;4.87;0.65;1.95;0.97;0.32;0;13.51;0.97
60357;60;Léglantiers;356;303;296;94;59;60;46;12;3;15;1;1;3;2;0;53;4;31.76;19.93;20.27;15.54;4.05;1.01;5.07;0.34;0.34;1.01;0.68;0;14.89;1.35
60358;60;Lévignen;660;573;563;188;108;104;85;39;8;15;5;4;6;1;0;87;3;33.39;19.18;18.47;15.1;6.93;1.42;2.66;0.89;0.71;1.07;0.18;0;13.18;0.53
60359;60;Lhéraule;138;127;126;32;32;24;19;14;1;2;0;1;1;0;0;11;0;25.4;25.4;19.05;15.08;11.11;0.79;1.59;0;0.79;0.79;0;0;7.97;0
60360;60;Liancourt;3767;2868;2789;997;611;488;277;144;23;141;37;43;26;2;0;899;27;35.75;21.91;17.5;9.93;5.16;0.82;5.06;1.33;1.54;0.93;0.07;0;23.87;0.97
60361;60;Liancourt-Saint-Pierre;454;394;385;102;81;69;64;30;6;16;8;7;2;0;0;60;1;26.49;21.04;17.92;16.62;7.79;1.56;4.16;2.08;1.82;0.52;0;0;13.22;0.26
60362;60;Libermont;184;119;118;47;19;27;14;6;0;1;0;1;1;2;0;65;0;39.83;16.1;22.88;11.86;5.08;0;0.85;0;0.85;0.85;1.69;0;35.33;0
60363;60;Lierville;181;163;162;37;23;28;51;9;0;6;3;3;1;1;0;18;0;22.84;14.2;17.28;31.48;5.56;0;3.7;1.85;1.85;0.62;0.62;0;9.94;0
60364;60;Lieuvillers;476;416;411;157;63;70;54;20;2;29;4;2;9;1;0;60;2;38.2;15.33;17.03;13.14;4.87;0.49;7.06;0.97;0.49;2.19;0.24;0;12.61;0.49
60365;60;Lihus;327;286;275;127;37;36;49;11;0;5;4;2;3;1;0;41;9;46.18;13.45;13.09;17.82;4;0;1.82;1.45;0.73;1.09;0.36;0;12.54;3.27
60366;60;Litz;288;239;234;96;36;29;30;16;0;12;4;4;2;5;0;49;5;41.03;15.38;12.39;12.82;6.84;0;5.13;1.71;1.71;0.85;2.14;0;17.01;2.14
60367;60;Loconville;229;185;185;54;27;37;35;17;5;7;1;1;1;0;0;44;0;29.19;14.59;20;18.92;9.19;2.7;3.78;0.54;0.54;0.54;0;0;19.21;0
60368;60;Longueil-Annel;1841;1447;1415;487;297;231;194;86;6;69;14;9;19;3;0;394;7;34.42;20.99;16.33;13.71;6.08;0.42;4.88;0.99;0.64;1.34;0.21;0;21.4;0.49
60369;60;Longueil-Sainte-Marie;1298;1073;1045;318;149;236;193;55;8;46;16;9;11;4;0;225;4;30.43;14.26;22.58;18.47;5.26;0.77;4.4;1.53;0.86;1.05;0.38;0;17.33;0.38
60370;60;Lormaison;932;751;727;324;95;100;109;43;8;24;7;7;6;4;0;181;6;44.57;13.07;13.76;14.99;5.91;1.1;3.3;0.96;0.96;0.83;0.55;0;19.42;0.83
60371;60;Loueuse;129;113;110;36;10;20;31;4;3;3;1;1;1;0;0;16;0;32.73;9.09;18.18;28.18;3.64;2.73;2.73;0.91;0.91;0.91;0;0;12.4;0
60372;60;Luchy;467;393;385;158;40;50;75;31;4;8;6;7;3;3;0;74;4;41.04;10.39;12.99;19.48;8.05;1.04;2.08;1.56;1.82;0.78;0.78;0;15.85;1.04
60373;60;Machemont;593;452;446;129;84;93;83;27;3;15;3;2;6;1;0;141;3;28.92;18.83;20.85;18.61;6.05;0.67;3.36;0.67;0.45;1.35;0.22;0;23.78;0.67
60374;60;Maignelay-Montigny;1808;1521;1480;545;329;258;141;68;7;74;10;22;19;7;0;287;9;36.82;22.23;17.43;9.53;4.59;0.47;5;0.68;1.49;1.28;0.47;0;15.87;0.61
60375;60;Maimbeville;292;252;244;95;41;38;40;8;0;8;3;5;4;2;0;40;1;38.93;16.8;15.57;16.39;3.28;0;3.28;1.23;2.05;1.64;0.82;0;13.7;0.41
60376;60;Maisoncelle-Saint-Pierre;123;105;98;34;20;16;12;3;0;11;0;2;0;0;0;18;1;34.69;20.41;16.33;12.24;3.06;0;11.22;0;2.04;0;0;0;14.63;1.02
60377;60;Maisoncelle-Tuilerie;270;240;238;119;19;41;31;12;0;7;1;2;5;1;0;30;1;50;7.98;17.23;13.03;5.04;0;2.94;0.42;0.84;2.1;0.42;0;11.11;0.42
60378;60;Marest-sur-Matz;300;253;240;80;34;51;27;17;5;13;5;4;2;2;0;47;3;33.33;14.17;21.25;11.25;7.08;2.08;5.42;2.08;1.67;0.83;0.83;0;15.67;1.25
60379;60;Mareuil-la-Motte;506;409;394;148;95;50;43;17;6;16;3;13;3;0;0;97;3;37.56;24.11;12.69;10.91;4.31;1.52;4.06;0.76;3.3;0.76;0;0;19.17;0.76
60380;60;Mareuil-sur-Ourcq;1009;846;829;347;142;124;86;61;11;31;7;10;10;0;0;163;1;41.86;17.13;14.96;10.37;7.36;1.33;3.74;0.84;1.21;1.21;0;0;16.15;0.12
60381;60;Margny-aux-Cerises;189;153;152;72;20;21;11;13;2;10;3;0;0;0;0;36;0;47.37;13.16;13.82;7.24;8.55;1.32;6.58;1.97;0;0;0;0;19.05;0
60382;60;Margny-lès-Compiègne;4775;3962;3870;842;809;990;637;189;35;247;40;38;35;8;0;813;14;21.76;20.9;25.58;16.46;4.88;0.9;6.38;1.03;0.98;0.9;0.21;0;17.03;0.36
60383;60;Margny-sur-Matz;405;345;332;124;55;55;42;20;7;15;4;5;4;1;0;60;1;37.35;16.57;16.57;12.65;6.02;2.11;4.52;1.2;1.51;1.2;0.3;0;14.81;0.3
60385;60;Marolles;486;397;392;152;60;76;59;12;0;26;3;3;1;0;0;89;3;38.78;15.31;19.39;15.05;3.06;0;6.63;0.77;0.77;0.26;0;0;18.31;0.77
60386;60;Marquéglise;353;311;300;118;33;57;61;18;2;6;2;2;1;0;0;42;5;39.33;11;19;20.33;6;0.67;2;0.67;0.67;0.33;0;0;11.9;1.67
60387;60;Marseille-en-Beauvaisis;918;694;671;291;113;93;66;43;6;43;3;7;6;0;0;224;9;43.37;16.84;13.86;9.84;6.41;0.89;6.41;0.45;1.04;0.89;0;0;24.4;1.34
60388;60;Martincourt;115;101;100;41;5;15;19;13;2;2;1;2;0;0;0;14;1;41;5;15;19;13;2;2;1;2;0;0;0;12.17;1
60389;60;Maucourt;155;123;118;57;17;21;8;5;0;5;2;2;1;0;0;32;1;48.31;14.41;17.8;6.78;4.24;0;4.24;1.69;1.69;0.85;0;0;20.65;0.85
60390;60;Maulers;189;159;153;61;19;28;17;19;1;2;1;1;4;0;0;30;1;39.87;12.42;18.3;11.11;12.42;0.65;1.31;0.65;0.65;2.61;0;0;15.87;0.65
60391;60;Maysel;193;152;146;62;24;30;17;7;3;0;0;1;2;0;0;41;0;42.47;16.44;20.55;11.64;4.79;2.05;0;0;0.68;1.37;0;0;21.24;0
60392;60;Mélicocq;567;463;446;146;79;95;67;26;2;22;0;2;7;0;0;104;1;32.74;17.71;21.3;15.02;5.83;0.45;4.93;0;0.45;1.57;0;0;18.34;0.22
60393;60;Mello;347;294;286;95;59;65;30;3;7;18;5;2;2;0;0;53;1;33.22;20.63;22.73;10.49;1.05;2.45;6.29;1.75;0.7;0.7;0;0;15.27;0.35
60394;60;Ménévillers;71;60;59;26;6;8;14;2;1;0;0;1;1;0;0;11;0;44.07;10.17;13.56;23.73;3.39;1.69;0;0;1.69;1.69;0;0;15.49;0
60395;60;Méru;7783;5871;5696;1480;1562;1131;678;238;40;364;76;66;54;7;0;1912;54;25.98;27.42;19.86;11.9;4.18;0.7;6.39;1.33;1.16;0.95;0.12;0;24.57;0.95
60396;60;Méry-la-Bataille;440;372;358;158;48;57;45;15;7;10;3;6;7;2;0;68;5;44.13;13.41;15.92;12.57;4.19;1.96;2.79;0.84;1.68;1.96;0.56;0;15.45;1.4
60397;60;Le Mesnil-Conteville;82;73;67;20;9;7;24;3;0;2;1;0;1;0;0;9;0;29.85;13.43;10.45;35.82;4.48;0;2.99;1.49;0;1.49;0;0;10.98;0
60398;60;Le Mesnil-en-Thelle;1590;1341;1310;369;212;269;223;102;11;68;12;27;15;2;0;249;5;28.17;16.18;20.53;17.02;7.79;0.84;5.19;0.92;2.06;1.15;0.15;0;15.66;0.38
60399;60;Le Mesnil-Saint-Firmin;132;115;111;38;20;23;11;6;2;3;1;4;2;1;0;17;1;34.23;18.02;20.72;9.91;5.41;1.8;2.7;0.9;3.6;1.8;0.9;0;12.88;0.9
60400;60;Le Mesnil-sur-Bulles;198;180;177;86;22;21;20;16;0;9;0;2;1;0;0;18;0;48.59;12.43;11.86;11.3;9.04;0;5.08;0;1.13;0.56;0;0;9.09;0
60401;60;Le Mesnil-Théribus;576;462;445;178;66;81;56;22;3;21;5;8;5;0;0;114;0;40;14.83;18.2;12.58;4.94;0.67;4.72;1.12;1.8;1.12;0;0;19.79;0
60402;60;Le Meux;1620;1347;1317;391;206;296;236;73;8;71;14;14;4;4;0;273;9;29.69;15.64;22.48;17.92;5.54;0.61;5.39;1.06;1.06;0.3;0.3;0;16.85;0.68
60403;60;Milly-sur-Thérain;1246;1040;1024;342;168;208;184;52;4;34;5;11;15;1;0;206;4;33.4;16.41;20.31;17.97;5.08;0.39;3.32;0.49;1.07;1.46;0.1;0;16.53;0.39
60404;60;Mogneville;986;803;780;310;146;132;81;45;4;42;4;9;5;2;0;183;4;39.74;18.72;16.92;10.38;5.77;0.51;5.38;0.51;1.15;0.64;0.26;0;18.56;0.51
60405;60;Moliens;724;619;602;316;67;74;77;28;5;18;3;5;9;0;0;105;3;52.49;11.13;12.29;12.79;4.65;0.83;2.99;0.5;0.83;1.5;0;0;14.5;0.5
60406;60;Monceaux;606;511;493;144;71;105;85;41;7;19;4;6;10;1;0;95;2;29.21;14.4;21.3;17.24;8.32;1.42;3.85;0.81;1.22;2.03;0.2;0;15.68;0.41
60407;60;Monceaux-l'Abbaye;184;160;158;73;15;22;31;12;1;1;0;2;1;0;0;24;1;46.2;9.49;13.92;19.62;7.59;0.63;0.63;0;1.27;0.63;0;0;13.04;0.63
60408;60;Monchy-Humières;565;452;441;140;71;81;86;24;7;25;3;1;2;1;0;113;5;31.75;16.1;18.37;19.5;5.44;1.59;5.67;0.68;0.23;0.45;0.23;0;20;1.13
60409;60;Monchy-Saint-Eloi;1404;1155;1122;349;247;201;140;75;8;63;17;10;10;2;0;249;7;31.11;22.01;17.91;12.48;6.68;0.71;5.61;1.52;0.89;0.89;0.18;0;17.74;0.62
60410;60;Mondescourt;188;152;148;59;29;15;28;6;1;5;2;2;1;0;0;36;1;39.86;19.59;10.14;18.92;4.05;0.68;3.38;1.35;1.35;0.68;0;0;19.15;0.68
60411;60;Monneville;587;475;461;150;85;76;87;29;5;18;8;1;0;2;0;112;4;32.54;18.44;16.49;18.87;6.29;1.08;3.9;1.74;0.22;0;0.43;0;19.08;0.87
60412;60;Montagny-en-Vexin;486;406;391;112;61;74;75;32;0;24;4;3;5;1;0;80;4;28.64;15.6;18.93;19.18;8.18;0;6.14;1.02;0.77;1.28;0.26;0;16.46;1.02
60413;60;Montagny-Sainte-Félicité;306;267;261;68;46;62;47;15;6;9;3;2;2;1;0;39;1;26.05;17.62;23.75;18.01;5.75;2.3;3.45;1.15;0.77;0.77;0.38;0;12.75;0.38
60414;60;Montataire;7142;5239;5115;1313;2030;822;323;151;29;259;76;64;37;11;0;1903;50;25.67;39.69;16.07;6.31;2.95;0.57;5.06;1.49;1.25;0.72;0.22;0;26.65;0.98
60415;60;Montépilloy;133;118;115;21;11;11;63;2;1;5;0;1;0;0;0;15;1;18.26;9.57;9.57;54.78;1.74;0.87;4.35;0;0.87;0;0;0;11.28;0.87
60416;60;Montgérain;127;111;104;38;5;22;16;8;1;7;3;2;2;0;0;16;5;36.54;4.81;21.15;15.38;7.69;0.96;6.73;2.88;1.92;1.92;0;0;12.6;4.81
60418;60;Montiers;299;261;255;91;49;37;49;12;4;8;3;0;2;0;0;38;3;35.69;19.22;14.51;19.22;4.71;1.57;3.14;1.18;0;0.78;0;0;12.71;1.18
60420;60;Montjavoult;361;325;318;94;54;45;83;22;3;14;1;2;0;0;0;36;7;29.56;16.98;14.15;26.1;6.92;0.94;4.4;0.31;0.63;0;0;0;9.97;2.2
60421;60;Mont-l'Evêque;304;259;255;77;29;65;64;5;3;7;3;1;1;0;0;45;0;30.2;11.37;25.49;25.1;1.96;1.18;2.75;1.18;0.39;0.39;0;0;14.8;0
60422;60;Montlognon;138;120;111;17;8;16;51;2;1;13;3;0;0;0;0;18;1;15.32;7.21;14.41;45.95;1.8;0.9;11.71;2.7;0;0;0;0;13.04;0.9
60423;60;Montmacq;863;705;686;191;164;161;92;27;4;26;2;5;12;2;0;158;7;27.84;23.91;23.47;13.41;3.94;0.58;3.79;0.29;0.73;1.75;0.29;0;18.31;1.02
60424;60;Montmartin;202;164;164;71;27;21;28;10;0;2;1;3;1;0;0;38;0;43.29;16.46;12.8;17.07;6.1;0;1.22;0.61;1.83;0.61;0;0;18.81;0
60425;60;Montreuil-sur-Brêche;394;333;321;121;48;52;46;24;3;20;0;2;3;2;0;61;2;37.69;14.95;16.2;14.33;7.48;0.93;6.23;0;0.62;0.93;0.62;0;15.48;0.62
60426;60;Montreuil-sur-Thérain;188;159;155;55;13;29;38;4;1;5;8;0;1;1;0;29;0;35.48;8.39;18.71;24.52;2.58;0.65;3.23;5.16;0;0.65;0.65;0;15.43;0
60427;60;Monts;155;137;136;69;11;15;31;5;0;4;0;1;0;0;0;18;0;50.74;8.09;11.03;22.79;3.68;0;2.94;0;0.74;0;0;0;11.61;0
60428;60;Le Mont-Saint-Adrien;489;444;436;80;61;107;125;32;5;12;2;6;3;3;0;45;3;18.35;13.99;24.54;28.67;7.34;1.15;2.75;0.46;1.38;0.69;0.69;0;9.2;0.69
60429;60;Morangles;244;221;213;60;37;35;58;10;1;8;1;1;0;2;0;23;0;28.17;17.37;16.43;27.23;4.69;0.47;3.76;0.47;0.47;0;0.94;0;9.43;0
60430;60;Morienval;809;677;652;221;105;128;114;29;10;21;7;8;8;1;0;132;6;33.9;16.1;19.63;17.48;4.45;1.53;3.22;1.07;1.23;1.23;0.15;0;16.32;0.92
60431;60;Morlincourt;405;350;341;114;60;80;45;22;1;12;1;2;3;1;0;55;2;33.43;17.6;23.46;13.2;6.45;0.29;3.52;0.29;0.59;0.88;0.29;0;13.58;0.59
60432;60;Mortefontaine;619;502;496;113;47;129;145;36;1;14;4;3;3;1;0;117;1;22.78;9.48;26.01;29.23;7.26;0.2;2.82;0.81;0.6;0.6;0.2;0;18.9;0.2
60433;60;Mortefontaine-en-Thelle;681;539;527;192;87;81;90;31;6;30;3;2;4;1;0;142;1;36.43;16.51;15.37;17.08;5.88;1.14;5.69;0.57;0.38;0.76;0.19;0;20.85;0.19
60434;60;Mortemer;165;146;143;44;21;19;29;16;4;6;1;3;0;0;0;19;1;30.77;14.69;13.29;20.28;11.19;2.8;4.2;0.7;2.1;0;0;0;11.52;0.7
60435;60;Morvillers;369;310;304;142;34;35;52;21;3;5;1;2;9;0;0;59;0;46.71;11.18;11.51;17.11;6.91;0.99;1.64;0.33;0.66;2.96;0;0;15.99;0
60436;60;Mory-Montcrux;91;72;69;28;6;9;13;5;1;5;1;1;0;0;0;19;2;40.58;8.7;13.04;18.84;7.25;1.45;7.25;1.45;1.45;0;0;0;20.88;2.9
60437;60;Mouchy-le-Châtel;73;61;60;25;9;7;16;2;0;1;0;0;0;0;0;12;0;41.67;15;11.67;26.67;3.33;0;1.67;0;0;0;0;0;16.44;0
60438;60;Moulin-sous-Touvent;147;133;132;56;24;11;15;18;2;6;0;0;0;0;0;14;1;42.42;18.18;8.33;11.36;13.64;1.52;4.55;0;0;0;0;0;9.52;0.76
60439;60;Mouy;3309;2592;2516;935;525;408;303;124;14;117;29;32;23;6;0;717;29;37.16;20.87;16.22;12.04;4.93;0.56;4.65;1.15;1.27;0.91;0.24;0;21.67;1.15
60440;60;Moyenneville;462;383;369;141;57;50;65;19;6;18;4;5;2;2;0;79;2;38.21;15.45;13.55;17.62;5.15;1.63;4.88;1.08;1.36;0.54;0.54;0;17.1;0.54
60441;60;Moyvillers;444;383;369;116;47;74;71;33;3;15;3;3;4;0;0;61;3;31.44;12.74;20.05;19.24;8.94;0.81;4.07;0.81;0.81;1.08;0;0;13.74;0.81
60442;60;Muidorge;91;81;77;40;7;12;16;1;0;0;1;0;0;0;0;10;1;51.95;9.09;15.58;20.78;1.3;0;0;1.3;0;0;0;0;10.99;1.3
60443;60;Muirancourt;407;326;321;165;40;43;39;13;0;10;2;5;4;0;0;81;0;51.4;12.46;13.4;12.15;4.05;0;3.12;0.62;1.56;1.25;0;0;19.9;0
60444;60;Mureaumont;121;103;101;36;12;15;29;6;0;2;0;0;1;0;0;18;0;35.64;11.88;14.85;28.71;5.94;0;1.98;0;0;0.99;0;0;14.88;0
60445;60;Nampcel;199;173;173;64;28;25;41;7;0;5;0;0;3;0;0;26;0;36.99;16.18;14.45;23.7;4.05;0;2.89;0;0;1.73;0;0;13.07;0
60446;60;Nanteuil-le-Haudouin;2561;2081;2019;656;446;344;238;133;31;89;34;26;13;9;0;480;24;32.49;22.09;17.04;11.79;6.59;1.54;4.41;1.68;1.29;0.64;0.45;0;18.74;1.19
60447;60;Néry;521;445;440;145;65;85;93;26;4;17;1;3;1;0;0;76;5;32.95;14.77;19.32;21.14;5.91;0.91;3.86;0.23;0.68;0.23;0;0;14.59;1.14
60448;60;Neufchelles;285;231;229;97;20;51;22;20;1;11;6;1;0;0;0;54;0;42.36;8.73;22.27;9.61;8.73;0.44;4.8;2.62;0.44;0;0;0;18.95;0
60449;60;Neufvy-sur-Aronde;204;162;150;49;28;28;17;9;2;8;3;3;3;0;0;42;1;32.67;18.67;18.67;11.33;6;1.33;5.33;2;2;2;0;0;20.59;0.67
60450;60;Neuilly-en-Thelle;2309;1904;1842;635;283;355;289;112;25;84;21;25;12;1;0;405;20;34.47;15.36;19.27;15.69;6.08;1.36;4.56;1.14;1.36;0.65;0.05;0;17.54;1.09
60451;60;Neuilly-sous-Clermont;1130;997;977;367;164;172;139;53;9;41;17;3;8;4;0;133;3;37.56;16.79;17.6;14.23;5.42;0.92;4.2;1.74;0.31;0.82;0.41;0;11.77;0.31
60452;60;Neuville-Bosc;389;337;330;107;25;71;73;27;5;9;5;5;2;1;0;52;3;32.42;7.58;21.52;22.12;8.18;1.52;2.73;1.52;1.52;0.61;0.3;0;13.37;0.91
60454;60;La Neuville-en-Hez;773;654;635;202;101;154;99;39;3;25;4;2;6;0;0;119;1;31.81;15.91;24.25;15.59;6.14;0.47;3.94;0.63;0.31;0.94;0;0;15.39;0.16
60455;60;La Neuville-Garnier;238;193;190;82;22;37;27;11;0;6;0;2;2;1;0;45;1;43.16;11.58;19.47;14.21;5.79;0;3.16;0;1.05;1.05;0.53;0;18.91;0.53
60456;60;La Neuville-Roy;681;593;572;204;81;93;100;49;4;27;4;5;4;1;0;88;5;35.66;14.16;16.26;17.48;8.57;0.7;4.72;0.7;0.87;0.7;0.17;0;12.92;0.87
60457;60;La Neuville-Saint-Pierre;121;103;100;47;11;21;15;4;1;0;0;1;0;0;0;18;0;47;11;21;15;4;1;0;0;1;0;0;0;14.88;0
60458;60;La Neuville-sur-Oudeuil;226;204;198;67;28;30;49;12;4;3;2;0;3;0;0;22;2;33.84;14.14;15.15;24.75;6.06;2.02;1.52;1.01;0;1.52;0;0;9.73;1.01
60459;60;La Neuville-sur-Ressons;152;134;128;46;19;18;18;7;1;11;2;4;1;1;0;18;2;35.94;14.84;14.06;14.06;5.47;0.78;8.59;1.56;3.13;0.78;0.78;0;11.84;1.56
60460;60;La Neuville-Vault;155;138;132;57;11;28;20;7;0;6;2;0;1;0;0;17;0;43.18;8.33;21.21;15.15;5.3;0;4.55;1.52;0;0.76;0;0;10.97;0
60461;60;Nivillers;163;130;129;37;16;24;41;6;1;0;1;2;1;0;0;33;0;28.68;12.4;18.6;31.78;4.65;0.78;0;0.78;1.55;0.78;0;0;20.25;0
60462;60;Noailles;2162;1603;1562;535;275;277;270;70;21;72;8;19;11;4;0;559;18;34.25;17.61;17.73;17.29;4.48;1.34;4.61;0.51;1.22;0.7;0.26;0;25.86;1.15
60463;60;Nogent-sur-Oise;11037;7599;7407;1785;2158;1599;798;294;40;452;128;87;59;7;0;3438;47;24.1;29.13;21.59;10.77;3.97;0.54;6.1;1.73;1.17;0.8;0.09;0;31.15;0.63
60464;60;Nointel;806;713;697;204;125;154;110;39;3;33;5;10;9;5;0;93;2;29.27;17.93;22.09;15.78;5.6;0.43;4.73;0.72;1.43;1.29;0.72;0;11.54;0.29
60465;60;Noirémont;144;109;108;46;13;21;13;9;2;2;0;1;1;0;0;35;0;42.59;12.04;19.44;12.04;8.33;1.85;1.85;0;0.93;0.93;0;0;24.31;0
60466;60;Noroy;167;136;129;35;26;22;28;6;0;10;1;0;1;0;0;31;0;27.13;20.16;17.05;21.71;4.65;0;7.75;0.78;0;0.78;0;0;18.56;0
60468;60;Nourard-le-Franc;261;216;213;75;23;49;46;12;0;3;3;0;2;0;0;45;1;35.21;10.8;23;21.6;5.63;0;1.41;1.41;0;0.94;0;0;17.24;0.47
60469;60;Novillers;293;239;236;85;42;27;50;22;2;3;0;4;1;0;0;54;0;36.02;17.8;11.44;21.19;9.32;0.85;1.27;0;1.69;0.42;0;0;18.43;0
60470;60;Noyers-Saint-Martin;602;496;484;189;71;97;62;30;5;11;9;4;6;0;0;106;4;39.05;14.67;20.04;12.81;6.2;1.03;2.27;1.86;0.83;1.24;0;0;17.61;0.83
60471;60;Noyon;7681;5298;5150;1489;1065;1029;870;241;31;259;62;51;41;12;0;2383;0;28.91;20.68;19.98;16.89;4.68;0.6;5.03;1.2;0.99;0.8;0.23;0;31.02;0
60472;60;Offoy;85;76;74;27;4;15;20;2;2;1;1;0;2;0;0;9;1;36.49;5.41;20.27;27.03;2.7;2.7;1.35;1.35;0;2.7;0;0;10.59;1.35
60473;60;Ognes;240;189;182;85;19;36;27;3;2;7;0;2;1;0;0;51;1;46.7;10.44;19.78;14.84;1.65;1.1;3.85;0;1.1;0.55;0;0;21.25;0.55
60474;60;Ognolles;209;178;177;91;27;19;16;7;4;7;1;3;1;1;0;31;0;51.41;15.25;10.73;9.04;3.95;2.26;3.95;0.56;1.69;0.56;0.56;0;14.83;0
60475;60;Ognon;126;102;99;14;15;25;37;6;1;1;0;0;0;0;0;24;2;14.14;15.15;25.25;37.37;6.06;1.01;1.01;0;0;0;0;0;19.05;2.02
60476;60;Omécourt;135;118;117;43;4;24;38;5;0;3;0;0;0;0;0;17;0;36.75;3.42;20.51;32.48;4.27;0;2.56;0;0;0;0;0;12.59;0
60477;60;Ons-en-Bray;991;836;820;294;110;175;120;51;4;43;3;10;8;2;0;155;3;35.85;13.41;21.34;14.63;6.22;0.49;5.24;0.37;1.22;0.98;0.24;0;15.64;0.37
60478;60;Ormoy-le-Davien;245;202;201;95;32;21;20;14;0;12;5;2;0;0;0;43;0;47.26;15.92;10.45;9.95;6.97;0;5.97;2.49;1;0;0;0;17.55;0
60479;60;Ormoy-Villers;484;413;403;167;64;59;54;28;5;14;2;5;5;0;0;71;1;41.44;15.88;14.64;13.4;6.95;1.24;3.47;0.5;1.24;1.24;0;0;14.67;0.25
60480;60;Oroër;445;373;361;108;41;76;83;32;4;12;0;0;4;1;0;72;1;29.92;11.36;21.05;22.99;8.86;1.11;3.32;0;0;1.11;0.28;0;16.18;0.28
60481;60;Orrouy;429;360;356;123;63;58;57;16;10;19;4;3;3;0;0;69;1;34.55;17.7;16.29;16.01;4.49;2.81;5.34;1.12;0.84;0.84;0;0;16.08;0.28
60482;60;Orry-la-Ville;2844;2350;2307;416;358;635;579;122;21;121;18;14;14;9;0;494;9;18.03;15.52;27.52;25.1;5.29;0.91;5.24;0.78;0.61;0.61;0.39;0;17.37;0.39
60483;60;Orvillers-Sorel;412;347;338;139;52;52;57;19;3;7;4;0;3;2;0;65;2;41.12;15.38;15.38;16.86;5.62;0.89;2.07;1.18;0;0.89;0.59;0;15.78;0.59
60484;60;Oudeuil;210;182;178;82;19;20;28;16;1;6;0;4;2;0;0;28;1;46.07;10.67;11.24;15.73;8.99;0.56;3.37;0;2.25;1.12;0;0;13.33;0.56
60485;60;Oursel-Maison;165;134;133;50;14;20;35;4;1;2;2;4;1;0;0;31;0;37.59;10.53;15.04;26.32;3.01;0.75;1.5;1.5;3.01;0.75;0;0;18.79;0
60486;60;Paillart;480;366;358;126;58;55;50;23;7;23;2;8;6;0;0;114;1;35.2;16.2;15.36;13.97;6.42;1.96;6.42;0.56;2.23;1.68;0;0;23.75;0.28
60487;60;Parnes;299;259;252;72;34;57;58;10;2;14;1;3;0;1;0;40;1;28.57;13.49;22.62;23.02;3.97;0.79;5.56;0.4;1.19;0;0.4;0;13.38;0.4
60488;60;Passel;216;183;182;47;48;42;24;5;3;6;1;4;2;0;0;33;1;25.82;26.37;23.08;13.19;2.75;1.65;3.3;0.55;2.2;1.1;0;0;15.28;0.55
60489;60;Péroy-les-Gombries;779;663;650;249;133;101;70;45;6;25;4;13;1;3;0;116;4;38.31;20.46;15.54;10.77;6.92;0.92;3.85;0.62;2;0.15;0.46;0;14.89;0.62
60490;60;Pierrefitte-en-Beauvaisis;333;291;283;87;45;48;62;20;2;13;0;5;0;1;0;42;1;30.74;15.9;16.96;21.91;7.07;0.71;4.59;0;1.77;0;0.35;0;12.61;0.35
60491;60;Pierrefonds;1326;1139;1113;249;175;284;291;34;9;46;8;10;7;0;0;187;7;22.37;15.72;25.52;26.15;3.05;0.81;4.13;0.72;0.9;0.63;0;0;14.1;0.63
60492;60;Pimprez;551;472;466;188;89;86;43;21;0;21;1;7;7;3;0;79;0;40.34;19.1;18.45;9.23;4.51;0;4.51;0.21;1.5;1.5;0.64;0;14.34;0
60493;60;Pisseleu;332;279;272;125;28;51;43;13;4;6;1;1;0;0;0;53;2;45.96;10.29;18.75;15.81;4.78;1.47;2.21;0.37;0.37;0;0;0;15.96;0.74
60494;60;Plailly;1303;1129;1113;297;130;269;267;66;11;49;13;7;0;4;0;174;0;26.68;11.68;24.17;23.99;5.93;0.99;4.4;1.17;0.63;0;0.36;0;13.35;0
60495;60;Plainval;299;248;243;103;46;42;21;15;0;14;1;1;0;0;0;51;0;42.39;18.93;17.28;8.64;6.17;0;5.76;0.41;0.41;0;0;0;17.06;0
60496;60;Plainville;128;109;107;28;31;21;11;6;1;5;0;1;1;2;0;19;0;26.17;28.97;19.63;10.28;5.61;0.93;4.67;0;0.93;0.93;1.87;0;14.84;0
60497;60;Le Plessier-sur-Bulles;145;128;127;67;7;21;17;7;0;4;1;0;2;1;0;17;0;52.76;5.51;16.54;13.39;5.51;0;3.15;0.79;0;1.57;0.79;0;11.72;0
60498;60;Le Plessier-sur-Saint-Just;421;351;340;136;60;60;42;13;3;8;6;7;4;1;0;70;4;40;17.65;17.65;12.35;3.82;0.88;2.35;1.76;2.06;1.18;0.29;0;16.63;1.18
60499;60;Plessis-de-Roye;209;151;149;56;25;24;16;19;1;2;2;2;1;1;0;58;2;37.58;16.78;16.11;10.74;12.75;0.67;1.34;1.34;1.34;0.67;0.67;0;27.75;1.34
60500;60;Le Plessis-Belleville;2436;1812;1765;564;368;357;230;98;10;88;26;11;13;0;0;624;9;31.95;20.85;20.23;13.03;5.55;0.57;4.99;1.47;0.62;0.74;0;0;25.62;0.51
60501;60;Le Plessis-Brion;1096;899;879;252;210;173;127;48;8;34;6;7;11;3;0;197;5;28.67;23.89;19.68;14.45;5.46;0.91;3.87;0.68;0.8;1.25;0.34;0;17.97;0.57
60502;60;Le Plessis-Patte-d'Oie;92;86;85;35;10;13;14;5;0;4;2;2;0;0;0;6;0;41.18;11.76;15.29;16.47;5.88;0;4.71;2.35;2.35;0;0;0;6.52;0
60503;60;Le Ployron;99;88;88;33;15;17;6;9;1;4;1;0;2;0;0;11;0;37.5;17.05;19.32;6.82;10.23;1.14;4.55;1.14;0;2.27;0;0;11.11;0
60504;60;Ponchon;810;679;668;265;102;117;92;52;7;20;2;7;3;1;0;131;1;39.67;15.27;17.51;13.77;7.78;1.05;2.99;0.3;1.05;0.45;0.15;0;16.17;0.15
60505;60;Pontarmé;556;490;481;152;60;115;103;24;3;18;3;2;1;0;0;66;3;31.6;12.47;23.91;21.41;4.99;0.62;3.74;0.62;0.42;0.21;0;0;11.87;0.62
60506;60;Pont-l'Evêque;486;368;351;126;65;55;44;30;5;13;5;5;3;0;0;118;5;35.9;18.52;15.67;12.54;8.55;1.42;3.7;1.42;1.42;0.85;0;0;24.28;1.42
60507;60;Pontoise-lès-Noyon;345;288;283;118;32;32;59;22;4;10;0;3;2;1;0;57;1;41.7;11.31;11.31;20.85;7.77;1.41;3.53;0;1.06;0.71;0.35;0;16.52;0.35
60508;60;Pontpoint;2369;2007;1960;580;330;413;336;127;17;101;25;16;11;4;0;362;13;29.59;16.84;21.07;17.14;6.48;0.87;5.15;1.28;0.82;0.56;0.2;0;15.28;0.66
60509;60;Pont-Sainte-Maxence;7872;5712;5575;1768;1210;1061;684;277;60;309;91;65;40;10;0;2160;47;31.71;21.7;19.03;12.27;4.97;1.08;5.54;1.63;1.17;0.72;0.18;0;27.44;0.84
60510;60;Porcheux;376;308;299;118;52;45;33;31;2;9;1;3;4;1;0;68;3;39.46;17.39;15.05;11.04;10.37;0.67;3.01;0.33;1;1.34;0.33;0;18.09;1
60511;60;Porquéricourt;271;221;214;77;24;41;32;19;1;9;7;2;2;0;0;50;4;35.98;11.21;19.16;14.95;8.88;0.47;4.21;3.27;0.93;0.93;0;0;18.45;1.87
60512;60;Pouilly;127;100;96;24;15;14;29;5;3;3;1;2;0;0;0;27;1;25;15.63;14.58;30.21;5.21;3.13;3.13;1.04;2.08;0;0;0;21.26;1.04
60513;60;Précy-sur-Oise;2487;2015;1962;492;303;477;433;111;16;72;20;24;11;3;0;472;9;25.08;15.44;24.31;22.07;5.66;0.82;3.67;1.02;1.22;0.56;0.15;0;18.98;0.46
60514;60;Prévillers;135;119;116;51;7;15;21;14;1;4;0;2;1;0;0;16;1;43.97;6.03;12.93;18.1;12.07;0.86;3.45;0;1.72;0.86;0;0;11.85;0.86
60515;60;Pronleroy;297;256;245;84;38;42;43;19;2;10;3;4;0;0;0;41;7;34.29;15.51;17.14;17.55;7.76;0.82;4.08;1.22;1.63;0;0;0;13.8;2.86
60516;60;Puiseux-en-Bray;338;271;263;106;43;31;37;25;1;13;2;2;2;1;0;67;3;40.3;16.35;11.79;14.07;9.51;0.38;4.94;0.76;0.76;0.76;0.38;0;19.82;1.14
60517;60;Puiseux-le-Hauberger;625;498;480;178;88;77;79;29;1;12;8;2;6;0;0;127;7;37.08;18.33;16.04;16.46;6.04;0.21;2.5;1.67;0.42;1.25;0;0;20.32;1.46
60518;60;Puits-la-Vallée;145;122;116;37;16;17;22;10;2;3;2;4;3;0;0;23;2;31.9;13.79;14.66;18.97;8.62;1.72;2.59;1.72;3.45;2.59;0;0;15.86;1.72
60519;60;Quesmy;135;118;117;46;24;12;21;3;0;1;6;3;0;1;0;17;0;39.32;20.51;10.26;17.95;2.56;0;0.85;5.13;2.56;0;0.85;0;12.59;0
60520;60;Le Quesnel-Aubry;169;146;143;58;14;22;33;4;3;5;1;0;0;3;0;23;2;40.56;9.79;15.38;23.08;2.8;2.1;3.5;0.7;0;0;2.1;0;13.61;1.4
60521;60;Quincampoix-Fleuzy;314;272;261;102;23;38;60;19;2;9;0;2;4;2;0;42;5;39.08;8.81;14.56;22.99;7.28;0.77;3.45;0;0.77;1.53;0.77;0;13.38;1.92
60522;60;Quinquempoix;184;156;156;60;18;24;23;14;0;8;4;2;2;1;0;28;0;38.46;11.54;15.38;14.74;8.97;0;5.13;2.56;1.28;1.28;0.64;0;15.22;0
60523;60;Rainvillers;737;651;644;218;79;142;110;55;2;27;3;6;1;1;0;86;1;33.85;12.27;22.05;17.08;8.54;0.31;4.19;0.47;0.93;0.16;0.16;0;11.67;0.16
60524;60;Rantigny;1623;1275;1237;417;264;239;134;78;6;48;19;17;11;4;0;348;11;33.71;21.34;19.32;10.83;6.31;0.49;3.88;1.54;1.37;0.89;0.32;0;21.44;0.89
60525;60;Raray;125;108;107;26;5;22;49;2;0;0;1;1;1;0;0;17;0;24.3;4.67;20.56;45.79;1.87;0;0;0.93;0.93;0.93;0;0;13.6;0
60526;60;Ravenel;898;758;748;277;153;128;78;50;7;28;6;13;8;0;0;140;5;37.03;20.45;17.11;10.43;6.68;0.94;3.74;0.8;1.74;1.07;0;0;15.59;0.67
60527;60;Réez-Fosse-Martin;113;97;96;30;10;15;29;4;1;4;1;1;1;0;0;16;0;31.25;10.42;15.63;30.21;4.17;1.04;4.17;1.04;1.04;1.04;0;0;14.16;0
60528;60;Reilly;112;101;101;24;17;13;32;6;0;4;0;1;3;1;0;11;0;23.76;16.83;12.87;31.68;5.94;0;3.96;0;0.99;2.97;0.99;0;9.82;0
60529;60;Rémécourt;66;54;53;20;6;6;15;2;1;1;1;0;1;0;0;12;0;37.74;11.32;11.32;28.3;3.77;1.89;1.89;1.89;0;1.89;0;0;18.18;0
60530;60;Rémérangles;170;147;145;36;26;24;35;14;0;7;1;1;1;0;0;23;0;24.83;17.93;16.55;24.14;9.66;0;4.83;0.69;0.69;0.69;0;0;13.53;0
60531;60;Remy;1326;1109;1086;340;170;240;194;65;9;44;6;11;6;1;0;217;3;31.31;15.65;22.1;17.86;5.99;0.83;4.05;0.55;1.01;0.55;0.09;0;16.37;0.28
60533;60;Ressons-sur-Matz;1252;986;956;398;166;160;131;44;11;22;4;12;7;1;0;266;13;41.63;17.36;16.74;13.7;4.6;1.15;2.3;0.42;1.26;0.73;0.1;0;21.25;1.36
60534;60;Rethondes;573;490;480;108;75;118;121;21;5;22;1;4;5;0;0;83;1;22.5;15.63;24.58;25.21;4.38;1.04;4.58;0.21;0.83;1.04;0;0;14.49;0.21
60535;60;Reuil-sur-Brêche;217;173;168;61;18;24;38;11;2;7;2;3;2;0;0;44;1;36.31;10.71;14.29;22.62;6.55;1.19;4.17;1.19;1.79;1.19;0;0;20.28;0.6
60536;60;Rhuis;114;101;100;28;11;21;27;6;1;4;1;1;0;0;0;13;0;28;11;21;27;6;1;4;1;1;0;0;0;11.4;0
60537;60;Ribécourt-Dreslincourt;2488;2018;1957;683;446;361;211;97;18;70;12;41;18;0;0;470;17;34.9;22.79;18.45;10.78;4.96;0.92;3.58;0.61;2.1;0.92;0;0;18.89;0.87
60538;60;Ricquebourg;167;150;146;60;31;21;12;4;3;0;4;7;4;0;0;17;0;41.1;21.23;14.38;8.22;2.74;2.05;0;2.74;4.79;2.74;0;0;10.18;0
60539;60;Rieux;1114;944;915;255;186;185;126;70;7;58;11;7;9;1;0;170;8;27.87;20.33;20.22;13.77;7.65;0.77;6.34;1.2;0.77;0.98;0.11;0;15.26;0.87
60540;60;Rivecourt;371;290;287;77;39;61;50;22;5;22;3;7;1;0;0;81;0;26.83;13.59;21.25;17.42;7.67;1.74;7.67;1.05;2.44;0.35;0;0;21.83;0
60541;60;Roberval;272;241;239;104;34;35;39;14;1;6;1;4;0;1;0;31;2;43.51;14.23;14.64;16.32;5.86;0.42;2.51;0.42;1.67;0;0.42;0;11.4;0.84
60542;60;Rochy-Condé;680;593;571;227;92;111;83;21;2;24;3;3;4;1;0;87;5;39.75;16.11;19.44;14.54;3.68;0.35;4.2;0.53;0.53;0.7;0.18;0;12.79;0.88
60543;60;Rocquemont;87;73;72;12;5;17;27;4;0;3;2;1;1;0;0;14;0;16.67;6.94;23.61;37.5;5.56;0;4.17;2.78;1.39;1.39;0;0;16.09;0
60544;60;Rocquencourt;153;128;127;41;18;25;23;9;2;6;1;1;1;0;0;25;0;32.28;14.17;19.69;18.11;7.09;1.57;4.72;0.79;0.79;0.79;0;0;16.34;0
60545;60;Romescamps;345;299;285;122;38;56;46;12;2;3;3;1;2;0;0;46;4;42.81;13.33;19.65;16.14;4.21;0.7;1.05;1.05;0.35;0.7;0;0;13.33;1.4
60546;60;Rosières;86;72;70;14;3;3;42;4;0;1;1;0;0;2;0;14;2;20;4.29;4.29;60;5.71;0;1.43;1.43;0;0;2.86;0;16.28;2.86
60547;60;Rosoy;488;426;406;142;53;84;66;24;2;18;7;6;2;2;0;62;4;34.98;13.05;20.69;16.26;5.91;0.49;4.43;1.72;1.48;0.49;0.49;0;12.7;0.99
60548;60;Rosoy-en-Multien;364;304;300;115;41;49;55;17;6;11;2;3;1;0;0;60;1;38.33;13.67;16.33;18.33;5.67;2;3.67;0.67;1;0.33;0;0;16.48;0.33
60549;60;Rotangy;162;154;148;67;14;26;26;5;3;3;0;2;2;0;0;8;4;45.27;9.46;17.57;17.57;3.38;2.03;2.03;0;1.35;1.35;0;0;4.94;2.7
60550;60;Rothois;167;152;146;44;26;24;27;16;2;5;1;1;0;0;0;15;2;30.14;17.81;16.44;18.49;10.96;1.37;3.42;0.68;0.68;0;0;0;8.98;1.37
60551;60;Rousseloy;234;207;205;83;31;27;42;12;1;6;2;0;1;0;0;27;2;40.49;15.12;13.17;20.49;5.85;0.49;2.93;0.98;0;0.49;0;0;11.54;0.98
60552;60;Rouville;213;182;180;39;32;39;53;7;2;5;0;1;2;0;0;31;0;21.67;17.78;21.67;29.44;3.89;1.11;2.78;0;0.56;1.11;0;0;14.55;0
60553;60;Rouvillers;199;168;163;50;39;38;18;11;0;4;2;0;1;0;0;31;3;30.67;23.93;23.31;11.04;6.75;0;2.45;1.23;0;0.61;0;0;15.58;1.84
60554;60;Rouvres-en-Multien;292;250;242;94;37;39;34;20;0;9;2;3;4;0;0;42;4;38.84;15.29;16.12;14.05;8.26;0;3.72;0.83;1.24;1.65;0;0;14.38;1.65
60555;60;Rouvroy-les-Merles;46;41;40;15;6;8;8;1;0;1;0;1;0;0;0;5;0;37.5;15;20;20;2.5;0;2.5;0;2.5;0;0;0;10.87;0
60556;60;Royaucourt;160;133;132;36;17;37;28;4;1;4;0;0;4;1;0;27;1;27.27;12.88;28.03;21.21;3.03;0.76;3.03;0;0;3.03;0.76;0;16.88;0.76
60557;60;Roy-Boissy;262;227;216;85;26;33;32;18;3;8;1;3;7;0;0;35;4;39.35;12.04;15.28;14.81;8.33;1.39;3.7;0.46;1.39;3.24;0;0;13.36;1.85
60558;60;Roye-sur-Matz;353;278;269;113;45;42;32;16;0;9;7;4;0;1;0;75;2;42.01;16.73;15.61;11.9;5.95;0;3.35;2.6;1.49;0;0.37;0;21.25;0.74
60559;60;La Rue-Saint-Pierre;613;503;483;179;75;78;78;17;6;24;6;10;5;5;0;110;2;37.06;15.53;16.15;16.15;3.52;1.24;4.97;1.24;2.07;1.04;1.04;0;17.94;0.41
60560;60;Rully;633;522;510;111;66;109;172;21;4;19;2;4;2;0;0;111;0;21.76;12.94;21.37;33.73;4.12;0.78;3.73;0.39;0.78;0.39;0;0;17.54;0
60561;60;Russy-Bémont;144;121;115;44;20;21;15;8;0;2;4;1;0;0;0;23;1;38.26;17.39;18.26;13.04;6.96;0;1.74;3.48;0.87;0;0;0;15.97;0.87
60562;60;Sacy-le-Grand;1164;964;938;323;141;153;181;57;12;32;14;12;7;6;0;200;4;34.43;15.03;16.31;19.3;6.08;1.28;3.41;1.49;1.28;0.75;0.64;0;17.18;0.43
60563;60;Sacy-le-Petit;451;387;377;149;56;52;62;26;3;19;4;2;4;0;0;64;5;39.52;14.85;13.79;16.45;6.9;0.8;5.04;1.06;0.53;1.06;0;0;14.19;1.33
60564;60;Sains-Morainvillers;194;171;168;76;21;27;25;8;1;4;1;3;2;0;0;23;1;45.24;12.5;16.07;14.88;4.76;0.6;2.38;0.6;1.79;1.19;0;0;11.86;0.6
60565;60;Saint-André-Farivillers;422;339;333;139;42;58;48;24;3;10;6;1;1;1;0;83;0;41.74;12.61;17.42;14.41;7.21;0.9;3;1.8;0.3;0.3;0.3;0;19.67;0
60566;60;Saint-Arnoult;165;133;131;66;17;17;20;5;2;1;0;2;1;0;0;32;1;50.38;12.98;12.98;15.27;3.82;1.53;0.76;0;1.53;0.76;0;0;19.39;0.76
60567;60;Saint-Aubin-en-Bray;772;664;644;238;111;123;88;35;4;22;7;9;4;3;0;108;2;36.96;17.24;19.1;13.66;5.43;0.62;3.42;1.09;1.4;0.62;0.47;0;13.99;0.31
60568;60;Saint-Aubin-sous-Erquery;252;221;218;68;42;41;37;14;3;7;0;4;2;0;0;31;1;31.19;19.27;18.81;16.97;6.42;1.38;3.21;0;1.83;0.92;0;0;12.3;0.46
60569;60;Saint-Crépin-aux-Bois;209;181;176;28;21;28;75;5;2;11;4;1;1;0;0;28;0;15.91;11.93;15.91;42.61;2.84;1.14;6.25;2.27;0.57;0.57;0;0;13.4;0
60570;60;Saint-Crépin-Ibouvillers;1033;866;840;294;154;150;138;44;9;28;6;9;5;3;0;167;6;35;18.33;17.86;16.43;5.24;1.07;3.33;0.71;1.07;0.6;0.36;0;16.17;0.71
60571;60;Saint-Deniscourt;64;54;54;21;13;7;12;0;0;1;0;0;0;0;0;10;0;38.89;24.07;12.96;22.22;0;0;1.85;0;0;0;0;0;15.63;0
60572;60;Saint-Etienne-Roilaye;269;226;223;75;21;55;38;12;2;10;4;2;3;1;0;43;2;33.63;9.42;24.66;17.04;5.38;0.9;4.48;1.79;0.9;1.35;0.45;0;15.99;0.9
60573;60;Sainte-Eusoye;259;218;212;91;28;31;38;12;1;7;0;1;3;0;0;41;0;42.92;13.21;14.62;17.92;5.66;0.47;3.3;0;0.47;1.42;0;0;15.83;0
60574;60;Saint-Félix;422;342;333;119;69;48;26;25;4;17;11;5;9;0;0;80;2;35.74;20.72;14.41;7.81;7.51;1.2;5.11;3.3;1.5;2.7;0;0;18.96;0.6
60575;60;Sainte-Geneviève;2063;1637;1592;634;249;265;208;99;17;64;20;14;18;4;0;426;10;39.82;15.64;16.65;13.07;6.22;1.07;4.02;1.26;0.88;1.13;0.25;0;20.65;0.63
60576;60;Saint-Germain-la-Poterie;331;305;298;85;40;57;67;22;3;18;1;1;4;0;0;26;1;28.52;13.42;19.13;22.48;7.38;1.01;6.04;0.34;0.34;1.34;0;0;7.85;0.34
60577;60;Saint-Germer-de-Fly;1295;1049;1021;426;139;118;193;78;7;33;6;9;11;1;0;246;5;41.72;13.61;11.56;18.9;7.64;0.69;3.23;0.59;0.88;1.08;0.1;0;19;0.49
60578;60;Saintines;730;584;570;219;91;120;57;29;4;33;2;9;6;0;0;146;3;38.42;15.96;21.05;10;5.09;0.7;5.79;0.35;1.58;1.05;0;0;20;0.53
60579;60;Saint-Jean-aux-Bois;306;269;266;32;15;85;122;4;0;4;3;1;0;0;0;37;0;12.03;5.64;31.95;45.86;1.5;0;1.5;1.13;0.38;0;0;0;12.09;0
60581;60;Saint-Just-en-Chaussée;4193;3059;2980;979;631;559;353;146;29;161;20;49;47;6;0;1134;25;32.85;21.17;18.76;11.85;4.9;0.97;5.4;0.67;1.64;1.58;0.2;0;27.05;0.84
60582;60;Saint-Léger-aux-Bois;646;548;535;156;128;112;65;31;8;18;5;4;7;1;0;98;3;29.16;23.93;20.93;12.15;5.79;1.5;3.36;0.93;0.75;1.31;0.19;0;15.17;0.56
60583;60;Saint-Léger-en-Bray;267;247;239;107;21;41;39;13;0;10;6;1;1;0;0;20;2;44.77;8.79;17.15;16.32;5.44;0;4.18;2.51;0.42;0.42;0;0;7.49;0.84
60584;60;Saint-Leu-d'Esserent;3573;2738;2656;865;516;491;374;174;25;120;39;25;21;6;0;835;18;32.57;19.43;18.49;14.08;6.55;0.94;4.52;1.47;0.94;0.79;0.23;0;23.37;0.68
60585;60;Saint-Martin-aux-Bois;221;175;172;68;26;25;30;12;2;4;1;2;1;1;0;46;0;39.53;15.12;14.53;17.44;6.98;1.16;2.33;0.58;1.16;0.58;0.58;0;20.81;0
60586;60;Saint-Martin-le-Noeud;829;701;691;210;110;153;102;64;8;27;7;4;5;1;0;128;3;30.39;15.92;22.14;14.76;9.26;1.16;3.91;1.01;0.58;0.72;0.14;0;15.44;0.43
60587;60;Saint-Martin-Longueau;1080;918;893;340;121;152;131;66;6;45;7;16;5;4;0;162;9;38.07;13.55;17.02;14.67;7.39;0.67;5.04;0.78;1.79;0.56;0.45;0;15;1.01
60588;60;Saint-Maur;302;252;250;105;34;41;32;17;4;7;2;2;5;1;0;50;0;42;13.6;16.4;12.8;6.8;1.6;2.8;0.8;0.8;2;0.4;0;16.56;0
60589;60;Saint-Maximin;1937;1454;1412;457;363;244;156;84;7;46;24;15;15;1;0;483;9;32.37;25.71;17.28;11.05;5.95;0.5;3.26;1.7;1.06;1.06;0.07;0;24.94;0.64
60590;60;Saint-Omer-en-Chaussée;682;575;561;210;77;107;88;36;0;30;5;2;6;0;0;107;1;37.43;13.73;19.07;15.69;6.42;0;5.35;0.89;0.36;1.07;0;0;15.69;0.18
60591;60;Saint-Paul;1279;1098;1070;287;147;253;249;62;3;39;15;7;7;1;0;181;7;26.82;13.74;23.64;23.27;5.79;0.28;3.64;1.4;0.65;0.65;0.09;0;14.15;0.65
60592;60;Saint-Pierre-es-Champs;489;421;412;184;46;37;77;32;5;12;11;5;3;0;0;68;3;44.66;11.17;8.98;18.69;7.77;1.21;2.91;2.67;1.21;0.73;0;0;13.91;0.73
60593;60;Saint-Pierre-lès-Bitry;115;88;84;31;12;15;18;2;1;3;0;1;1;0;0;27;0;36.9;14.29;17.86;21.43;2.38;1.19;3.57;0;1.19;1.19;0;0;23.48;0
60594;60;Saint-Quentin-des-Prés;257;206;199;69;18;37;45;20;3;3;1;1;2;0;0;51;2;34.67;9.05;18.59;22.61;10.05;1.51;1.51;0.5;0.5;1.01;0;0;19.84;1.01
60595;60;Saint-Remy-en-l'Eau;285;248;245;107;36;38;22;10;2;11;4;13;2;0;0;37;1;43.67;14.69;15.51;8.98;4.08;0.82;4.49;1.63;5.31;0.82;0;0;12.98;0.41
60596;60;Saint-Samson-la-Poterie;192;150;145;60;17;25;22;6;4;5;1;3;2;0;0;42;4;41.38;11.72;17.24;15.17;4.14;2.76;3.45;0.69;2.07;1.38;0;0;21.88;2.76
60597;60;Saint-Sauveur;1275;1055;1036;380;170;186;139;70;8;59;3;10;5;6;0;220;2;36.68;16.41;17.95;13.42;6.76;0.77;5.69;0.29;0.97;0.48;0.58;0;17.25;0.19
60598;60;Saint-Sulpice;761;645;629;207;95;112;110;46;10;27;8;9;4;1;0;116;3;32.91;15.1;17.81;17.49;7.31;1.59;4.29;1.27;1.43;0.64;0.16;0;15.24;0.48
60599;60;Saint-Thibault;211;168;165;67;16;24;48;2;1;1;0;1;4;1;0;43;3;40.61;9.7;14.55;29.09;1.21;0.61;0.61;0;0.61;2.42;0.61;0;20.38;1.82
60600;60;Saint-Vaast-de-Longmont;497;429;420;145;57;97;73;25;3;8;0;8;3;1;0;68;2;34.52;13.57;23.1;17.38;5.95;0.71;1.9;0;1.9;0.71;0.24;0;13.68;0.48
60601;60;Saint-Vaast-lès-Mello;662;561;544;259;79;76;59;30;4;20;7;7;3;0;0;101;4;47.61;14.52;13.97;10.85;5.51;0.74;3.68;1.29;1.29;0.55;0;0;15.26;0.74
60602;60;Saint-Valery;58;53;53;12;4;10;23;1;0;1;1;0;1;0;0;5;0;22.64;7.55;18.87;43.4;1.89;0;1.89;1.89;0;1.89;0;0;8.62;0
60603;60;Salency;697;599;589;208;78;120;120;38;2;14;4;2;2;1;0;98;0;35.31;13.24;20.37;20.37;6.45;0.34;2.38;0.68;0.34;0.34;0.17;0;14.06;0
60604;60;Sarcus;223;178;174;88;19;18;25;14;2;5;1;1;1;0;0;45;0;50.57;10.92;10.34;14.37;8.05;1.15;2.87;0.57;0.57;0.57;0;0;20.18;0
60605;60;Sarnois;272;251;242;102;37;34;50;9;2;3;1;4;0;0;0;21;5;42.15;15.29;14.05;20.66;3.72;0.83;1.24;0.41;1.65;0;0;0;7.72;2.07
60608;60;Le Saulchoy;93;84;83;37;4;11;24;2;0;5;0;0;0;0;0;9;1;44.58;4.82;13.25;28.92;2.41;0;6.02;0;0;0;0;0;9.68;1.2
60609;60;Savignies;623;553;537;156;78;131;89;27;3;37;6;3;6;1;0;70;6;29.05;14.53;24.39;16.57;5.03;0.56;6.89;1.12;0.56;1.12;0.19;0;11.24;1.12
60610;60;Sempigny;571;501;486;156;63;116;92;26;3;12;5;8;5;0;0;70;3;32.1;12.96;23.87;18.93;5.35;0.62;2.47;1.03;1.65;1.03;0;0;12.26;0.62
60611;60;Senantes;513;419;408;156;56;63;69;19;5;28;3;3;3;3;0;94;2;38.24;13.73;15.44;16.91;4.66;1.23;6.86;0.74;0.74;0.74;0.74;0;18.32;0.49
60612;60;Senlis;10744;8626;8472;1687;1128;1832;2779;424;78;363;80;54;33;14;0;2118;32;19.91;13.31;21.62;32.8;5;0.92;4.28;0.94;0.64;0.39;0.17;0;19.71;0.38
60613;60;Senots;243;198;194;60;35;47;24;10;2;9;3;3;1;0;0;45;0;30.93;18.04;24.23;12.37;5.15;1.03;4.64;1.55;1.55;0.52;0;0;18.52;0
60614;60;Serans;173;145;139;46;11;39;34;2;1;2;4;0;0;0;0;28;2;33.09;7.91;28.06;24.46;1.44;0.72;1.44;2.88;0;0;0;0;16.18;1.44
60615;60;Sérévillers;91;81;79;32;7;5;19;7;2;3;1;3;0;0;0;10;0;40.51;8.86;6.33;24.05;8.86;2.53;3.8;1.27;3.8;0;0;0;10.99;0
60616;60;Sérifontaine;1962;1554;1510;596;296;247;173;85;5;64;6;15;19;4;0;408;16;39.47;19.6;16.36;11.46;5.63;0.33;4.24;0.4;0.99;1.26;0.26;0;20.8;1.06
60617;60;Sermaize;205;176;170;69;21;21;30;13;3;8;1;3;1;0;0;29;0;40.59;12.35;12.35;17.65;7.65;1.76;4.71;0.59;1.76;0.59;0;0;14.15;0
60618;60;Séry-Magneval;223;188;181;61;42;25;24;8;3;7;3;1;6;1;0;35;1;33.7;23.2;13.81;13.26;4.42;1.66;3.87;1.66;0.55;3.31;0.55;0;15.7;0.55
60619;60;Silly-le-Long;814;681;671;220;104;127;137;38;0;33;6;2;4;0;0;133;3;32.79;15.5;18.93;20.42;5.66;0;4.92;0.89;0.3;0.6;0;0;16.34;0.45
60620;60;Silly-Tillard;368;314;313;96;39;71;73;11;2;14;1;1;4;1;0;54;0;30.67;12.46;22.68;23.32;3.51;0.64;4.47;0.32;0.32;1.28;0.32;0;14.67;0
60621;60;Solente;80;67;64;33;5;5;18;2;0;0;0;0;1;0;0;13;0;51.56;7.81;7.81;28.13;3.13;0;0;0;0;1.56;0;0;16.25;0
60622;60;Sommereux;364;315;310;127;55;43;44;23;0;9;2;3;3;1;0;49;1;40.97;17.74;13.87;14.19;7.42;0;2.9;0.65;0.97;0.97;0.32;0;13.46;0.32
60623;60;Songeons;767;641;629;204;90;102;132;57;2;19;9;7;6;1;0;126;4;32.43;14.31;16.22;20.99;9.06;0.32;3.02;1.43;1.11;0.95;0.16;0;16.43;0.64
60624;60;Sully;147;117;116;67;13;8;8;10;0;8;0;2;0;0;0;30;0;57.76;11.21;6.9;6.9;8.62;0;6.9;0;1.72;0;0;0;20.41;0
60625;60;Suzoy;427;354;339;114;50;70;54;28;3;9;4;1;6;0;0;73;6;33.63;14.75;20.65;15.93;8.26;0.88;2.65;1.18;0.29;1.77;0;0;17.1;1.77
60626;60;Talmontiers;496;425;413;162;63;68;63;28;3;11;5;7;2;1;0;71;4;39.23;15.25;16.46;15.25;6.78;0.73;2.66;1.21;1.69;0.48;0.24;0;14.31;0.97
60627;60;Tartigny;227;173;169;39;30;36;38;9;1;12;1;2;0;1;0;54;0;23.08;17.75;21.3;22.49;5.33;0.59;7.1;0.59;1.18;0;0.59;0;23.79;0
60628;60;Therdonne;747;632;608;235;95;121;89;33;0;17;5;7;5;1;0;115;5;38.65;15.63;19.9;14.64;5.43;0;2.8;0.82;1.15;0.82;0.16;0;15.39;0.82
60629;60;Thérines;168;136;133;60;22;24;12;3;2;4;1;0;3;2;0;32;1;45.11;16.54;18.05;9.02;2.26;1.5;3.01;0.75;0;2.26;1.5;0;19.05;0.75
60630;60;Thibivillers;154;139;137;39;15;36;31;4;0;5;4;2;1;0;0;15;1;28.47;10.95;26.28;22.63;2.92;0;3.65;2.92;1.46;0.73;0;0;9.74;0.73
60631;60;Thiers-sur-Thève;852;686;671;195;85;142;167;41;6;16;8;8;2;1;0;166;0;29.06;12.67;21.16;24.89;6.11;0.89;2.38;1.19;1.19;0.3;0.15;0;19.48;0
60632;60;Thiescourt;574;466;462;201;91;53;59;21;6;20;1;8;1;1;0;108;0;43.51;19.7;11.47;12.77;4.55;1.3;4.33;0.22;1.73;0.22;0.22;0;18.82;0
60633;60;Thieuloy-Saint-Antoine;269;222;218;105;23;19;45;16;1;2;0;3;3;1;0;47;1;48.17;10.55;8.72;20.64;7.34;0.46;0.92;0;1.38;1.38;0.46;0;17.47;0.46
60634;60;Thieux;305;265;260;104;26;34;59;9;2;15;1;5;4;1;0;40;0;40;10;13.08;22.69;3.46;0.77;5.77;0.38;1.92;1.54;0.38;0;13.11;0
60635;60;Thiverny;602;488;478;164;113;73;64;19;2;24;7;9;3;0;0;114;10;34.31;23.64;15.27;13.39;3.97;0.42;5.02;1.46;1.88;0.63;0;0;18.94;2.09
60636;60;Thourotte;3429;2718;2643;839;655;460;305;129;10;145;21;34;40;5;0;711;27;31.74;24.78;17.4;11.54;4.88;0.38;5.49;0.79;1.29;1.51;0.19;0;20.73;1.02
60637;60;Thury-en-Valois;333;281;276;102;52;43;34;14;4;17;4;2;2;2;0;52;1;36.96;18.84;15.58;12.32;5.07;1.45;6.16;1.45;0.72;0.72;0.72;0;15.62;0.36
60638;60;Thury-sous-Clermont;542;450;438;150;85;57;69;37;5;16;7;3;7;2;0;92;0;34.25;19.41;13.01;15.75;8.45;1.14;3.65;1.6;0.68;1.6;0.46;0;16.97;0
60639;60;Tillé;898;727;709;274;113;122;103;42;2;29;7;11;4;2;0;171;3;38.65;15.94;17.21;14.53;5.92;0.28;4.09;0.99;1.55;0.56;0.28;0;19.04;0.42
60640;60;Tourly;135;120;118;33;30;10;25;3;1;11;2;0;0;3;0;15;0;27.97;25.42;8.47;21.19;2.54;0.85;9.32;1.69;0;0;2.54;0;11.11;0
60641;60;Tracy-le-Mont;1243;1012;990;352;172;205;140;48;10;34;10;10;4;5;0;231;6;35.56;17.37;20.71;14.14;4.85;1.01;3.43;1.01;1.01;0.4;0.51;0;18.58;0.61
60642;60;Tracy-le-Val;826;688;665;238;120;142;88;36;4;23;2;3;9;0;0;138;5;35.79;18.05;21.35;13.23;5.41;0.6;3.46;0.3;0.45;1.35;0;0;16.71;0.75
60643;60;Tricot;1074;821;795;340;119;128;117;30;7;27;9;12;5;1;0;253;18;42.77;14.97;16.1;14.72;3.77;0.88;3.4;1.13;1.51;0.63;0.13;0;23.56;2.26
60644;60;Trie-Château;1060;866;844;271;118;139;191;56;5;30;10;13;8;3;0;194;7;32.11;13.98;16.47;22.63;6.64;0.59;3.55;1.18;1.54;0.95;0.36;0;18.3;0.83
60645;60;Trie-la-Ville;261;217;208;55;35;38;45;16;3;11;1;2;1;1;0;44;2;26.44;16.83;18.27;21.63;7.69;1.44;5.29;0.48;0.96;0.48;0.48;0;16.86;0.96
60646;60;Troissereux;963;811;791;273;108;154;171;43;0;19;3;7;13;0;0;152;4;34.51;13.65;19.47;21.62;5.44;0;2.4;0.38;0.88;1.64;0;0;15.78;0.51
60647;60;Trosly-Breuil;1482;1233;1193;347;210;230;212;97;9;62;7;10;6;3;0;249;8;29.09;17.6;19.28;17.77;8.13;0.75;5.2;0.59;0.84;0.5;0.25;0;16.8;0.67
60648;60;Troussencourt;277;235;226;96;30;42;29;13;2;10;1;2;0;1;0;42;0;42.48;13.27;18.58;12.83;5.75;0.88;4.42;0.44;0.88;0;0.44;0;15.16;0
60650;60;Trumilly;374;322;315;74;51;76;64;25;5;10;2;3;5;0;0;52;2;23.49;16.19;24.13;20.32;7.94;1.59;3.17;0.63;0.95;1.59;0;0;13.9;0.63
60651;60;Ully-Saint-Georges;1383;1157;1138;432;172;164;181;86;7;55;18;12;10;1;0;226;4;37.96;15.11;14.41;15.91;7.56;0.62;4.83;1.58;1.05;0.88;0.09;0;16.34;0.35
60652;60;Valdampierre;720;559;548;237;87;86;75;35;2;16;2;4;4;0;0;161;0;43.25;15.88;15.69;13.69;6.39;0.36;2.92;0.36;0.73;0.73;0;0;22.36;0
60653;60;Valescourt;231;192;187;68;35;29;29;11;2;9;0;2;2;0;0;39;3;36.36;18.72;15.51;15.51;5.88;1.07;4.81;0;1.07;1.07;0;0;16.88;1.6
60654;60;Vandélicourt;224;181;176;56;41;38;16;13;1;7;3;0;0;1;0;43;2;31.82;23.3;21.59;9.09;7.39;0.57;3.98;1.7;0;0;0.57;0;19.2;1.14
60655;60;Varesnes;284;229;228;74;33;46;43;17;3;8;1;0;2;1;0;55;1;32.46;14.47;20.18;18.86;7.46;1.32;3.51;0.44;0;0.88;0.44;0;19.37;0.44
60656;60;Varinfroy;210;178;176;83;29;18;21;13;2;7;0;2;0;1;0;32;0;47.16;16.48;10.23;11.93;7.39;1.14;3.98;0;1.14;0;0.57;0;15.24;0
60657;60;Vauchelles;222;191;190;101;27;23;18;13;0;6;0;2;0;0;0;31;0;53.16;14.21;12.11;9.47;6.84;0;3.16;0;1.05;0;0;0;13.96;0
60658;60;Vauciennes;493;387;380;146;77;53;48;21;0;22;3;5;5;0;0;106;1;38.42;20.26;13.95;12.63;5.53;0;5.79;0.79;1.32;1.32;0;0;21.5;0.26
60659;60;Vaudancourt;138;122;117;26;23;17;34;11;1;3;0;1;0;1;0;16;2;22.22;19.66;14.53;29.06;9.4;0.85;2.56;0;0.85;0;0.85;0;11.59;1.71
60660;60;Le Vaumain;300;246;242;66;34;49;44;12;7;20;3;1;6;0;0;54;2;27.27;14.05;20.25;18.18;4.96;2.89;8.26;1.24;0.41;2.48;0;0;18;0.83
60661;60;Vaumoise;546;451;439;188;87;63;47;24;5;19;2;1;1;2;0;95;1;42.82;19.82;14.35;10.71;5.47;1.14;4.33;0.46;0.23;0.23;0.46;0;17.4;0.23
60662;60;Le Vauroux;380;321;317;125;34;51;49;34;2;11;4;3;3;1;0;59;0;39.43;10.73;16.09;15.46;10.73;0.63;3.47;1.26;0.95;0.95;0.32;0;15.53;0
60663;60;Velennes;187;154;152;52;24;22;28;17;1;3;0;4;1;0;0;33;0;34.21;15.79;14.47;18.42;11.18;0.66;1.97;0;2.63;0.66;0;0;17.65;0
60664;60;Vendeuil-Caply;384;300;293;114;41;45;56;19;4;3;5;3;2;1;0;84;1;38.91;13.99;15.36;19.11;6.48;1.37;1.02;1.71;1.02;0.68;0.34;0;21.88;0.34
60665;60;Venette;1811;1449;1412;382;226;336;267;64;9;81;14;16;15;2;0;362;14;27.05;16.01;23.8;18.91;4.53;0.64;5.74;0.99;1.13;1.06;0.14;0;19.99;0.99
60666;60;Ver-sur-Launette;827;669;657;224;79;138;154;30;6;15;4;5;1;1;0;158;2;34.09;12.02;21;23.44;4.57;0.91;2.28;0.61;0.76;0.15;0.15;0;19.11;0.3
60667;60;Verberie;2821;2124;2072;769;335;390;313;131;11;60;20;19;21;3;0;697;16;37.11;16.17;18.82;15.11;6.32;0.53;2.9;0.97;0.92;1.01;0.14;0;24.71;0.77
60668;60;Verderel-lès-Sauqueuse;610;541;530;156;80;131;109;24;4;15;1;5;4;1;0;69;4;29.43;15.09;24.72;20.57;4.53;0.75;2.83;0.19;0.94;0.75;0.19;0;11.31;0.75
60669;60;Verderonne;407;349;336;80;54;81;66;12;8;25;4;2;3;1;0;58;5;23.81;16.07;24.11;19.64;3.57;2.38;7.44;1.19;0.6;0.89;0.3;0;14.25;1.49
60670;60;Verneuil-en-Halatte;3546;3001;2941;845;410;669;572;182;22;154;35;36;10;6;0;545;14;28.73;13.94;22.75;19.45;6.19;0.75;5.24;1.19;1.22;0.34;0.2;0;15.37;0.48
60671;60;Versigny;294;254;253;55;33;48;93;5;4;12;1;2;0;0;0;40;0;21.74;13.04;18.97;36.76;1.98;1.58;4.74;0.4;0.79;0;0;0;13.61;0
60672;60;Vez;259;209;208;76;24;34;32;7;4;20;1;7;3;0;0;50;0;36.54;11.54;16.35;15.38;3.37;1.92;9.62;0.48;3.37;1.44;0;0;19.31;0
60673;60;Viefvillers;142;121;118;41;10;21;29;10;1;3;1;2;0;0;0;21;1;34.75;8.47;17.8;24.58;8.47;0.85;2.54;0.85;1.69;0;0;0;14.79;0.85
60674;60;Vieux-Moulin;515;449;445;63;61;128;144;28;1;13;4;1;1;1;0;66;2;14.16;13.71;28.76;32.36;6.29;0.22;2.92;0.9;0.22;0.22;0.22;0;12.82;0.45
60675;60;Vignemont;333;298;289;100;37;61;46;20;3;11;6;3;2;0;0;35;5;34.6;12.8;21.11;15.92;6.92;1.04;3.81;2.08;1.04;0.69;0;0;10.51;1.73
60676;60;Ville;564;466;459;196;75;68;51;38;5;13;3;5;4;1;0;98;1;42.7;16.34;14.81;11.11;8.28;1.09;2.83;0.65;1.09;0.87;0.22;0;17.38;0.22
60677;60;Villembray;199;154;149;41;27;24;26;10;4;12;1;3;0;1;0;45;3;27.52;18.12;16.11;17.45;6.71;2.68;8.05;0.67;2.01;0;0.67;0;22.61;2.01
60678;60;Villeneuve-les-Sablons;874;747;729;222;136;138;113;55;6;34;11;5;7;2;0;127;8;30.45;18.66;18.93;15.5;7.54;0.82;4.66;1.51;0.69;0.96;0.27;0;14.53;1.1
60679;60;La Villeneuve-sous-Thury;122;93;89;35;16;9;15;8;0;5;1;0;0;0;0;29;0;39.33;17.98;10.11;16.85;8.99;0;5.62;1.12;0;0;0;0;23.77;0
60680;60;Villeneuve-sur-Verberie;488;416;409;152;36;77;95;27;1;11;3;3;4;0;0;72;2;37.16;8.8;18.83;23.23;6.6;0.24;2.69;0.73;0.73;0.98;0;0;14.75;0.49
60681;60;Villers-Saint-Barthélemy;417;346;341;122;50;57;66;24;2;17;1;1;1;0;0;71;0;35.78;14.66;16.72;19.35;7.04;0.59;4.99;0.29;0.29;0.29;0;0;17.03;0
60682;60;Villers-Saint-Frambourg;465;403;400;42;25;99;185;22;2;23;1;0;1;0;0;62;0;10.5;6.25;24.75;46.25;5.5;0.5;5.75;0.25;0;0.25;0;0;13.33;0
60683;60;Villers-Saint-Genest;293;264;256;92;42;48;46;13;4;9;0;0;2;0;0;29;3;35.94;16.41;18.75;17.97;5.08;1.56;3.52;0;0;0.78;0;0;9.9;1.17
60684;60;Villers-Saint-Paul;3734;2746;2672;714;708;512;288;107;13;227;43;29;29;2;0;988;30;26.72;26.5;19.16;10.78;4;0.49;8.5;1.61;1.09;1.09;0.07;0;26.46;1.12
60685;60;Villers-Saint-Sépulcre;704;576;558;216;81;99;75;37;5;23;5;7;4;6;0;128;3;38.71;14.52;17.74;13.44;6.63;0.9;4.12;0.9;1.25;0.72;1.08;0;18.18;0.54
60686;60;Villers-sous-Saint-Leu;1695;1414;1380;423;203;277;275;103;8;53;11;12;11;4;0;281;21;30.65;14.71;20.07;19.93;7.46;0.58;3.84;0.8;0.87;0.8;0.29;0;16.58;1.52
60687;60;Villers-sur-Auchy;298;247;241;100;32;41;40;12;2;11;0;2;1;0;0;51;2;41.49;13.28;17.01;16.6;4.98;0.83;4.56;0;0.83;0.41;0;0;17.11;0.83
60688;60;Villers-sur-Bonnières;132;111;106;41;16;21;17;6;0;3;1;1;0;0;0;21;3;38.68;15.09;19.81;16.04;5.66;0;2.83;0.94;0.94;0;0;0;15.91;2.83
60689;60;Villers-sur-Coudun;1085;920;901;222;94;212;277;40;12;19;7;11;2;5;0;165;7;24.64;10.43;23.53;30.74;4.44;1.33;2.11;0.78;1.22;0.22;0.55;0;15.21;0.78
60690;60;Villers-sur-Trie;259;223;214;79;43;26;47;6;2;4;1;4;2;0;0;36;0;36.92;20.09;12.15;21.96;2.8;0.93;1.87;0.47;1.87;0.93;0;0;13.9;0
60691;60;Villers-Vermont;96;77;73;23;4;14;26;5;0;1;0;0;0;0;0;19;3;31.51;5.48;19.18;35.62;6.85;0;1.37;0;0;0;0;0;19.79;4.11
60692;60;Villers-Vicomte;142;100;95;37;18;15;16;3;0;3;1;2;0;0;0;42;0;38.95;18.95;15.79;16.84;3.16;0;3.16;1.05;2.11;0;0;0;29.58;0
60693;60;Villeselve;270;214;210;92;37;21;32;16;2;3;0;4;3;0;0;56;1;43.81;17.62;10;15.24;7.62;0.95;1.43;0;1.9;1.43;0;0;20.74;0.48
60694;60;Villotran;246;205;203;69;40;36;33;5;2;12;0;2;4;0;0;41;1;33.99;19.7;17.73;16.26;2.46;0.99;5.91;0;0.99;1.97;0;0;16.67;0.49
60695;60;Vineuil-Saint-Firmin;1174;974;955;151;116;248;337;33;4;45;9;7;4;1;0;200;2;15.81;12.15;25.97;35.29;3.46;0.42;4.71;0.94;0.73;0.42;0.1;0;17.04;0.21
60697;60;Vrocourt;31;29;29;3;4;6;15;1;0;0;0;0;0;0;0;2;0;10.34;13.79;20.69;51.72;3.45;0;0;0;0;0;0;0;6.45;0
60698;60;Wacquemoulin;232;187;182;76;27;32;22;10;2;6;0;3;1;3;0;45;4;41.76;14.84;17.58;12.09;5.49;1.1;3.3;0;1.65;0.55;1.65;0;19.4;2.2
60699;60;Wambez;135;124;124;39;27;25;18;7;0;5;0;2;1;0;0;11;0;31.45;21.77;20.16;14.52;5.65;0;4.03;0;1.61;0.81;0;0;8.15;0
60700;60;Warluis;927;806;789;257;84;176;183;44;7;24;4;4;4;2;0;121;2;32.57;10.65;22.31;23.19;5.58;0.89;3.04;0.51;0.51;0.51;0.25;0;13.05;0.25
60701;60;Wavignies;856;707;672;265;125;131;69;27;5;26;4;12;7;1;0;149;7;39.43;18.6;19.49;10.27;4.02;0.74;3.87;0.6;1.79;1.04;0.15;0;17.41;1.04
60702;60;Welles-Pérennes;184;158;157;66;16;20;41;6;1;4;0;2;1;0;0;26;0;42.04;10.19;12.74;26.11;3.82;0.64;2.55;0;1.27;0.64;0;0;14.13;0
60703;60;Aux Marais;606;520;502;163;85;95;84;42;9;14;4;2;4;0;0;86;5;32.47;16.93;18.92;16.73;8.37;1.79;2.79;0.8;0.4;0.8;0;0;14.19;1