insee;dep;nom;nb_inscrits;nb_votants;nb_exprimes;nb_voix1;nb_voix2;nb_voix3;nb_voix4;nb_voix5;nb_voix6;nb_voix7;nb_voix8;nb_voix9;nb_voix10;nb_voix11;nb_voix12;nb_voix13;nb_voix14;voix_1;voix_2;voix_3;voix_4;voix_5;voix_6;voix_7;voix_8;voix_9;voix_10;voix_11;voix_12;voix_13;voix_14
63001;63;Aigueperse;1570;1272;1242;331;244;294;193;59;22;58;11;17;10;3;0;298;4;26.65;19.65;23.67;15.54;4.75;1.77;4.67;0.89;1.37;0.81;0.24;0;18.98;0.32
63002;63;Aix-la-Fayette;110;87;85;17;11;18;20;6;3;8;1;0;1;0;0;23;2;20;12.94;21.18;23.53;7.06;3.53;9.41;1.18;0;1.18;0;0;20.91;2.35
63003;63;Ambert;4956;3838;3703;763;638;932;682;197;112;215;51;65;42;6;0;1118;48;20.6;17.23;25.17;18.42;5.32;3.02;5.81;1.38;1.76;1.13;0.16;0;22.56;1.3
63004;63;Les Ancizes-Comps;1331;1033;1001;211;277;253;96;33;18;70;7;18;17;1;0;298;11;21.08;27.67;25.27;9.59;3.3;1.8;6.99;0.7;1.8;1.7;0.1;0;22.39;1.1
63005;63;Antoingt;288;231;225;53;30;63;41;7;7;16;4;2;2;0;0;57;0;23.56;13.33;28;18.22;3.11;3.11;7.11;1.78;0.89;0.89;0;0;19.79;0
63006;63;Anzat-le-Luguet;212;152;148;31;18;37;30;11;7;12;0;1;1;0;0;60;2;20.95;12.16;25;20.27;7.43;4.73;8.11;0;0.68;0.68;0;0;28.3;1.35
63007;63;Apchat;167;136;133;19;34;20;31;5;13;7;1;2;1;0;0;31;2;14.29;25.56;15.04;23.31;3.76;9.77;5.26;0.75;1.5;0.75;0;0;18.56;1.5
63008;63;Arconsat;519;422;398;89;69;76;107;20;11;17;0;9;0;0;0;97;9;22.36;17.34;19.1;26.88;5.03;2.76;4.27;0;2.26;0;0;0;18.69;2.26
63009;63;Ardes;434;333;326;69;82;48;57;24;16;19;4;1;6;0;0;101;3;21.17;25.15;14.72;17.48;7.36;4.91;5.83;1.23;0.31;1.84;0;0;23.27;0.92
63010;63;Arlanc;1325;1033;986;279;178;167;184;62;37;40;13;10;12;4;0;292;14;28.3;18.05;16.94;18.66;6.29;3.75;4.06;1.32;1.01;1.22;0.41;0;22.04;1.42
63011;63;Ars-les-Favets;196;151;148;29;33;30;26;4;6;12;2;3;2;1;0;45;2;19.59;22.3;20.27;17.57;2.7;4.05;8.11;1.35;2.03;1.35;0.68;0;22.96;1.35
63012;63;Artonne;644;559;540;109;99;134;101;33;8;40;4;9;3;0;0;85;6;20.19;18.33;24.81;18.7;6.11;1.48;7.41;0.74;1.67;0.56;0;0;13.2;1.11
63013;63;Aubiat;718;616;599;128;131;129;114;35;14;28;6;9;5;0;0;102;3;21.37;21.87;21.54;19.03;5.84;2.34;4.67;1;1.5;0.83;0;0;14.21;0.5
63014;63;Aubière;6517;5134;5026;673;1035;1624;896;190;89;379;41;62;27;10;0;1383;27;13.39;20.59;32.31;17.83;3.78;1.77;7.54;0.82;1.23;0.54;0.2;0;21.22;0.54
63015;63;Aubusson-d'Auvergne;202;165;155;25;41;38;18;5;8;15;0;2;2;1;0;37;2;16.13;26.45;24.52;11.61;3.23;5.16;9.68;0;1.29;1.29;0.65;0;18.32;1.29
63016;63;Augerolles;780;624;606;132;129;132;88;24;37;34;7;15;7;1;0;156;7;21.78;21.29;21.78;14.52;3.96;6.11;5.61;1.16;2.48;1.16;0.17;0;20;1.16
63017;63;Augnat;123;108;103;20;27;20;18;3;4;3;2;4;2;0;0;15;2;19.42;26.21;19.42;17.48;2.91;3.88;2.91;1.94;3.88;1.94;0;0;12.2;1.94
63019;63;Aulnat;2834;2123;2048;442;516;544;203;95;28;144;19;29;24;4;0;711;18;21.58;25.2;26.56;9.91;4.64;1.37;7.03;0.93;1.42;1.17;0.2;0;25.09;0.88
63020;63;Aurières;262;223;220;38;37;62;40;12;11;14;2;3;1;0;0;39;2;17.27;16.82;28.18;18.18;5.45;5;6.36;0.91;1.36;0.45;0;0;14.89;0.91
63021;63;Authezat;504;439;428;82;90;110;60;29;15;34;4;2;1;1;0;65;2;19.16;21.03;25.7;14.02;6.78;3.5;7.94;0.93;0.47;0.23;0.23;0;12.9;0.47
63022;63;Auzat-la-Combelle;1758;1338;1305;317;441;255;91;50;25;77;6;25;17;1;0;420;11;24.29;33.79;19.54;6.97;3.83;1.92;5.9;0.46;1.92;1.3;0.08;0;23.89;0.84
63023;63;Auzelles;344;276;269;42;60;55;40;16;20;18;5;8;4;1;0;68;3;15.61;22.3;20.45;14.87;5.95;7.43;6.69;1.86;2.97;1.49;0.37;0;19.77;1.12
63024;63;Avèze;172;143;135;23;17;33;41;4;6;6;1;1;1;2;0;29;4;17.04;12.59;24.44;30.37;2.96;4.44;4.44;0.74;0.74;0.74;1.48;0;16.86;2.96
63025;63;Ayat-sur-Sioule;134;121;121;20;20;26;30;4;6;11;2;2;0;0;0;13;0;16.53;16.53;21.49;24.79;3.31;4.96;9.09;1.65;1.65;0;0;0;9.7;0
63026;63;Aydat;1959;1654;1620;254;380;449;227;70;40;142;19;22;12;5;0;305;8;15.68;23.46;27.72;14.01;4.32;2.47;8.77;1.17;1.36;0.74;0.31;0;15.57;0.49
63027;63;Baffie;130;99;99;22;14;23;18;8;4;5;2;1;2;0;0;31;0;22.22;14.14;23.23;18.18;8.08;4.04;5.05;2.02;1.01;2.02;0;0;23.85;0
63028;63;Bagnols;423;345;328;37;42;100;87;13;14;26;1;3;3;2;0;78;5;11.28;12.8;30.49;26.52;3.96;4.27;7.93;0.3;0.91;0.91;0.61;0;18.44;1.52
63029;63;Bansat;199;178;174;36;53;39;16;4;7;14;1;1;3;0;0;21;2;20.69;30.46;22.41;9.2;2.3;4.02;8.05;0.57;0.57;1.72;0;0;10.55;1.15
63030;63;Bas-et-Lezat;236;200;191;62;26;30;31;8;6;19;1;2;6;0;0;36;3;32.46;13.61;15.71;16.23;4.19;3.14;9.95;0.52;1.05;3.14;0;0;15.25;1.57
63031;63;Beaulieu;347;272;264;61;77;58;30;7;5;15;2;7;2;0;0;75;2;23.11;29.17;21.97;11.36;2.65;1.89;5.68;0.76;2.65;0.76;0;0;21.61;0.76
63032;63;Beaumont;8360;6306;6179;624;1266;2241;1117;234;81;478;32;57;35;14;0;2054;40;10.1;20.49;36.27;18.08;3.79;1.31;7.74;0.52;0.92;0.57;0.23;0;24.57;0.65
63033;63;Beaumont-lès-Randan;238;204;196;64;37;28;22;14;7;11;3;6;4;0;0;34;1;32.65;18.88;14.29;11.22;7.14;3.57;5.61;1.53;3.06;2.04;0;0;14.29;0.51
63034;63;Beauregard-l'Evêque;1104;946;909;188;194;225;148;35;22;77;6;11;3;0;0;158;4;20.68;21.34;24.75;16.28;3.85;2.42;8.47;0.66;1.21;0.33;0;0;14.31;0.44
63035;63;Beauregard-Vendon;849;755;728;177;157;170;100;48;11;36;2;18;9;0;0;94;10;24.31;21.57;23.35;13.74;6.59;1.51;4.95;0.27;2.47;1.24;0;0;11.07;1.37
63036;63;Bergonne;282;228;214;44;35;51;35;10;11;18;1;8;0;1;0;54;4;20.56;16.36;23.83;16.36;4.67;5.14;8.41;0.47;3.74;0;0.47;0;19.15;1.87
63037;63;Bertignat;395;295;283;64;57;47;51;18;15;15;5;7;4;0;0;100;5;22.61;20.14;16.61;18.02;6.36;5.3;5.3;1.77;2.47;1.41;0;0;25.32;1.77
63038;63;Besse-et-Saint-Anastaise;1451;1118;1083;186;196;276;266;43;31;52;10;20;2;1;0;333;10;17.17;18.1;25.48;24.56;3.97;2.86;4.8;0.92;1.85;0.18;0.09;0;22.95;0.92
63039;63;Beurières;259;219;213;56;39;44;32;13;2;16;3;4;4;0;0;40;4;26.29;18.31;20.66;15.02;6.1;0.94;7.51;1.41;1.88;1.88;0;0;15.44;1.88
63040;63;Billom;3194;2611;2531;421;714;636;330;83;39;213;24;49;21;1;0;583;21;16.63;28.21;25.13;13.04;3.28;1.54;8.42;0.95;1.94;0.83;0.04;0;18.25;0.83
63041;63;Biollet;257;211;205;34;48;58;20;4;14;18;2;5;1;1;0;46;2;16.59;23.41;28.29;9.76;1.95;6.83;8.78;0.98;2.44;0.49;0.49;0;17.9;0.98
63042;63;Blanzat;2914;2290;2234;313;490;717;363;99;24;177;10;23;12;6;0;624;19;14.01;21.93;32.09;16.25;4.43;1.07;7.92;0.45;1.03;0.54;0.27;0;21.41;0.85
63043;63;Blot-l'Eglise;374;296;289;53;85;44;34;15;24;20;3;4;7;0;0;78;3;18.34;29.41;15.22;11.76;5.19;8.3;6.92;1.04;1.38;2.42;0;0;20.86;1.04
63044;63;Bongheat;319;272;267;63;77;57;19;11;7;27;1;4;0;1;0;47;0;23.6;28.84;21.35;7.12;4.12;2.62;10.11;0.37;1.5;0;0.37;0;14.73;0
63045;63;Bort-l'Etang;482;411;397;110;108;68;49;13;13;26;5;2;3;0;0;71;3;27.71;27.2;17.13;12.34;3.27;3.27;6.55;1.26;0.5;0.76;0;0;14.73;0.76
63046;63;Boudes;232;193;188;32;59;33;34;4;8;11;3;2;1;1;0;39;1;17.02;31.38;17.55;18.09;2.13;4.26;5.85;1.6;1.06;0.53;0.53;0;16.81;0.53
63047;63;La Bourboule;1435;1098;1065;174;222;281;221;38;26;72;6;11;13;1;0;337;10;16.34;20.85;26.38;20.75;3.57;2.44;6.76;0.56;1.03;1.22;0.09;0;23.48;0.94
63048;63;Bourg-Lastic;756;608;585;114;114;149;100;22;24;46;2;9;5;0;0;148;7;19.49;19.49;25.47;17.09;3.76;4.1;7.86;0.34;1.54;0.85;0;0;19.58;1.2
63049;63;Bouzel;580;468;439;99;107;121;41;26;19;16;2;4;4;0;0;112;8;22.55;24.37;27.56;9.34;5.92;4.33;3.64;0.46;0.91;0.91;0;0;19.31;1.82
63050;63;Brassac-les-Mines;2536;1902;1845;404;507;412;230;81;23;117;19;28;22;2;0;634;12;21.9;27.48;22.33;12.47;4.39;1.25;6.34;1.03;1.52;1.19;0.11;0;25;0.65
63051;63;Brenat;521;441;416;80;79;111;56;28;11;35;1;7;5;3;0;80;6;19.23;18.99;26.68;13.46;6.73;2.64;8.41;0.24;1.68;1.2;0.72;0;15.36;1.44
63052;63;Le Breuil-sur-Couze;766;631;613;117;162;150;90;26;12;28;5;16;5;2;0;135;6;19.09;26.43;24.47;14.68;4.24;1.96;4.57;0.82;2.61;0.82;0.33;0;17.62;0.98
63053;63;Briffons;270;227;218;46;39;42;39;14;14;11;5;3;3;2;0;43;1;21.1;17.89;19.27;17.89;6.42;6.42;5.05;2.29;1.38;1.38;0.92;0;15.93;0.46
63054;63;Le Broc;539;454;439;95;77;107;89;19;8;30;0;12;2;0;0;85;7;21.64;17.54;24.37;20.27;4.33;1.82;6.83;0;2.73;0.46;0;0;15.77;1.59
63055;63;Bromont-Lamothe;840;690;672;175;98;148;126;31;27;40;12;8;6;1;0;150;6;26.04;14.58;22.02;18.75;4.61;4.02;5.95;1.79;1.19;0.89;0.15;0;17.86;0.89
63056;63;Brousse;335;277;267;56;90;41;22;7;14;23;5;4;4;1;0;58;2;20.97;33.71;15.36;8.24;2.62;5.24;8.61;1.87;1.5;1.5;0.37;0;17.31;0.75
63057;63;Le Brugeron;271;223;216;41;45;53;34;15;15;5;4;1;2;1;0;48;3;18.98;20.83;24.54;15.74;6.94;6.94;2.31;1.85;0.46;0.93;0.46;0;17.71;1.39
63058;63;Bulhon;432;356;345;97;69;78;48;13;6;21;3;5;2;3;0;76;5;28.12;20;22.61;13.91;3.77;1.74;6.09;0.87;1.45;0.58;0.87;0;17.59;1.45
63059;63;Busséol;169;147;146;20;38;44;14;4;3;17;5;0;1;0;0;22;1;13.7;26.03;30.14;9.59;2.74;2.05;11.64;3.42;0;0.68;0;0;13.02;0.68
63060;63;Bussières;106;79;72;15;12;12;17;4;5;4;1;0;2;0;0;27;1;20.83;16.67;16.67;23.61;5.56;6.94;5.56;1.39;0;2.78;0;0;25.47;1.39
63061;63;Bussières-et-Pruns;294;234;218;53;49;44;29;12;5;19;0;5;2;0;0;60;5;24.31;22.48;20.18;13.3;5.5;2.29;8.72;0;2.29;0.92;0;0;20.41;2.29
63062;63;Buxières-sous-Montaigut;163;134;132;27;43;28;10;5;2;12;1;3;0;1;0;29;1;20.45;32.58;21.21;7.58;3.79;1.52;9.09;0.76;2.27;0;0.76;0;17.79;0.76
63063;63;Cébazat;6054;4717;4579;736;933;1464;746;195;55;323;29;57;35;6;0;1337;37;16.07;20.38;31.97;16.29;4.26;1.2;7.05;0.63;1.24;0.76;0.13;0;22.08;0.81
63064;63;La Celle;76;62;59;12;16;9;12;5;0;2;1;2;0;0;0;14;1;20.34;27.12;15.25;20.34;8.47;0;3.39;1.69;3.39;0;0;0;18.42;1.69
63065;63;Ceilloux;164;140;138;31;28;33;13;7;6;11;2;5;2;0;0;24;1;22.46;20.29;23.91;9.42;5.07;4.35;7.97;1.45;3.62;1.45;0;0;14.63;0.72
63066;63;Celles-sur-Durolle;1373;1064;1006;239;198;214;198;50;36;42;2;12;13;2;0;309;13;23.76;19.68;21.27;19.68;4.97;3.58;4.17;0.2;1.19;1.29;0.2;0;22.51;1.29
63067;63;La Cellette;142;123;121;34;12;23;27;7;7;8;2;1;0;0;0;19;2;28.1;9.92;19.01;22.31;5.79;5.79;6.61;1.65;0.83;0;0;0;13.38;1.65
63069;63;Le Cendre;4060;3265;3156;554;708;949;467;156;53;172;28;41;22;6;0;795;28;17.55;22.43;30.07;14.8;4.94;1.68;5.45;0.89;1.3;0.7;0.19;0;19.58;0.89
63070;63;Ceyrat;5121;4116;4024;448;722;1346;919;144;49;310;23;39;19;5;0;1005;21;11.13;17.94;33.45;22.84;3.58;1.22;7.7;0.57;0.97;0.47;0.12;0;19.63;0.52
63071;63;Ceyssat;568;484;464;95;100;103;65;22;32;36;0;8;3;0;0;84;3;20.47;21.55;22.2;14.01;4.74;6.9;7.76;0;1.72;0.65;0;0;14.79;0.65
63072;63;Chabreloche;984;764;734;193;161;190;86;29;16;37;6;7;8;1;0;220;16;26.29;21.93;25.89;11.72;3.95;2.18;5.04;0.82;0.95;1.09;0.14;0;22.36;2.18
63073;63;Chadeleuf;333;265;256;37;70;55;36;15;2;28;1;4;7;1;0;68;5;14.45;27.34;21.48;14.06;5.86;0.78;10.94;0.39;1.56;2.73;0.39;0;20.42;1.95
63074;63;Chalus;136;112;106;25;32;28;7;2;1;5;2;2;2;0;0;24;0;23.58;30.19;26.42;6.6;1.89;0.94;4.72;1.89;1.89;1.89;0;0;17.65;0
63075;63;Chamalières;12712;10253;10035;869;1382;3315;3206;341;120;611;62;84;26;19;0;2459;63;8.66;13.77;33.03;31.95;3.4;1.2;6.09;0.62;0.84;0.26;0.19;0;19.34;0.63
63076;63;Chambon-sur-Dolore;173;131;130;24;32;30;19;5;8;10;0;1;1;0;0;42;0;18.46;24.62;23.08;14.62;3.85;6.15;7.69;0;0.77;0.77;0;0;24.28;0
63077;63;Chambon-sur-Lac;424;353;344;78;77;67;74;13;13;17;1;2;2;0;0;71;2;22.67;22.38;19.48;21.51;3.78;3.78;4.94;0.29;0.58;0.58;0;0;16.75;0.58
63078;63;Chaméane;152;132;121;26;15;23;28;10;7;8;2;0;1;1;0;20;6;21.49;12.4;19.01;23.14;8.26;5.79;6.61;1.65;0;0.83;0.83;0;13.16;4.96
63079;63;Champagnat-le-Jeune;142;122;119;25;19;27;31;5;1;10;0;0;1;0;0;20;3;21.01;15.97;22.69;26.05;4.2;0.84;8.4;0;0;0.84;0;0;14.08;2.52
63080;63;Champeix;984;793;758;143;200;180;89;33;17;60;3;24;5;4;0;191;5;18.87;26.39;23.75;11.74;4.35;2.24;7.92;0.4;3.17;0.66;0.53;0;19.41;0.66
63081;63;Champétières;237;185;178;47;48;32;26;4;6;8;2;3;2;0;0;52;3;26.4;26.97;17.98;14.61;2.25;3.37;4.49;1.12;1.69;1.12;0;0;21.94;1.69
63082;63;Champs;318;266;254;37;57;81;39;4;5;20;0;6;3;2;0;52;4;14.57;22.44;31.89;15.35;1.57;1.97;7.87;0;2.36;1.18;0.79;0;16.35;1.57
63083;63;Chanat-la-Mouteyre;762;625;602;101;124;183;94;26;8;52;2;8;4;0;0;137;5;16.78;20.6;30.4;15.61;4.32;1.33;8.64;0.33;1.33;0.66;0;0;17.98;0.83
63084;63;Chanonat;1366;1185;1156;141;237;368;190;60;17;113;5;16;5;4;0;181;7;12.2;20.5;31.83;16.44;5.19;1.47;9.78;0.43;1.38;0.43;0.35;0;13.25;0.61
63085;63;Chapdes-Beaufort;958;791;756;182;197;166;80;33;19;52;4;12;10;1;0;167;15;24.07;26.06;21.96;10.58;4.37;2.51;6.88;0.53;1.59;1.32;0.13;0;17.43;1.98
63086;63;La Chapelle-Agnon;339;277;266;56;72;58;37;11;13;11;3;3;1;1;0;62;5;21.05;27.07;21.8;13.91;4.14;4.89;4.14;1.13;1.13;0.38;0.38;0;18.29;1.88
63087;63;La Chapelle-Marcousse;76;60;60;16;7;6;17;2;10;2;0;0;0;0;0;16;0;26.67;11.67;10;28.33;3.33;16.67;3.33;0;0;0;0;0;21.05;0
63088;63;La Chapelle-sur-Usson;78;67;65;19;14;11;13;3;2;0;1;1;1;0;0;11;0;29.23;21.54;16.92;20;4.62;3.08;0;1.54;1.54;1.54;0;0;14.1;0
63089;63;Chappes;1267;1066;1033;234;221;278;130;46;21;66;5;16;14;2;0;201;7;22.65;21.39;26.91;12.58;4.45;2.03;6.39;0.48;1.55;1.36;0.19;0;15.86;0.68
63090;63;Chaptuzat;361;314;307;58;57;93;45;14;6;23;3;4;2;2;0;47;1;18.89;18.57;30.29;14.66;4.56;1.95;7.49;0.98;1.3;0.65;0.65;0;13.02;0.33
63091;63;Charbonnier-les-Mines;629;530;511;106;149;129;55;16;3;39;5;5;4;0;0;99;4;20.74;29.16;25.24;10.76;3.13;0.59;7.63;0.98;0.98;0.78;0;0;15.74;0.78
63092;63;Charbonnières-les-Varennes;1315;1094;1058;220;252;255;105;54;33;88;8;25;11;7;0;221;15;20.79;23.82;24.1;9.92;5.1;3.12;8.32;0.76;2.36;1.04;0.66;0;16.81;1.42
63093;63;Charbonnières-les-Vieilles;845;725;709;160;141;168;109;34;14;56;4;16;7;0;0;120;2;22.57;19.89;23.7;15.37;4.8;1.97;7.9;0.56;2.26;0.99;0;0;14.2;0.28
63094;63;Charensat;428;340;324;85;49;63;65;28;12;13;1;4;2;2;0;88;11;26.23;15.12;19.44;20.06;8.64;3.7;4.01;0.31;1.23;0.62;0.62;0;20.56;3.4
63095;63;Charnat;157;130;126;30;45;14;13;5;5;5;2;3;4;0;0;27;0;23.81;35.71;11.11;10.32;3.97;3.97;3.97;1.59;2.38;3.17;0;0;17.2;0
63096;63;Chas;305;250;240;49;58;54;29;12;7;24;1;2;4;0;0;55;0;20.42;24.17;22.5;12.08;5;2.92;10;0.42;0.83;1.67;0;0;18.03;0
63097;63;Chassagne;83;63;63;10;8;15;9;2;12;2;4;1;0;0;0;20;0;15.87;12.7;23.81;14.29;3.17;19.05;3.17;6.35;1.59;0;0;0;24.1;0
63098;63;Chastreix;271;196;189;20;33;44;62;5;8;15;0;1;1;0;0;75;4;10.58;17.46;23.28;32.8;2.65;4.23;7.94;0;0.53;0.53;0;0;27.68;2.12
63099;63;Châteaugay;2443;2020;1969;339;402;553;370;83;36;138;18;21;7;2;0;423;21;17.22;20.42;28.09;18.79;4.22;1.83;7.01;0.91;1.07;0.36;0.1;0;17.31;1.07
63100;63;Châteauneuf-les-Bains;279;238;235;42;58;47;38;9;6;16;5;9;5;0;0;41;2;17.87;24.68;20;16.17;3.83;2.55;6.81;2.13;3.83;2.13;0;0;14.7;0.85
63101;63;Château-sur-Cher;74;49;49;13;12;6;11;4;1;2;0;0;0;0;0;25;0;26.53;24.49;12.24;22.45;8.16;2.04;4.08;0;0;0;0;0;33.78;0
63102;63;Châteldon;644;531;513;108;156;98;71;17;8;27;11;5;11;1;0;113;6;21.05;30.41;19.1;13.84;3.31;1.56;5.26;2.14;0.97;2.14;0.19;0;17.55;1.17
63103;63;Châtelguyon;5010;4012;3923;605;646;1211;840;220;70;247;27;34;20;3;0;998;20;15.42;16.47;30.87;21.41;5.61;1.78;6.3;0.69;0.87;0.51;0.08;0;19.92;0.51
63104;63;La Chaulme;149;122;118;32;14;23;27;10;2;9;0;1;0;0;0;27;3;27.12;11.86;19.49;22.88;8.47;1.69;7.63;0;0.85;0;0;0;18.12;2.54
63105;63;Chaumont-le-Bourg;195;165;160;46;33;29;27;7;7;8;1;0;2;0;0;30;5;28.75;20.63;18.13;16.88;4.38;4.38;5;0.63;0;1.25;0;0;15.38;3.13
63106;63;Chauriat;1232;1042;1009;191;240;279;110;40;23;79;19;19;7;2;0;190;7;18.93;23.79;27.65;10.9;3.96;2.28;7.83;1.88;1.88;0.69;0.2;0;15.42;0.69
63107;63;Chavaroux;352;311;301;30;67;97;56;15;5;21;3;6;1;0;0;41;7;9.97;22.26;32.23;18.6;4.98;1.66;6.98;1;1.99;0.33;0;0;11.65;2.33
63108;63;Le Cheix;517;450;439;84;101;108;70;27;7;30;5;4;3;0;0;67;1;19.13;23.01;24.6;15.95;6.15;1.59;6.83;1.14;0.91;0.68;0;0;12.96;0.23
63109;63;Chidrac;364;302;287;74;51;79;38;11;8;16;3;5;2;0;0;62;6;25.78;17.77;27.53;13.24;3.83;2.79;5.57;1.05;1.74;0.7;0;0;17.03;2.09
63110;63;Cisternes-la-Forêt;379;299;287;57;40;99;49;10;9;16;1;4;2;0;0;80;6;19.86;13.94;34.49;17.07;3.48;3.14;5.57;0.35;1.39;0.7;0;0;21.11;2.09
63111;63;Clémensat;91;85;82;21;22;16;6;4;3;7;0;1;1;1;0;6;0;25.61;26.83;19.51;7.32;4.88;3.66;8.54;0;1.22;1.22;1.22;0;6.59;0
63112;63;Clerlande;415;362;356;61;83;90;73;20;4;19;1;2;2;1;0;53;1;17.13;23.31;25.28;20.51;5.62;1.12;5.34;0.28;0.56;0.56;0.28;0;12.77;0.28
63113;63;Clermont-Ferrand;73071;54233;52915;6639;13558;15640;8004;1685;586;5240;530;597;327;109;0;18838;372;12.55;25.62;29.56;15.13;3.18;1.11;9.9;1;1.13;0.62;0.21;0;25.78;0.7
63114;63;Collanges;128;113;108;44;16;19;8;7;6;7;0;0;1;0;0;15;2;40.74;14.81;17.59;7.41;6.48;5.56;6.48;0;0;0.93;0;0;11.72;1.85
63115;63;Combrailles;176;141;136;31;38;25;12;6;6;9;3;4;1;1;0;35;4;22.79;27.94;18.38;8.82;4.41;4.41;6.62;2.21;2.94;0.74;0.74;0;19.89;2.94
63116;63;Combronde;1549;1235;1199;269;281;286;167;57;24;75;4;23;9;4;0;314;12;22.44;23.44;23.85;13.93;4.75;2;6.26;0.33;1.92;0.75;0.33;0;20.27;1
63117;63;Compains;136;104;102;18;19;13;33;5;7;5;2;0;0;0;0;32;1;17.65;18.63;12.75;32.35;4.9;6.86;4.9;1.96;0;0;0;0;23.53;0.98
63118;63;Condat-en-Combraille;417;320;312;40;50;85;56;31;15;25;2;6;2;0;0;97;2;12.82;16.03;27.24;17.95;9.94;4.81;8.01;0.64;1.92;0.64;0;0;23.26;0.64
63119;63;Condat-lès-Montboissier;208;158;156;23;31;42;23;6;11;13;3;2;1;1;0;50;0;14.74;19.87;26.92;14.74;3.85;7.05;8.33;1.92;1.28;0.64;0.64;0;24.04;0
63120;63;Corent;570;469;453;76;95;134;57;24;11;41;1;5;6;3;0;101;1;16.78;20.97;29.58;12.58;5.3;2.43;9.05;0.22;1.1;1.32;0.66;0;17.72;0.22
63121;63;Coudes;886;754;729;119;204;164;91;45;12;70;8;12;4;0;0;132;8;16.32;27.98;22.5;12.48;6.17;1.65;9.6;1.1;1.65;0.55;0;0;14.9;1.1
63122;63;Courgoul;72;61;59;8;16;10;8;3;3;8;0;1;2;0;0;11;2;13.56;27.12;16.95;13.56;5.08;5.08;13.56;0;1.69;3.39;0;0;15.28;3.39
63123;63;Cournols;190;178;174;28;25;29;59;15;6;9;1;2;0;0;0;12;2;16.09;14.37;16.67;33.91;8.62;3.45;5.17;0.57;1.15;0;0;0;6.32;1.15
63124;63;Cournon-d'Auvergne;13683;11360;11043;1798;2486;3348;1661;442;166;823;115;120;63;21;0;2323;97;16.28;22.51;30.32;15.04;4;1.5;7.45;1.04;1.09;0.57;0.19;0;16.98;0.88
63125;63;Courpière;3171;2529;2445;541;535;594;393;112;63;139;19;35;12;2;0;642;30;22.13;21.88;24.29;16.07;4.58;2.58;5.69;0.78;1.43;0.49;0.08;0;20.25;1.23
63126;63;Le Crest;1000;830;810;96;172;295;133;31;16;46;0;12;8;1;0;170;1;11.85;21.23;36.42;16.42;3.83;1.98;5.68;0;1.48;0.99;0.12;0;17;0.12
63127;63;Creste;58;44;40;10;10;14;2;0;2;1;0;0;1;0;0;14;1;25;25;35;5;0;5;2.5;0;0;2.5;0;0;24.14;2.5
63128;63;Crevant-Laveine;750;596;563;138;118;119;85;18;27;33;7;5;13;0;0;154;12;24.51;20.96;21.14;15.1;3.2;4.8;5.86;1.24;0.89;2.31;0;0;20.53;2.13
63129;63;Cros;173;139;132;29;23;28;26;7;4;12;1;0;2;0;0;34;4;21.97;17.42;21.21;19.7;5.3;3.03;9.09;0.76;0;1.52;0;0;19.65;3.03
63130;63;La Crouzille;244;196;188;51;49;30;31;11;4;6;1;3;1;1;0;48;4;27.13;26.06;15.96;16.49;5.85;2.13;3.19;0.53;1.6;0.53;0.53;0;19.67;2.13
63131;63;Culhat;815;672;651;200;126;136;74;39;14;34;15;8;4;1;0;143;4;30.72;19.35;20.89;11.37;5.99;2.15;5.22;2.3;1.23;0.61;0.15;0;17.55;0.61
63132;63;Cunlhat;895;727;688;113;194;166;93;24;26;39;5;13;11;4;0;168;16;16.42;28.2;24.13;13.52;3.49;3.78;5.67;0.73;1.89;1.6;0.58;0;18.77;2.33
63133;63;Dallet;1020;865;836;140;185;238;128;48;19;52;5;14;6;1;0;155;5;16.75;22.13;28.47;15.31;5.74;2.27;6.22;0.6;1.67;0.72;0.12;0;15.2;0.6
63134;63;Dauzat-sur-Vodable;79;63;62;19;4;6;19;3;3;6;2;0;0;0;0;16;0;30.65;6.45;9.68;30.65;4.84;4.84;9.68;3.23;0;0;0;0;20.25;0
63135;63;Davayat;428;374;359;56;84;101;47;13;7;33;4;9;5;0;0;54;1;15.6;23.4;28.13;13.09;3.62;1.95;9.19;1.11;2.51;1.39;0;0;12.62;0.28
63136;63;Domaize;309;276;269;56;73;61;34;17;3;14;1;6;3;1;0;33;4;20.82;27.14;22.68;12.64;6.32;1.12;5.2;0.37;2.23;1.12;0.37;0;10.68;1.49
63137;63;Doranges;182;124;121;26;31;27;14;5;4;7;0;6;0;1;0;58;0;21.49;25.62;22.31;11.57;4.13;3.31;5.79;0;4.96;0;0.83;0;31.87;0
63138;63;Dorat;497;425;408;110;92;84;46;19;16;26;1;5;8;1;0;72;4;26.96;22.55;20.59;11.27;4.66;3.92;6.37;0.25;1.23;1.96;0.25;0;14.49;0.98
63139;63;Dore-l'Eglise;606;502;484;152;73;103;69;29;17;22;4;5;9;1;0;104;2;31.4;15.08;21.28;14.26;5.99;3.51;4.55;0.83;1.03;1.86;0.21;0;17.16;0.41
63140;63;Durmignat;190;160;153;45;26;27;29;7;5;7;0;4;2;1;0;30;2;29.41;16.99;17.65;18.95;4.58;3.27;4.58;0;2.61;1.31;0.65;0;15.79;1.31
63141;63;Durtol;1560;1261;1224;153;200;387;312;50;14;81;8;12;6;1;0;299;13;12.5;16.34;31.62;25.49;4.08;1.14;6.62;0.65;0.98;0.49;0.08;0;19.17;1.06
63142;63;Echandelys;219;181;172;40;39;36;34;6;4;10;1;2;0;0;0;38;3;23.26;22.67;20.93;19.77;3.49;2.33;5.81;0.58;1.16;0;0;0;17.35;1.74
63143;63;Effiat;797;664;647;149;134;151;119;35;7;27;6;10;9;0;0;133;3;23.03;20.71;23.34;18.39;5.41;1.08;4.17;0.93;1.55;1.39;0;0;16.69;0.46
63144;63;Egliseneuve-d'Entraigues;379;291;281;59;28;72;68;12;8;24;1;4;3;2;0;88;4;21;9.96;25.62;24.2;4.27;2.85;8.54;0.36;1.42;1.07;0.71;0;23.22;1.42
63145;63;Egliseneuve-des-Liards;137;113;109;18;36;26;11;5;2;7;1;1;0;2;0;24;3;16.51;33.03;23.85;10.09;4.59;1.83;6.42;0.92;0.92;0;1.83;0;17.52;2.75
63146;63;Egliseneuve-près-Billom;730;622;602;103;206;124;73;22;20;38;7;5;4;0;0;108;8;17.11;34.22;20.6;12.13;3.65;3.32;6.31;1.16;0.83;0.66;0;0;14.79;1.33
63147;63;Eglisolles;267;229;221;62;26;48;51;12;6;10;1;3;2;0;0;38;2;28.05;11.76;21.72;23.08;5.43;2.71;4.52;0.45;1.36;0.9;0;0;14.23;0.9
63148;63;Ennezat;1605;1384;1335;256;250;422;216;53;13;79;11;15;18;2;0;221;10;19.18;18.73;31.61;16.18;3.97;0.97;5.92;0.82;1.12;1.35;0.15;0;13.77;0.75
63149;63;Entraigues;495;423;406;78;78;128;60;17;11;25;4;4;0;1;0;72;5;19.21;19.21;31.53;14.78;4.19;2.71;6.16;0.99;0.99;0;0.25;0;14.55;1.23
63150;63;Enval;1067;948;918;137;220;295;113;52;18;60;6;11;6;0;0;119;4;14.92;23.97;32.14;12.31;5.66;1.96;6.54;0.65;1.2;0.65;0;0;11.15;0.44
63151;63;Escoutoux;1111;914;874;221;182;199;123;43;33;42;5;15;10;1;0;197;10;25.29;20.82;22.77;14.07;4.92;3.78;4.81;0.57;1.72;1.14;0.11;0;17.73;1.14
63152;63;Espinasse;270;202;196;36;43;38;40;3;11;21;2;0;2;0;0;68;1;18.37;21.94;19.39;20.41;1.53;5.61;10.71;1.02;0;1.02;0;0;25.19;0.51
63153;63;Espinchal;136;97;95;21;13;31;15;9;2;2;1;0;0;1;0;39;1;22.11;13.68;32.63;15.79;9.47;2.11;2.11;1.05;0;0;1.05;0;28.68;1.05
63154;63;Espirat;297;254;246;57;54;52;36;8;8;19;4;3;5;0;0;43;2;23.17;21.95;21.14;14.63;3.25;3.25;7.72;1.63;1.22;2.03;0;0;14.48;0.81
63155;63;Estandeuil;327;275;270;68;83;39;33;9;10;22;4;1;1;0;0;52;2;25.19;30.74;14.44;12.22;3.33;3.7;8.15;1.48;0.37;0.37;0;0;15.9;0.74
63156;63;Esteil;63;53;52;6;24;10;3;3;3;2;0;1;0;0;0;10;0;11.54;46.15;19.23;5.77;5.77;5.77;3.85;0;1.92;0;0;0;15.87;0
63157;63;Fayet-le-Château;287;238;229;65;50;49;28;10;9;13;0;4;1;0;0;49;3;28.38;21.83;21.4;12.23;4.37;3.93;5.68;0;1.75;0.44;0;0;17.07;1.31
63158;63;Fayet-Ronaye;116;83;80;21;16;15;16;0;1;3;4;4;0;0;0;33;0;26.25;20;18.75;20;0;1.25;3.75;5;5;0;0;0;28.45;0
63159;63;Fernoël;117;90;83;25;8;17;24;3;2;2;0;1;1;0;0;27;2;30.12;9.64;20.48;28.92;3.61;2.41;2.41;0;1.2;1.2;0;0;23.08;2.41
63160;63;Aulhat-Flat;783;678;663;111;145;174;112;34;18;47;3;13;4;2;0;105;3;16.74;21.87;26.24;16.89;5.13;2.71;7.09;0.45;1.96;0.6;0.3;0;13.41;0.45
63161;63;La Forie;284;221;213;57;42;38;28;5;8;14;9;5;7;0;0;63;3;26.76;19.72;17.84;13.15;2.35;3.76;6.57;4.23;2.35;3.29;0;0;22.18;1.41
63162;63;Fournols;298;230;218;34;47;66;40;8;6;6;3;4;4;0;0;68;1;15.6;21.56;30.28;18.35;3.67;2.75;2.75;1.38;1.83;1.83;0;0;22.82;0.46
63163;63;Gelles;756;625;595;136;72;126;131;38;34;33;5;10;8;2;0;131;11;22.86;12.1;21.18;22.02;6.39;5.71;5.55;0.84;1.68;1.34;0.34;0;17.33;1.85
63164;63;Gerzat;7086;5340;5158;1145;1163;1372;611;228;76;391;45;72;46;9;0;1746;51;22.2;22.55;26.6;11.85;4.42;1.47;7.58;0.87;1.4;0.89;0.17;0;24.64;0.99
63165;63;Giat;715;558;536;114;81;138;123;26;15;23;6;6;4;0;0;157;8;21.27;15.11;25.75;22.95;4.85;2.8;4.29;1.12;1.12;0.75;0;0;21.96;1.49
63166;63;Gignat;196;164;159;28;40;46;21;4;5;7;1;5;2;0;0;32;2;17.61;25.16;28.93;13.21;2.52;3.14;4.4;0.63;3.14;1.26;0;0;16.33;1.26
63167;63;Gimeaux;321;283;271;28;78;67;43;13;7;23;4;4;3;1;0;38;2;10.33;28.78;24.72;15.87;4.8;2.58;8.49;1.48;1.48;1.11;0.37;0;11.84;0.74
63168;63;Glaine-Montaigut;457;370;355;81;108;75;32;10;11;23;3;9;3;0;0;87;7;22.82;30.42;21.13;9.01;2.82;3.1;6.48;0.85;2.54;0.85;0;0;19.04;1.97
63169;63;La Godivelle;41;35;34;1;7;4;11;5;4;2;0;0;0;0;0;6;1;2.94;20.59;11.76;32.35;14.71;11.76;5.88;0;0;0;0;0;14.63;2.94
63170;63;La Goutelle;531;435;422;97;86;93;75;19;17;21;4;8;2;0;0;96;6;22.99;20.38;22.04;17.77;4.5;4.03;4.98;0.95;1.9;0.47;0;0;18.08;1.42
63171;63;Gouttières;314;251;247;59;66;52;23;7;10;22;1;4;3;0;0;63;2;23.89;26.72;21.05;9.31;2.83;4.05;8.91;0.4;1.62;1.21;0;0;20.06;0.81
63172;63;Grandeyrolles;49;41;40;13;5;7;6;1;2;1;3;1;1;0;0;8;1;32.5;12.5;17.5;15;2.5;5;2.5;7.5;2.5;2.5;0;0;16.33;2.5
63173;63;Grandrif;210;154;149;31;45;37;13;7;7;7;0;2;0;0;0;56;0;20.81;30.2;24.83;8.72;4.7;4.7;4.7;0;1.34;0;0;0;26.67;0
63174;63;Grandval;116;96;94;15;29;26;7;8;5;2;1;1;0;0;0;20;1;15.96;30.85;27.66;7.45;8.51;5.32;2.13;1.06;1.06;0;0;0;17.24;1.06
63175;63;Herment;222;192;180;24;40;48;36;11;10;4;2;3;2;0;0;30;3;13.33;22.22;26.67;20;6.11;5.56;2.22;1.11;1.67;1.11;0;0;13.51;1.67
63176;63;Heume-l'Eglise;107;90;88;12;9;27;20;5;7;7;0;0;1;0;0;17;1;13.64;10.23;30.68;22.73;5.68;7.95;7.95;0;0;1.14;0;0;15.89;1.14
63177;63;Isserteaux;314;258;247;39;67;65;29;7;13;20;2;3;1;1;0;56;3;15.79;27.13;26.32;11.74;2.83;5.26;8.1;0.81;1.21;0.4;0.4;0;17.83;1.21
63178;63;Issoire;10184;8035;7793;1397;1639;2062;1395;362;147;555;61;104;55;16;0;2149;84;17.93;21.03;26.46;17.9;4.65;1.89;7.12;0.78;1.33;0.71;0.21;0;21.1;1.08
63179;63;Job;831;667;635;180;114;137;86;29;29;32;8;12;8;0;0;164;12;28.35;17.95;21.57;13.54;4.57;4.57;5.04;1.26;1.89;1.26;0;0;19.74;1.89
63180;63;Joze;838;714;695;197;101;151;158;29;9;28;4;10;5;3;0;124;3;28.35;14.53;21.73;22.73;4.17;1.29;4.03;0.58;1.44;0.72;0.43;0;14.8;0.43
63181;63;Jozerand;366;330;317;58;57;77;69;25;6;13;6;5;0;1;0;36;5;18.3;17.98;24.29;21.77;7.89;1.89;4.1;1.89;1.58;0;0.32;0;9.84;1.58
63182;63;Jumeaux;457;380;369;111;84;80;34;19;7;26;1;4;3;0;0;77;2;30.08;22.76;21.68;9.21;5.15;1.9;7.05;0.27;1.08;0.81;0;0;16.85;0.54
63183;63;Labessette;78;59;58;6;8;12;25;1;1;2;1;1;1;0;0;19;0;10.34;13.79;20.69;43.1;1.72;1.72;3.45;1.72;1.72;1.72;0;0;24.36;0
63184;63;Lachaux;271;220;214;30;77;40;31;6;8;8;6;3;4;1;0;51;2;14.02;35.98;18.69;14.49;2.8;3.74;3.74;2.8;1.4;1.87;0.47;0;18.82;0.93
63185;63;Lamontgie;478;385;370;92;101;84;33;16;2;28;5;7;2;0;0;93;2;24.86;27.3;22.7;8.92;4.32;0.54;7.57;1.35;1.89;0.54;0;0;19.46;0.54
63186;63;Landogne;209;168;158;32;22;43;33;3;6;10;5;0;4;0;0;41;3;20.25;13.92;27.22;20.89;1.9;3.8;6.33;3.16;0;2.53;0;0;19.62;1.9
63187;63;Lapeyrouse;474;391;383;78;119;77;42;16;14;20;3;7;6;1;0;83;7;20.37;31.07;20.1;10.97;4.18;3.66;5.22;0.78;1.83;1.57;0.26;0;17.51;1.83
63188;63;Laps;415;352;336;53;90;82;51;17;6;24;2;8;3;0;0;63;4;15.77;26.79;24.4;15.18;5.06;1.79;7.14;0.6;2.38;0.89;0;0;15.18;1.19
63189;63;Laqueuille;292;255;236;47;35;55;59;14;14;5;0;5;2;0;0;37;7;19.92;14.83;23.31;25;5.93;5.93;2.12;0;2.12;0.85;0;0;12.67;2.97
63190;63;Larodde;281;213;206;16;53;65;38;6;4;20;1;2;0;1;0;68;3;7.77;25.73;31.55;18.45;2.91;1.94;9.71;0.49;0.97;0;0.49;0;24.2;1.46
63191;63;Lastic;118;91;86;21;9;27;14;1;3;6;0;2;2;1;0;27;1;24.42;10.47;31.4;16.28;1.16;3.49;6.98;0;2.33;2.33;1.16;0;22.88;1.16
63192;63;La Tour-d'Auvergne;569;464;451;68;111;116;85;13;8;42;1;5;2;0;0;105;2;15.08;24.61;25.72;18.85;2.88;1.77;9.31;0.22;1.11;0.44;0;0;18.45;0.44
63193;63;Lempdes;6426;5047;4891;911;1113;1330;721;235;88;339;47;53;44;10;0;1379;39;18.63;22.76;27.19;14.74;4.8;1.8;6.93;0.96;1.08;0.9;0.2;0;21.46;0.8
63194;63;Lempty;279;243;234;76;36;37;31;24;3;17;3;4;2;1;0;36;2;32.48;15.38;15.81;13.25;10.26;1.28;7.26;1.28;1.71;0.85;0.43;0;12.9;0.85
63195;63;Lezoux;4043;3217;3121;740;655;776;427;182;61;194;21;35;18;12;0;826;34;23.71;20.99;24.86;13.68;5.83;1.95;6.22;0.67;1.12;0.58;0.38;0;20.43;1.09
63196;63;Limons;574;474;457;150;121;72;43;17;18;22;3;3;7;1;0;100;4;32.82;26.48;15.75;9.41;3.72;3.94;4.81;0.66;0.66;1.53;0.22;0;17.42;0.88
63197;63;Lisseuil;103;88;85;25;20;18;7;3;1;6;0;2;2;1;0;15;2;29.41;23.53;21.18;8.24;3.53;1.18;7.06;0;2.35;2.35;1.18;0;14.56;2.35
63198;63;Loubeyrat;956;807;781;182;172;192;86;39;15;74;7;6;7;1;0;149;6;23.3;22.02;24.58;11.01;4.99;1.92;9.48;0.9;0.77;0.9;0.13;0;15.59;0.77
63199;63;Ludesse;352;302;289;54;68;66;41;10;8;28;1;9;3;1;0;50;6;18.69;23.53;22.84;14.19;3.46;2.77;9.69;0.35;3.11;1.04;0.35;0;14.2;2.08
63200;63;Lussat;665;551;535;118;111;137;85;32;9;29;5;3;4;2;0;114;5;22.06;20.75;25.61;15.89;5.98;1.68;5.42;0.93;0.56;0.75;0.37;0;17.14;0.93
63201;63;Luzillat;783;639;625;178;152;98;95;33;15;31;9;7;6;1;0;144;4;28.48;24.32;15.68;15.2;5.28;2.4;4.96;1.44;1.12;0.96;0.16;0;18.39;0.64
63202;63;Madriat;99;88;87;11;17;28;17;3;4;5;0;1;1;0;0;11;0;12.64;19.54;32.18;19.54;3.45;4.6;5.75;0;1.15;1.15;0;0;11.11;0
63203;63;Malauzat;871;746;727;116;138;237;121;28;11;58;5;8;3;2;0;125;6;15.96;18.98;32.6;16.64;3.85;1.51;7.98;0.69;1.1;0.41;0.28;0;14.35;0.83
63204;63;Malintrat;856;671;651;144;147;158;92;52;12;28;5;10;2;1;0;185;6;22.12;22.58;24.27;14.13;7.99;1.84;4.3;0.77;1.54;0.31;0.15;0;21.61;0.92
63205;63;Manglieu;347;286;279;58;70;54;46;9;4;25;3;6;3;1;0;61;0;20.79;25.09;19.35;16.49;3.23;1.43;8.96;1.08;2.15;1.08;0.36;0;17.58;0
63206;63;Manzat;1069;876;854;156;171;238;107;55;28;64;2;22;9;2;0;193;10;18.27;20.02;27.87;12.53;6.44;3.28;7.49;0.23;2.58;1.05;0.23;0;18.05;1.17
63207;63;Marat;712;534;522;126;101;108;77;45;18;20;12;9;4;2;0;178;6;24.14;19.35;20.69;14.75;8.62;3.45;3.83;2.3;1.72;0.77;0.38;0;25;1.15
63208;63;Marcillat;247;210;203;44;42;45;35;13;5;12;0;4;2;1;0;37;3;21.67;20.69;22.17;17.24;6.4;2.46;5.91;0;1.97;0.99;0.49;0;14.98;1.48
63209;63;Mareugheol;165;136;127;28;16;45;21;6;3;7;0;1;0;0;0;29;1;22.05;12.6;35.43;16.54;4.72;2.36;5.51;0;0.79;0;0;0;17.58;0.79
63210;63;Maringues;2040;1518;1465;395;347;287;205;72;27;96;9;14;9;4;0;522;9;26.96;23.69;19.59;13.99;4.91;1.84;6.55;0.61;0.96;0.61;0.27;0;25.59;0.61
63211;63;Marsac-en-Livradois;1156;926;881;244;148;195;118;58;42;40;9;13;12;2;0;230;11;27.7;16.8;22.13;13.39;6.58;4.77;4.54;1.02;1.48;1.36;0.23;0;19.9;1.25
63212;63;Marsat;984;856;839;80;139;249;231;48;3;64;10;7;3;5;0;128;3;9.54;16.57;29.68;27.53;5.72;0.36;7.63;1.19;0.83;0.36;0.6;0;13.01;0.36
63213;63;Les Martres-d'Artière;1533;1314;1271;315;223;311;209;72;26;80;6;15;14;0;0;219;8;24.78;17.55;24.47;16.44;5.66;2.05;6.29;0.47;1.18;1.1;0;0;14.29;0.63
63214;63;Les Martres-de-Veyre;3142;2428;2364;415;577;621;324;102;36;212;17;35;22;3;0;714;16;17.55;24.41;26.27;13.71;4.31;1.52;8.97;0.72;1.48;0.93;0.13;0;22.72;0.68
63215;63;Martres-sur-Morge;515;441;430;109;95;99;70;22;4;18;2;7;4;0;0;74;4;25.35;22.09;23.02;16.28;5.12;0.93;4.19;0.47;1.63;0.93;0;0;14.37;0.93
63216;63;Mauzun;87;76;75;7;23;21;10;3;2;8;0;1;0;0;0;11;0;9.33;30.67;28;13.33;4;2.67;10.67;0;1.33;0;0;0;12.64;0
63218;63;Mayres;178;146;143;32;15;30;30;15;4;10;1;2;2;2;0;32;0;22.38;10.49;20.98;20.98;10.49;2.8;6.99;0.7;1.4;1.4;1.4;0;17.98;0
63219;63;Mazayes;564;486;471;59;140;106;71;27;25;29;5;5;3;1;0;78;7;12.53;29.72;22.51;15.07;5.73;5.31;6.16;1.06;1.06;0.64;0.21;0;13.83;1.49
63220;63;Mazoires;120;85;84;27;4;22;21;1;5;4;0;0;0;0;0;35;0;32.14;4.76;26.19;25;1.19;5.95;4.76;0;0;0;0;0;29.17;0
63221;63;Medeyrolles;129;104;103;21;6;25;23;9;3;13;1;2;0;0;0;25;0;20.39;5.83;24.27;22.33;8.74;2.91;12.62;0.97;1.94;0;0;0;19.38;0
63222;63;Meilhaud;411;307;298;70;78;61;43;14;9;14;1;5;0;3;0;104;1;23.49;26.17;20.47;14.43;4.7;3.02;4.7;0.34;1.68;0;1.01;0;25.3;0.34
63223;63;Menat;459;360;353;70;94;76;58;12;16;18;2;5;2;0;0;99;0;19.83;26.63;21.53;16.43;3.4;4.53;5.1;0.57;1.42;0.57;0;0;21.57;0
63224;63;Ménétrol;1328;1078;1041;266;225;221;140;60;22;77;7;11;8;4;0;250;25;25.55;21.61;21.23;13.45;5.76;2.11;7.4;0.67;1.06;0.77;0.38;0;18.83;2.4
63225;63;Messeix;1001;735;701;169;151;133;98;19;16;88;1;16;8;2;0;266;14;24.11;21.54;18.97;13.98;2.71;2.28;12.55;0.14;2.28;1.14;0.29;0;26.57;2
63226;63;Mezel;1543;1311;1274;213;293;363;182;60;25;97;9;18;11;3;0;232;19;16.72;23;28.49;14.29;4.71;1.96;7.61;0.71;1.41;0.86;0.24;0;15.04;1.49
63227;63;Mirefleurs;1849;1521;1476;238;360;398;258;81;20;80;7;18;14;2;0;328;13;16.12;24.39;26.96;17.48;5.49;1.36;5.42;0.47;1.22;0.95;0.14;0;17.74;0.88
63228;63;Miremont;321;248;244;58;47;56;34;18;4;18;1;4;3;1;0;73;1;23.77;19.26;22.95;13.93;7.38;1.64;7.38;0.41;1.64;1.23;0.41;0;22.74;0.41
63229;63;Moissat;956;796;766;151;192;195;90;46;18;50;3;14;5;2;0;160;12;19.71;25.07;25.46;11.75;6.01;2.35;6.53;0.39;1.83;0.65;0.26;0;16.74;1.57
63230;63;Le Monestier;186;151;144;32;25;44;14;3;8;14;1;2;1;0;0;35;1;22.22;17.36;30.56;9.72;2.08;5.56;9.72;0.69;1.39;0.69;0;0;18.82;0.69
63231;63;La Monnerie-le-Montel;1110;803;766;193;147;174;117;32;20;51;12;13;6;1;0;307;9;25.2;19.19;22.72;15.27;4.18;2.61;6.66;1.57;1.7;0.78;0.13;0;27.66;1.17
63232;63;Mons;368;311;304;106;65;51;30;19;6;15;2;6;2;2;0;57;2;34.87;21.38;16.78;9.87;6.25;1.97;4.93;0.66;1.97;0.66;0.66;0;15.49;0.66
63233;63;Montaigut;772;581;552;117;121;118;92;19;9;52;2;13;9;0;0;191;9;21.2;21.92;21.38;16.67;3.44;1.63;9.42;0.36;2.36;1.63;0;0;24.74;1.63
63234;63;Montaigut-le-Blanc;662;555;534;97;166;127;46;26;20;33;4;6;7;2;0;107;3;18.16;31.09;23.78;8.61;4.87;3.75;6.18;0.75;1.12;1.31;0.37;0;16.16;0.56
63235;63;Montcel;389;322;312;39;88;95;39;13;6;17;5;5;5;0;0;67;2;12.5;28.21;30.45;12.5;4.17;1.92;5.45;1.6;1.6;1.6;0;0;17.22;0.64
63236;63;Mont-Dore;1154;858;837;161;120;222;203;44;20;32;5;14;10;6;0;296;4;19.24;14.34;26.52;24.25;5.26;2.39;3.82;0.6;1.67;1.19;0.72;0;25.65;0.48
63237;63;Montel-de-Gelat;400;320;304;73;42;77;71;17;9;9;2;2;2;0;0;80;1;24.01;13.82;25.33;23.36;5.59;2.96;2.96;0.66;0.66;0.66;0;0;20;0.33
63238;63;Montfermy;180;148;146;44;23;32;25;5;2;10;1;4;0;0;0;32;1;30.14;15.75;21.92;17.12;3.42;1.37;6.85;0.68;2.74;0;0;0;17.78;0.68
63239;63;Montmorin;564;488;472;85;152;114;57;18;5;26;2;10;3;0;0;76;7;18.01;32.2;24.15;12.08;3.81;1.06;5.51;0.42;2.12;0.64;0;0;13.48;1.48
63240;63;Montpensier;340;293;282;64;42;78;52;17;4;14;2;2;5;2;0;47;1;22.7;14.89;27.66;18.44;6.03;1.42;4.96;0.71;0.71;1.77;0.71;0;13.82;0.35
63241;63;Montpeyroux;314;278;276;36;44;80;70;15;9;19;1;2;0;0;0;36;0;13.04;15.94;28.99;25.36;5.43;3.26;6.88;0.36;0.72;0;0;0;11.46;0
63242;63;Moriat;325;274;262;66;59;57;23;20;15;15;2;2;3;0;0;51;7;25.19;22.52;21.76;8.78;7.63;5.73;5.73;0.76;0.76;1.15;0;0;15.69;2.67
63243;63;Moureuille;258;213;204;59;41;37;38;14;4;5;3;2;1;0;0;45;3;28.92;20.1;18.14;18.63;6.86;1.96;2.45;1.47;0.98;0.49;0;0;17.44;1.47
63244;63;Chambaron-sur-Morge;1180;1001;973;221;202;264;127;44;14;62;13;20;4;2;0;179;7;22.71;20.76;27.13;13.05;4.52;1.44;6.37;1.34;2.06;0.41;0.21;0;15.17;0.72
63245;63;Mozac;2954;2471;2389;357;520;721;409;116;31;180;17;19;16;3;0;483;25;14.94;21.77;30.18;17.12;4.86;1.3;7.53;0.71;0.8;0.67;0.13;0;16.35;1.05
63246;63;Murat-le-Quaire;439;375;366;69;87;93;50;19;8;31;1;5;2;1;0;64;2;18.85;23.77;25.41;13.66;5.19;2.19;8.47;0.27;1.37;0.55;0.27;0;14.58;0.55
63247;63;Murol;499;420;403;77;64;92;97;28;18;16;1;4;3;3;0;79;4;19.11;15.88;22.83;24.07;6.95;4.47;3.97;0.25;0.99;0.74;0.74;0;15.83;0.99
63248;63;Nébouzat;616;540;521;82;103;145;96;20;17;41;4;5;5;3;0;76;2;15.74;19.77;27.83;18.43;3.84;3.26;7.87;0.77;0.96;0.96;0.58;0;12.34;0.38
63249;63;Néronde-sur-Dore;405;332;322;73;62;84;52;9;6;26;1;5;4;0;0;73;3;22.67;19.25;26.09;16.15;2.8;1.86;8.07;0.31;1.55;1.24;0;0;18.02;0.93
63250;63;Neschers;646;525;506;111;161;86;64;17;6;50;3;6;2;0;0;121;4;21.94;31.82;17;12.65;3.36;1.19;9.88;0.59;1.19;0.4;0;0;18.73;0.79
63251;63;Neuf-Eglise;245;197;188;36;74;41;13;6;5;5;0;3;5;0;0;48;1;19.15;39.36;21.81;6.91;3.19;2.66;2.66;0;1.6;2.66;0;0;19.59;0.53
63252;63;Neuville;323;280;271;66;64;57;46;6;8;17;2;3;1;1;0;43;3;24.35;23.62;21.03;16.97;2.21;2.95;6.27;0.74;1.11;0.37;0.37;0;13.31;1.11
63253;63;Noalhat;177;145;141;56;33;24;12;2;5;4;1;4;0;0;0;32;1;39.72;23.4;17.02;8.51;1.42;3.55;2.84;0.71;2.84;0;0;0;18.08;0.71
63254;63;Nohanent;1727;1442;1395;215;318;435;221;74;19;76;10;18;5;4;0;285;9;15.41;22.8;31.18;15.84;5.3;1.36;5.45;0.72;1.29;0.36;0.29;0;16.5;0.65
63255;63;Nonette-Orsonette;417;345;338;55;82;78;50;18;10;29;6;5;4;1;0;72;1;16.27;24.26;23.08;14.79;5.33;2.96;8.58;1.78;1.48;1.18;0.3;0;17.27;0.3
63256;63;Novacelles;138;99;96;24;12;22;27;2;4;4;1;0;0;0;0;39;1;25;12.5;22.92;28.13;2.08;4.17;4.17;1.04;0;0;0;0;28.26;1.04
63257;63;Olby;579;518;501;92;127;114;76;14;10;46;0;9;12;1;0;61;3;18.36;25.35;22.75;15.17;2.79;2;9.18;0;1.8;2.4;0.2;0;10.54;0.6
63258;63;Olliergues;605;462;447;113;87;86;86;22;20;24;2;4;3;0;0;143;3;25.28;19.46;19.24;19.24;4.92;4.47;5.37;0.45;0.89;0.67;0;0;23.64;0.67
63259;63;Olloix;247;210;199;19;69;41;29;16;2;15;2;2;3;1;0;37;6;9.55;34.67;20.6;14.57;8.04;1.01;7.54;1.01;1.01;1.51;0.5;0;14.98;3.02
63260;63;Olmet;163;129;123;29;27;25;11;4;11;13;0;2;1;0;0;34;0;23.58;21.95;20.33;8.94;3.25;8.94;10.57;0;1.63;0.81;0;0;20.86;0
63261;63;Orbeil;719;597;573;96;132;149;83;33;17;45;3;11;3;1;0;122;8;16.75;23.04;26;14.49;5.76;2.97;7.85;0.52;1.92;0.52;0.17;0;16.97;1.4
63262;63;Orcet;2217;1837;1774;277;383;543;283;76;31;139;7;20;13;2;0;380;20;15.61;21.59;30.61;15.95;4.28;1.75;7.84;0.39;1.13;0.73;0.11;0;17.14;1.13
63263;63;Orcines;2848;2435;2381;296;414;759;557;118;46;148;16;13;6;8;0;413;13;12.43;17.39;31.88;23.39;4.96;1.93;6.22;0.67;0.55;0.25;0.34;0;14.5;0.55
63264;63;Orcival;197;168;162;32;28;20;43;9;17;10;1;2;0;0;0;29;1;19.75;17.28;12.35;26.54;5.56;10.49;6.17;0.62;1.23;0;0;0;14.72;0.62
63265;63;Orléat;1785;1434;1386;340;234;319;266;85;26;83;4;21;4;4;0;351;13;24.53;16.88;23.02;19.19;6.13;1.88;5.99;0.29;1.52;0.29;0.29;0;19.66;0.94
63267;63;Palladuc;426;367;353;109;71;65;59;13;11;14;2;4;2;3;0;59;5;30.88;20.11;18.41;16.71;3.68;3.12;3.97;0.57;1.13;0.57;0.85;0;13.85;1.42
63268;63;Pardines;232;196;185;36;41;41;31;4;5;16;3;5;3;0;0;36;2;19.46;22.16;22.16;16.76;2.16;2.7;8.65;1.62;2.7;1.62;0;0;15.52;1.08
63269;63;Parent;669;564;551;82;132;176;60;23;10;48;2;13;3;2;0;105;3;14.88;23.96;31.94;10.89;4.17;1.81;8.71;0.36;2.36;0.54;0.36;0;15.7;0.54
63270;63;Parentignat;435;369;354;65;73;108;38;21;11;21;3;6;7;1;0;66;5;18.36;20.62;30.51;10.73;5.93;3.11;5.93;0.85;1.69;1.98;0.28;0;15.17;1.41
63271;63;Paslières;1168;948;916;207;272;211;95;31;30;43;5;10;12;0;0;220;12;22.6;29.69;23.03;10.37;3.38;3.28;4.69;0.55;1.09;1.31;0;0;18.84;1.31
63272;63;Pérignat-lès-Sarliève;2270;1856;1810;225;309;596;447;79;23;88;17;10;12;4;0;414;12;12.43;17.07;32.93;24.7;4.36;1.27;4.86;0.94;0.55;0.66;0.22;0;18.24;0.66
63273;63;Pérignat-sur-Allier;1292;1091;1062;182;253;339;138;44;20;49;6;18;9;4;0;201;5;17.14;23.82;31.92;12.99;4.14;1.88;4.61;0.56;1.69;0.85;0.38;0;15.56;0.47
63274;63;Perpezat;329;267;253;42;35;53;69;17;17;13;0;3;2;2;0;62;6;16.6;13.83;20.95;27.27;6.72;6.72;5.14;0;1.19;0.79;0.79;0;18.84;2.37
63275;63;Perrier;668;547;521;82;112;146;95;27;10;33;3;7;3;3;0;121;4;15.74;21.5;28.02;18.23;5.18;1.92;6.33;0.58;1.34;0.58;0.58;0;18.11;0.77
63276;63;Peschadoires;1868;1441;1386;283;272;378;209;74;28;97;15;20;8;2;0;427;17;20.42;19.62;27.27;15.08;5.34;2.02;7;1.08;1.44;0.58;0.14;0;22.86;1.23
63277;63;Peslières;66;52;52;8;11;13;9;5;3;1;1;1;0;0;0;14;0;15.38;21.15;25;17.31;9.62;5.77;1.92;1.92;1.92;0;0;0;21.21;0
63278;63;Pessat-Villeneuve;481;411;402;80;74;102;68;30;3;31;3;4;6;1;0;70;1;19.9;18.41;25.37;16.92;7.46;0.75;7.71;0.75;1;1.49;0.25;0;14.55;0.25
63279;63;Picherande;326;247;235;30;41;59;49;11;30;6;1;2;5;1;0;79;5;12.77;17.45;25.11;20.85;4.68;12.77;2.55;0.43;0.85;2.13;0.43;0;24.23;2.13
63280;63;Pignols;254;211;209;34;61;65;22;8;6;10;1;1;1;0;0;43;1;16.27;29.19;31.1;10.53;3.83;2.87;4.78;0.48;0.48;0.48;0;0;16.93;0.48
63281;63;Pionsat;713;570;549;103;106;145;99;27;7;45;3;6;6;2;0;143;9;18.76;19.31;26.41;18.03;4.92;1.28;8.2;0.55;1.09;1.09;0.36;0;20.06;1.64
63282;63;Plauzat;1230;1018;986;155;275;246;98;62;23;84;10;20;10;3;0;212;3;15.72;27.89;24.95;9.94;6.29;2.33;8.52;1.01;2.03;1.01;0.3;0;17.24;0.3
63283;63;Pontaumur;504;391;385;85;62;107;73;23;6;18;2;7;2;0;0;113;3;22.08;16.1;27.79;18.96;5.97;1.56;4.68;0.52;1.82;0.52;0;0;22.42;0.78
63284;63;Pont-du-Château;7932;6514;6351;1259;1298;1793;1031;305;105;400;36;69;45;10;0;1418;49;19.82;20.44;28.23;16.23;4.8;1.65;6.3;0.57;1.09;0.71;0.16;0;17.88;0.77
63285;63;Pontgibaud;502;406;395;65;88;108;58;7;14;42;3;7;2;1;0;96;4;16.46;22.28;27.34;14.68;1.77;3.54;10.63;0.76;1.77;0.51;0.25;0;19.12;1.01
63286;63;Pouzol;226;176;170;30;30;45;42;7;11;2;2;1;0;0;0;50;3;17.65;17.65;26.47;24.71;4.12;6.47;1.18;1.18;0.59;0;0;0;22.12;1.76
63287;63;Les Pradeaux;240;201;199;34;50;42;34;7;4;15;2;8;3;0;0;39;0;17.09;25.13;21.11;17.09;3.52;2.01;7.54;1.01;4.02;1.51;0;0;16.25;0
63288;63;Prompsat;344;301;297;52;87;70;44;9;3;23;1;5;1;2;0;43;1;17.51;29.29;23.57;14.81;3.03;1.01;7.74;0.34;1.68;0.34;0.67;0;12.5;0.34
63289;63;Prondines;257;214;211;36;41;55;17;10;19;25;3;3;1;1;0;43;1;17.06;19.43;26.07;8.06;4.74;9;11.85;1.42;1.42;0.47;0.47;0;16.73;0.47
63290;63;Pulvérières;319;258;248;50;67;48;41;9;6;22;0;3;2;0;0;61;5;20.16;27.02;19.35;16.53;3.63;2.42;8.87;0;1.21;0.81;0;0;19.12;2.02
63291;63;Puy-Guillaume;2102;1684;1604;432;360;373;207;70;32;78;9;28;10;5;0;418;35;26.93;22.44;23.25;12.91;4.36;2;4.86;0.56;1.75;0.62;0.31;0;19.89;2.18
63292;63;Puy-Saint-Gulmier;132;106;96;21;14;23;13;12;5;3;1;1;2;1;0;26;4;21.88;14.58;23.96;13.54;12.5;5.21;3.13;1.04;1.04;2.08;1.04;0;19.7;4.17
63293;63;Le Quartier;190;149;144;24;32;26;18;13;12;14;1;3;1;0;0;41;3;16.67;22.22;18.06;12.5;9.03;8.33;9.72;0.69;2.08;0.69;0;0;21.58;2.08
63294;63;Queuille;222;173;168;50;59;22;16;7;2;1;1;4;6;0;0;49;2;29.76;35.12;13.1;9.52;4.17;1.19;0.6;0.6;2.38;3.57;0;0;22.07;1.19
63295;63;Randan;1020;845;814;250;151;191;111;39;21;28;1;13;6;3;0;175;8;30.71;18.55;23.46;13.64;4.79;2.58;3.44;0.12;1.6;0.74;0.37;0;17.16;0.98
63296;63;Ravel;581;476;453;95;114;108;42;17;17;39;4;11;6;0;0;105;5;20.97;25.17;23.84;9.27;3.75;3.75;8.61;0.88;2.43;1.32;0;0;18.07;1.1
63297;63;Reignat;286;237;231;52;49;57;21;13;6;18;3;10;2;0;0;49;1;22.51;21.21;24.68;9.09;5.63;2.6;7.79;1.3;4.33;0.87;0;0;17.13;0.43
63298;63;La Renaudie;129;110;106;20;37;18;10;2;7;5;2;3;1;1;0;19;2;18.87;34.91;16.98;9.43;1.89;6.6;4.72;1.89;2.83;0.94;0.94;0;14.73;1.89
63299;63;Rentières;99;75;73;17;11;11;24;3;4;3;0;0;0;0;0;24;1;23.29;15.07;15.07;32.88;4.11;5.48;4.11;0;0;0;0;0;24.24;1.37
63300;63;Riom;11974;9409;9179;1388;2087;2567;1582;372;118;801;84;112;46;22;0;2565;74;15.12;22.74;27.97;17.23;4.05;1.29;8.73;0.92;1.22;0.5;0.24;0;21.42;0.81
63301;63;Ris;596;492;464;142;117;84;60;14;8;23;6;4;6;0;0;104;7;30.6;25.22;18.1;12.93;3.02;1.72;4.96;1.29;0.86;1.29;0;0;17.45;1.51
63302;63;La Roche-Blanche;2543;2137;2090;264;393;726;398;70;44;140;17;24;8;6;0;406;11;12.63;18.8;34.74;19.04;3.35;2.11;6.7;0.81;1.15;0.38;0.29;0;15.97;0.53
63303;63;Roche-Charles-la-Mayrand;60;38;38;5;3;5;19;0;2;3;0;1;0;0;0;22;0;13.16;7.89;13.16;50;0;5.26;7.89;0;2.63;0;0;0;36.67;0
63304;63;Roche-d'Agoux;97;81;78;16;22;17;13;1;2;4;1;0;2;0;0;16;0;20.51;28.21;21.79;16.67;1.28;2.56;5.13;1.28;0;2.56;0;0;16.49;0
63305;63;Rochefort-Montagne;561;473;461;52;90;170;73;26;10;27;2;5;3;3;0;88;3;11.28;19.52;36.88;15.84;5.64;2.17;5.86;0.43;1.08;0.65;0.65;0;15.69;0.65
63306;63;La Roche-Noire;506;437;426;74;88;133;60;25;10;19;5;7;2;3;0;69;4;17.37;20.66;31.22;14.08;5.87;2.35;4.46;1.17;1.64;0.47;0.7;0;13.64;0.94
63307;63;Romagnat;6026;4995;4859;613;965;1618;881;195;83;383;24;58;30;9;0;1031;28;12.62;19.86;33.3;18.13;4.01;1.71;7.88;0.49;1.19;0.62;0.19;0;17.11;0.58
63308;63;Royat;3545;2826;2769;288;438;970;710;92;32;186;14;22;9;8;0;719;7;10.4;15.82;35.03;25.64;3.32;1.16;6.72;0.51;0.79;0.33;0.29;0;20.28;0.25
63309;63;Saillant;301;256;246;80;35;58;39;10;2;15;4;1;2;0;0;45;5;32.52;14.23;23.58;15.85;4.07;0.81;6.1;1.63;0.41;0.81;0;0;14.95;2.03
63310;63;Sainte-Agathe;180;141;133;17;39;30;13;11;12;2;7;1;1;0;0;39;5;12.78;29.32;22.56;9.77;8.27;9.02;1.5;5.26;0.75;0.75;0;0;21.67;3.76
63311;63;Saint-Agoulin;257;219;216;52;49;37;27;14;9;16;2;5;3;2;0;38;3;24.07;22.69;17.13;12.5;6.48;4.17;7.41;0.93;2.31;1.39;0.93;0;14.79;1.39
63312;63;Saint-Alyre-d'Arlanc;191;136;126;30;30;30;19;2;4;4;3;1;3;0;0;55;6;23.81;23.81;23.81;15.08;1.59;3.17;3.17;2.38;0.79;2.38;0;0;28.8;4.76
63313;63;Saint-Alyre-ès-Montagne;154;97;95;17;6;13;44;8;3;2;0;2;0;0;0;57;1;17.89;6.32;13.68;46.32;8.42;3.16;2.11;0;2.11;0;0;0;37.01;1.05
63314;63;Saint-Amant-Roche-Savine;451;352;344;56;105;70;38;10;26;21;3;13;2;0;0;99;6;16.28;30.52;20.35;11.05;2.91;7.56;6.1;0.87;3.78;0.58;0;0;21.95;1.74
63315;63;Saint-Amant-Tallende;1266;1049;1024;136;221;327;168;42;12;84;9;12;10;3;0;217;6;13.28;21.58;31.93;16.41;4.1;1.17;8.2;0.88;1.17;0.98;0.29;0;17.14;0.59
63317;63;Saint-André-le-Coq;414;338;327;74;69;96;51;11;7;7;3;6;3;0;0;76;1;22.63;21.1;29.36;15.6;3.36;2.14;2.14;0.92;1.83;0.92;0;0;18.36;0.31
63318;63;Saint-Angel;375;309;299;54;81;80;15;12;5;41;4;4;3;0;0;66;3;18.06;27.09;26.76;5.02;4.01;1.67;13.71;1.34;1.34;1;0;0;17.6;1
63319;63;Saint-Anthème;796;616;598;148;65;134;131;40;21;38;6;11;2;2;0;180;7;24.75;10.87;22.41;21.91;6.69;3.51;6.35;1;1.84;0.33;0.33;0;22.61;1.17
63320;63;Saint-Avit;223;168;163;32;18;38;44;13;4;8;2;2;1;1;0;55;1;19.63;11.04;23.31;26.99;7.98;2.45;4.91;1.23;1.23;0.61;0.61;0;24.66;0.61
63321;63;Saint-Babel;771;635;621;115;140;163;75;40;10;56;5;12;5;0;0;136;2;18.52;22.54;26.25;12.08;6.44;1.61;9.02;0.81;1.93;0.81;0;0;17.64;0.32
63322;63;Saint-Beauzire;1568;1320;1282;255;239;387;200;67;22;77;11;12;10;2;0;248;15;19.89;18.64;30.19;15.6;5.23;1.72;6.01;0.86;0.94;0.78;0.16;0;15.82;1.17
63323;63;Saint-Bonnet-le-Bourg;181;141;132;27;25;36;23;4;6;7;0;1;3;0;0;40;3;20.45;18.94;27.27;17.42;3.03;4.55;5.3;0;0.76;2.27;0;0;22.1;2.27
63324;63;Saint-Bonnet-le-Chastel;253;188;183;46;34;46;29;8;8;7;1;1;1;2;0;65;2;25.14;18.58;25.14;15.85;4.37;4.37;3.83;0.55;0.55;0.55;1.09;0;25.69;1.09
63325;63;Saint-Bonnet-lès-Allier;316;289;281;55;83;50;33;24;3;24;0;5;4;0;0;27;1;19.57;29.54;17.79;11.74;8.54;1.07;8.54;0;1.78;1.42;0;0;8.54;0.36
63326;63;Saint-Bonnet-près-Orcival;390;347;332;56;69;72;66;21;15;24;2;6;1;0;0;43;8;16.87;20.78;21.69;19.88;6.33;4.52;7.23;0.6;1.81;0.3;0;0;11.03;2.41
63327;63;Saint-Bonnet-près-Riom;1604;1361;1317;230;252;388;198;60;28;125;3;23;9;1;0;243;6;17.46;19.13;29.46;15.03;4.56;2.13;9.49;0.23;1.75;0.68;0.08;0;15.15;0.46
63328;63;Sainte-Catherine;78;57;55;12;11;9;11;3;2;2;2;2;1;0;0;21;0;21.82;20;16.36;20;5.45;3.64;3.64;3.64;3.64;1.82;0;0;26.92;0
63329;63;Sainte-Christine;129;108;105;12;33;28;9;5;7;10;0;0;1;0;0;21;0;11.43;31.43;26.67;8.57;4.76;6.67;9.52;0;0;0.95;0;0;16.28;0
63330;63;Saint-Cirgues-sur-Couze;271;219;205;48;45;40;31;12;5;15;2;4;2;1;0;52;5;23.41;21.95;19.51;15.12;5.85;2.44;7.32;0.98;1.95;0.98;0.49;0;19.19;2.44
63331;63;Saint-Clément-de-Valorgue;240;183;172;39;20;38;43;13;5;7;0;1;6;0;0;57;2;22.67;11.63;22.09;25;7.56;2.91;4.07;0;0.58;3.49;0;0;23.75;1.16
63332;63;Saint-Clément-de-Régnat;467;379;364;80;74;79;75;16;10;16;5;8;0;1;0;88;6;21.98;20.33;21.7;20.6;4.4;2.75;4.4;1.37;2.2;0;0.27;0;18.84;1.65
63333;63;Saint-Denis-Combarnazat;193;155;153;41;23;35;22;14;3;2;0;9;4;0;0;38;0;26.8;15.03;22.88;14.38;9.15;1.96;1.31;0;5.88;2.61;0;0;19.69;0
63334;63;Saint-Dier-d'Auvergne;467;387;364;87;78;77;47;22;10;35;2;4;2;0;0;80;10;23.9;21.43;21.15;12.91;6.04;2.75;9.62;0.55;1.1;0.55;0;0;17.13;2.75
63335;63;Saint-Diéry;356;272;260;56;52;51;46;7;12;28;3;2;2;1;0;84;4;21.54;20;19.62;17.69;2.69;4.62;10.77;1.15;0.77;0.77;0.38;0;23.6;1.54
63336;63;Saint-Donat;227;161;155;26;23;35;48;3;6;4;1;4;4;1;0;66;1;16.77;14.84;22.58;30.97;1.94;3.87;2.58;0.65;2.58;2.58;0.65;0;29.07;0.65
63337;63;Saint-Eloy-la-Glacière;69;59;58;7;15;23;2;1;6;4;0;0;0;0;0;10;0;12.07;25.86;39.66;3.45;1.72;10.34;6.9;0;0;0;0;0;14.49;0
63338;63;Saint-Eloy-les-Mines;2874;2037;1961;579;408;393;313;76;35;93;10;27;22;5;0;837;38;29.53;20.81;20.04;15.96;3.88;1.78;4.74;0.51;1.38;1.12;0.25;0;29.12;1.94
63339;63;Saint-Etienne-des-Champs;116;88;84;17;13;26;13;3;3;7;0;2;0;0;0;28;1;20.24;15.48;30.95;15.48;3.57;3.57;8.33;0;2.38;0;0;0;24.14;1.19
63340;63;Saint-Etienne-sur-Usson;247;205;197;34;40;46;37;14;7;14;1;3;0;1;0;42;4;17.26;20.3;23.35;18.78;7.11;3.55;7.11;0.51;1.52;0;0.51;0;17;2.03
63341;63;Saint-Ferréol-des-Côtes;461;389;374;76;63;104;64;21;27;15;2;2;0;0;0;72;6;20.32;16.84;27.81;17.11;5.61;7.22;4.01;0.53;0.53;0;0;0;15.62;1.6
63342;63;Saint-Floret;222;175;169;45;41;36;19;7;4;12;2;1;0;2;0;47;0;26.63;24.26;21.3;11.24;4.14;2.37;7.1;1.18;0.59;0;1.18;0;21.17;0
63343;63;Saint-Flour;243;204;196;44;45;40;35;10;5;9;2;5;1;0;0;39;3;22.45;22.96;20.41;17.86;5.1;2.55;4.59;1.02;2.55;0.51;0;0;16.05;1.53
63344;63;Saint-Gal-sur-Sioule;143;117;113;25;22;30;15;7;2;5;0;4;3;0;0;26;2;22.12;19.47;26.55;13.27;6.19;1.77;4.42;0;3.54;2.65;0;0;18.18;1.77
63345;63;Saint-Genès-Champanelle;2860;2447;2391;301;496;758;392;94;46;226;18;32;19;9;0;413;20;12.59;20.74;31.7;16.39;3.93;1.92;9.45;0.75;1.34;0.79;0.38;0;14.44;0.84
63346;63;Saint-Genès-Champespe;255;200;196;36;17;51;59;11;10;6;0;3;3;0;0;55;2;18.37;8.67;26.02;30.1;5.61;5.1;3.06;0;1.53;1.53;0;0;21.57;1.02
63347;63;Saint-Genès-du-Retz;408;354;339;78;71;82;54;15;7;20;2;6;2;2;0;54;7;23.01;20.94;24.19;15.93;4.42;2.06;5.9;0.59;1.77;0.59;0.59;0;13.24;2.06
63348;63;Saint-Genès-la-Tourette;178;135;133;26;36;35;15;3;7;6;0;3;2;0;0;43;0;19.55;27.07;26.32;11.28;2.26;5.26;4.51;0;2.26;1.5;0;0;24.16;0
63349;63;Saint-Georges-de-Mons;1571;1197;1158;193;292;313;140;47;30;89;6;31;15;2;0;374;12;16.67;25.22;27.03;12.09;4.06;2.59;7.69;0.52;2.68;1.3;0.17;0;23.81;1.04
63350;63;Saint-Georges-sur-Allier;977;824;803;167;173;234;96;46;13;53;2;11;6;2;0;153;2;20.8;21.54;29.14;11.96;5.73;1.62;6.6;0.25;1.37;0.75;0.25;0;15.66;0.25
63351;63;Saint-Germain-près-Herment;84;60;56;8;15;18;4;3;5;3;0;0;0;0;0;24;2;14.29;26.79;32.14;7.14;5.36;8.93;5.36;0;0;0;0;0;28.57;3.57
63352;63;Saint-Germain-Lembron;1335;1071;1029;175;281;273;116;52;23;72;6;17;12;2;0;264;7;17.01;27.31;26.53;11.27;5.05;2.24;7;0.58;1.65;1.17;0.19;0;19.78;0.68
63353;63;Saint-Germain-l'Herm;470;371;362;73;82;98;41;18;13;23;7;5;2;0;0;99;1;20.17;22.65;27.07;11.33;4.97;3.59;6.35;1.93;1.38;0.55;0;0;21.06;0.28
63354;63;Saint-Gervais-d'Auvergne;1008;789;749;132;208;151;121;35;20;55;6;12;8;1;0;219;11;17.62;27.77;20.16;16.15;4.67;2.67;7.34;0.8;1.6;1.07;0.13;0;21.73;1.47
63355;63;Saint-Gervais-sous-Meymont;210;168;161;45;52;29;15;0;7;4;6;2;1;0;0;42;4;27.95;32.3;18.01;9.32;0;4.35;2.48;3.73;1.24;0.62;0;0;20;2.48
63356;63;Saint-Gervazy;239;201;192;31;31;41;34;9;16;23;1;5;0;1;0;38;1;16.15;16.15;21.35;17.71;4.69;8.33;11.98;0.52;2.6;0;0.52;0;15.9;0.52
63357;63;Saint-Hérent;102;77;77;15;14;17;21;2;4;2;0;1;1;0;0;25;0;19.48;18.18;22.08;27.27;2.6;5.19;2.6;0;1.3;1.3;0;0;24.51;0
63358;63;Saint-Hilaire-la-Croix;291;240;229;46;70;50;34;6;3;16;0;2;1;1;0;51;1;20.09;30.57;21.83;14.85;2.62;1.31;6.99;0;0.87;0.44;0.44;0;17.53;0.44
63359;63;Saint-Hilaire-les-Monges;96;75;68;15;13;8;19;7;2;2;1;1;0;0;0;21;4;22.06;19.12;11.76;27.94;10.29;2.94;2.94;1.47;1.47;0;0;0;21.88;5.88
63360;63;Saint-Hilaire;180;129;125;19;37;20;24;6;3;11;0;2;3;0;0;51;0;15.2;29.6;16;19.2;4.8;2.4;8.8;0;1.6;2.4;0;0;28.33;0
63362;63;Saint-Ignat;689;574;551;131;108;143;89;22;7;36;4;5;5;1;0;115;6;23.77;19.6;25.95;16.15;3.99;1.27;6.53;0.73;0.91;0.91;0.18;0;16.69;1.09
63363;63;Saint-Jacques-d'Ambur;272;230;225;48;52;36;41;15;15;12;0;4;1;1;0;42;3;21.33;23.11;16;18.22;6.67;6.67;5.33;0;1.78;0.44;0.44;0;15.44;1.33
63364;63;Saint-Jean-d'Heurs;381;316;306;82;69;73;38;13;6;20;0;3;1;1;0;65;1;26.8;22.55;23.86;12.42;4.25;1.96;6.54;0;0.98;0.33;0.33;0;17.06;0.33
63365;63;Saint-Jean-des-Ollières;350;279;271;60;86;64;32;5;10;10;1;2;1;0;0;71;1;22.14;31.73;23.62;11.81;1.85;3.69;3.69;0.37;0.74;0.37;0;0;20.29;0.37
63366;63;Saint-Jean-en-Val;282;243;233;43;54;56;34;9;7;22;1;2;4;1;0;39;4;18.45;23.18;24.03;14.59;3.86;3;9.44;0.43;0.86;1.72;0.43;0;13.83;1.72
63367;63;Saint-Jean-Saint-Gervais;109;85;80;14;18;29;8;4;1;5;0;0;1;0;0;24;2;17.5;22.5;36.25;10;5;1.25;6.25;0;0;1.25;0;0;22.02;2.5
63368;63;Saint-Julien-de-Coppel;933;796;761;169;175;179;100;41;22;51;2;19;3;0;0;137;10;22.21;23;23.52;13.14;5.39;2.89;6.7;0.26;2.5;0.39;0;0;14.68;1.31
63369;63;Saint-Julien-la-Geneste;121;99;98;22;21;9;20;9;6;11;0;0;0;0;0;22;0;22.45;21.43;9.18;20.41;9.18;6.12;11.22;0;0;0;0;0;18.18;0
63370;63;Saint-Julien-Puy-Lavèze;310;251;238;57;42;60;44;13;5;9;3;3;2;0;0;59;8;23.95;17.65;25.21;18.49;5.46;2.1;3.78;1.26;1.26;0.84;0;0;19.03;3.36
63371;63;Saint-Just;187;147;144;28;25;47;19;5;8;4;0;2;5;1;0;40;1;19.44;17.36;32.64;13.19;3.47;5.56;2.78;0;1.39;3.47;0.69;0;21.39;0.69
63372;63;Saint-Laure;412;357;339;84;68;94;35;18;8;22;4;3;1;2;0;55;6;24.78;20.06;27.73;10.32;5.31;2.36;6.49;1.18;0.88;0.29;0.59;0;13.35;1.77
63373;63;Saint-Maigner;164;140;138;16;28;26;20;17;6;20;0;4;0;1;0;24;0;11.59;20.29;18.84;14.49;12.32;4.35;14.49;0;2.9;0;0.72;0;14.63;0
63374;63;Saint-Martin-des-Olmes;248;213;204;62;39;35;28;9;9;12;5;4;1;0;0;35;2;30.39;19.12;17.16;13.73;4.41;4.41;5.88;2.45;1.96;0.49;0;0;14.11;0.98
63375;63;Saint-Martin-des-Plains;108;92;91;21;15;18;15;10;3;6;2;1;0;0;0;16;0;23.08;16.48;19.78;16.48;10.99;3.3;6.59;2.2;1.1;0;0;0;14.81;0
63376;63;Saint-Martin-d'Ollières;140;109;107;24;23;28;20;5;0;4;0;2;1;0;0;31;0;22.43;21.5;26.17;18.69;4.67;0;3.74;0;1.87;0.93;0;0;22.14;0
63377;63;Saint-Maurice-près-Pionsat;334;257;246;61;52;57;28;12;3;18;7;4;4;0;0;77;1;24.8;21.14;23.17;11.38;4.88;1.22;7.32;2.85;1.63;1.63;0;0;23.05;0.41
63378;63;Saint-Maurice;688;597;575;90;147;160;68;36;14;43;5;9;2;1;0;91;3;15.65;25.57;27.83;11.83;6.26;2.43;7.48;0.87;1.57;0.35;0.17;0;13.23;0.52
63379;63;Saint-Myon;385;319;310;65;57;80;48;28;10;12;1;3;4;2;0;66;2;20.97;18.39;25.81;15.48;9.03;3.23;3.87;0.32;0.97;1.29;0.65;0;17.14;0.65
63380;63;Saint-Nectaire;615;488;467;94;101;109;86;23;16;24;2;7;3;2;0;127;7;20.13;21.63;23.34;18.42;4.93;3.43;5.14;0.43;1.5;0.64;0.43;0;20.65;1.5
63381;63;Saint-Ours;1272;1034;1003;218;225;194;146;77;27;80;11;15;9;1;0;238;8;21.73;22.43;19.34;14.56;7.68;2.69;7.98;1.1;1.5;0.9;0.1;0;18.71;0.8
63382;63;Saint-Pardoux;346;283;276;42;73;74;41;9;6;18;5;5;3;0;0;63;2;15.22;26.45;26.81;14.86;3.26;2.17;6.52;1.81;1.81;1.09;0;0;18.21;0.72
63383;63;Saint-Pierre-Colamine;218;168;157;40;43;25;18;7;7;13;1;2;1;0;0;50;5;25.48;27.39;15.92;11.46;4.46;4.46;8.28;0.64;1.27;0.64;0;0;22.94;3.18
63384;63;Saint-Pierre-la-Bourlhonne;135;115;110;19;25;24;18;11;4;4;2;2;1;0;0;20;3;17.27;22.73;21.82;16.36;10;3.64;3.64;1.82;1.82;0.91;0;0;14.81;2.73
63385;63;Saint-Pierre-le-Chastel;324;265;258;63;55;53;58;5;4;15;1;3;0;1;0;59;3;24.42;21.32;20.54;22.48;1.94;1.55;5.81;0.39;1.16;0;0.39;0;18.21;1.16
63386;63;Saint-Pierre-Roche;337;280;273;38;55;65;66;7;11;21;1;8;0;1;0;57;1;13.92;20.15;23.81;24.18;2.56;4.03;7.69;0.37;2.93;0;0.37;0;16.91;0.37
63387;63;Saint-Priest-Bramefant;714;573;547;154;101;133;80;28;8;27;4;6;6;0;0;141;3;28.15;18.46;24.31;14.63;5.12;1.46;4.94;0.73;1.1;1.1;0;0;19.75;0.55
63388;63;Saint-Priest-des-Champs;585;454;436;94;81;123;69;16;9;31;3;7;2;1;0;131;2;21.56;18.58;28.21;15.83;3.67;2.06;7.11;0.69;1.61;0.46;0.23;0;22.39;0.46
63389;63;Saint-Quentin-sur-Sauxillanges;92;72;67;7;20;16;11;3;2;6;0;1;0;1;0;20;0;10.45;29.85;23.88;16.42;4.48;2.99;8.96;0;1.49;0;1.49;0;21.74;0
63390;63;Saint-Quintin-sur-Sioule;301;253;249;49;63;59;45;19;1;7;1;4;1;0;0;48;1;19.68;25.3;23.69;18.07;7.63;0.4;2.81;0.4;1.61;0.4;0;0;15.95;0.4
63391;63;Saint-Rémy-de-Blot;195;154;146;29;43;31;15;4;3;14;1;3;1;2;0;41;2;19.86;29.45;21.23;10.27;2.74;2.05;9.59;0.68;2.05;0.68;1.37;0;21.03;1.37
63392;63;Saint-Rémy-de-Chargnat;437;389;376;65;118;69;56;22;11;24;2;3;2;4;0;48;1;17.29;31.38;18.35;14.89;5.85;2.93;6.38;0.53;0.8;0.53;1.06;0;10.98;0.27
63393;63;Saint-Rémy-sur-Durolle;1354;1056;1025;224;170;263;217;48;22;56;6;14;4;1;0;298;8;21.85;16.59;25.66;21.17;4.68;2.15;5.46;0.59;1.37;0.39;0.1;0;22.01;0.78
63394;63;Saint-Romain;238;199;188;22;41;46;35;12;7;15;3;4;2;1;0;39;3;11.7;21.81;24.47;18.62;6.38;3.72;7.98;1.6;2.13;1.06;0.53;0;16.39;1.6
63395;63;Saint-Sandoux;616;516;492;108;116;114;61;23;13;44;2;6;4;1;0;100;2;21.95;23.58;23.17;12.4;4.67;2.64;8.94;0.41;1.22;0.81;0.2;0;16.23;0.41
63396;63;Saint-Saturnin;909;796;774;92;176;200;120;43;12;105;11;6;8;1;0;113;16;11.89;22.74;25.84;15.5;5.56;1.55;13.57;1.42;0.78;1.03;0.13;0;12.43;2.07
63397;63;Saint-Sauves-d'Auvergne;971;800;775;127;139;199;155;40;28;65;2;16;4;0;0;171;4;16.39;17.94;25.68;20;5.16;3.61;8.39;0.26;2.06;0.52;0;0;17.61;0.52
63398;63;Saint-Sauveur-la-Sagne;109;76;74;23;11;15;15;3;2;1;3;0;1;0;0;33;1;31.08;14.86;20.27;20.27;4.05;2.7;1.35;4.05;0;1.35;0;0;30.28;1.35
63399;63;Saint-Sulpice;95;77;74;12;15;18;19;2;3;3;1;0;1;0;0;18;0;16.22;20.27;24.32;25.68;2.7;4.05;4.05;1.35;0;1.35;0;0;18.95;0
63400;63;Saint-Sylvestre-Pragoulin;881;735;704;213;130;156;105;28;9;40;4;6;13;0;0;146;4;30.26;18.47;22.16;14.91;3.98;1.28;5.68;0.57;0.85;1.85;0;0;16.57;0.57
63401;63;Saint-Victor-la-Rivière;236;183;180;45;27;38;43;9;4;8;2;3;1;0;0;53;0;25;15;21.11;23.89;5;2.22;4.44;1.11;1.67;0.56;0;0;22.46;0
63402;63;Saint-Victor-Montvianeix;246;192;186;42;50;33;22;10;11;14;1;3;0;0;0;54;2;22.58;26.88;17.74;11.83;5.38;5.91;7.53;0.54;1.61;0;0;0;21.95;1.08
63403;63;Saint-Vincent;322;262;256;62;42;57;42;16;8;23;2;1;2;1;0;60;1;24.22;16.41;22.27;16.41;6.25;3.13;8.98;0.78;0.39;0.78;0.39;0;18.63;0.39
63404;63;Saint-Yvoine;404;335;325;66;59;89;46;22;12;23;2;4;2;0;0;69;4;20.31;18.15;27.38;14.15;6.77;3.69;7.08;0.62;1.23;0.62;0;0;17.08;1.23
63405;63;Sallèdes;438;382;378;89;103;69;49;13;10;26;4;7;8;0;0;56;1;23.54;27.25;18.25;12.96;3.44;2.65;6.88;1.06;1.85;2.12;0;0;12.79;0.26
63406;63;Sardon;266;235;220;41;43;49;44;16;4;15;0;5;3;0;0;31;8;18.64;19.55;22.27;20;7.27;1.82;6.82;0;2.27;1.36;0;0;11.65;3.64
63407;63;Saulzet-le-Froid;237;203;198;47;38;40;44;8;9;9;1;2;0;0;0;34;4;23.74;19.19;20.2;22.22;4.04;4.55;4.55;0.51;1.01;0;0;0;14.35;2.02
63408;63;Sauret-Besserve;164;143;141;23;50;27;12;5;5;13;1;1;2;2;0;21;0;16.31;35.46;19.15;8.51;3.55;3.55;9.22;0.71;0.71;1.42;1.42;0;12.8;0
63409;63;Saurier;192;162;158;43;32;34;21;11;5;7;0;3;2;0;0;30;0;27.22;20.25;21.52;13.29;6.96;3.16;4.43;0;1.9;1.27;0;0;15.63;0
63410;63;Sauvagnat;149;121;104;19;18;26;16;5;10;2;1;5;2;0;0;28;5;18.27;17.31;25;15.38;4.81;9.62;1.92;0.96;4.81;1.92;0;0;18.79;4.81
63411;63;Sauvagnat-Sainte-Marthe;333;284;275;60;69;59;27;16;4;26;0;6;5;3;0;49;2;21.82;25.09;21.45;9.82;5.82;1.45;9.45;0;2.18;1.82;1.09;0;14.71;0.73
63412;63;Sauvessanges;500;421;405;100;51;86;113;23;5;20;1;5;1;0;0;79;9;24.69;12.59;21.23;27.9;5.68;1.23;4.94;0.25;1.23;0.25;0;0;15.8;2.22
63413;63;La Sauvetat;546;457;445;70;125;114;68;19;6;34;0;5;3;1;0;89;1;15.73;28.09;25.62;15.28;4.27;1.35;7.64;0;1.12;0.67;0.22;0;16.3;0.22
63414;63;Sauviat;437;363;351;79;76;86;52;15;10;19;4;5;4;1;0;74;2;22.51;21.65;24.5;14.81;4.27;2.85;5.41;1.14;1.42;1.14;0.28;0;16.93;0.57
63415;63;Sauxillanges;878;713;677;117;176;133;93;49;13;58;3;11;6;18;0;165;8;17.28;26;19.65;13.74;7.24;1.92;8.57;0.44;1.62;0.89;2.66;0;18.79;1.18
63416;63;Savennes;102;79;76;15;20;19;9;2;4;5;0;2;0;0;0;23;2;19.74;26.32;25;11.84;2.63;5.26;6.58;0;2.63;0;0;0;22.55;2.63
63417;63;Sayat;1946;1632;1572;244;234;506;346;77;24;100;10;20;5;6;0;314;24;15.52;14.89;32.19;22.01;4.9;1.53;6.36;0.64;1.27;0.32;0.38;0;16.14;1.53
63418;63;Sermentizon;450;376;361;68;115;71;51;11;12;18;7;4;3;1;0;74;1;18.84;31.86;19.67;14.13;3.05;3.32;4.99;1.94;1.11;0.83;0.28;0;16.44;0.28
63419;63;Servant;493;412;397;98;82;80;74;9;11;22;9;6;5;1;0;81;9;24.69;20.65;20.15;18.64;2.27;2.77;5.54;2.27;1.51;1.26;0.25;0;16.43;2.27
63420;63;Seychalles;522;428;410;114;89;97;45;20;9;24;3;6;2;1;0;94;4;27.8;21.71;23.66;10.98;4.88;2.2;5.85;0.73;1.46;0.49;0.24;0;18.01;0.98
63421;63;Singles;188;150;147;20;26;40;36;5;7;10;0;3;0;0;0;38;1;13.61;17.69;27.21;24.49;3.4;4.76;6.8;0;2.04;0;0;0;20.21;0.68
63422;63;Solignat;391;306;293;46;52;74;71;11;14;17;5;1;1;1;0;85;11;15.7;17.75;25.26;24.23;3.75;4.78;5.8;1.71;0.34;0.34;0.34;0;21.74;3.75
63423;63;Sugères;464;400;382;80;80;99;51;20;12;19;0;11;10;0;0;64;4;20.94;20.94;25.92;13.35;5.24;3.14;4.97;0;2.88;2.62;0;0;13.79;1.05
63424;63;Surat;403;333;323;101;32;82;39;24;12;24;2;7;0;0;0;70;1;31.27;9.91;25.39;12.07;7.43;3.72;7.43;0.62;2.17;0;0;0;17.37;0.31
63425;63;Tallende;1206;1021;991;162;196;315;157;50;12;70;14;10;2;3;0;185;6;16.35;19.78;31.79;15.84;5.05;1.21;7.06;1.41;1.01;0.2;0.3;0;15.34;0.61
63426;63;Tauves;727;573;552;75;100;167;108;24;22;34;2;10;7;3;0;154;6;13.59;18.12;30.25;19.57;4.35;3.99;6.16;0.36;1.81;1.27;0.54;0;21.18;1.09
63427;63;Teilhède;364;306;297;63;48;89;43;19;5;21;2;2;5;0;0;58;7;21.21;16.16;29.97;14.48;6.4;1.68;7.07;0.67;0.67;1.68;0;0;15.93;2.36
63428;63;Teilhet;240;188;169;38;34;39;27;2;10;12;0;5;2;0;0;52;7;22.49;20.12;23.08;15.98;1.18;5.92;7.1;0;2.96;1.18;0;0;21.67;4.14
63429;63;Ternant-les-Eaux;36;33;32;7;12;0;4;6;2;1;0;0;0;0;0;3;0;21.88;37.5;0;12.5;18.75;6.25;3.13;0;0;0;0;0;8.33;0
63430;63;Thiers;7989;5933;5739;1218;1443;1382;798;224;109;368;55;85;53;4;0;2056;65;21.22;25.14;24.08;13.9;3.9;1.9;6.41;0.96;1.48;0.92;0.07;0;25.74;1.13
63431;63;Thiolières;136;110;106;46;16;14;10;4;5;8;0;2;1;0;0;26;2;43.4;15.09;13.21;9.43;3.77;4.72;7.55;0;1.89;0.94;0;0;19.12;1.89
63432;63;Thuret;644;544;530;110;113;135;82;26;4;34;14;4;6;2;0;100;6;20.75;21.32;25.47;15.47;4.91;0.75;6.42;2.64;0.75;1.13;0.38;0;15.53;1.13
63433;63;Tortebesse;83;70;69;14;12;13;11;10;2;5;0;2;0;0;0;13;0;20.29;17.39;18.84;15.94;14.49;2.9;7.25;0;2.9;0;0;0;15.66;0
63434;63;Tours-sur-Meymont;482;381;368;87;88;70;40;20;18;28;2;10;5;0;0;101;7;23.64;23.91;19.02;10.87;5.43;4.89;7.61;0.54;2.72;1.36;0;0;20.95;1.9
63435;63;Tourzel-Ronzières;188;132;124;37;34;19;8;3;4;8;0;7;3;1;0;56;3;29.84;27.42;15.32;6.45;2.42;3.23;6.45;0;5.65;2.42;0.81;0;29.79;2.42
63436;63;Tralaigues;67;57;54;8;2;14;18;3;1;5;1;2;0;0;0;10;2;14.81;3.7;25.93;33.33;5.56;1.85;9.26;1.85;3.7;0;0;0;14.93;3.7
63437;63;Trémouille-Saint-Loup;167;133;129;24;20;27;39;3;7;2;0;6;1;0;0;34;2;18.6;15.5;20.93;30.23;2.33;5.43;1.55;0;4.65;0.78;0;0;20.36;1.55
63438;63;Trézioux;375;322;309;70;80;55;54;12;11;12;6;6;2;1;0;53;1;22.65;25.89;17.8;17.48;3.88;3.56;3.88;1.94;1.94;0.65;0.32;0;14.13;0.32
63439;63;Usson;201;163;160;15;37;51;28;7;4;16;0;1;1;0;0;38;1;9.38;23.13;31.88;17.5;4.38;2.5;10;0;0.63;0.63;0;0;18.91;0.63
63440;63;Valbeleix;140;90;87;27;13;15;21;4;4;2;1;0;0;0;0;50;2;31.03;14.94;17.24;24.14;4.6;4.6;2.3;1.15;0;0;0;0;35.71;2.3
63441;63;Valcivières;250;210;203;37;43;43;40;11;10;14;2;2;1;0;0;40;2;18.23;21.18;21.18;19.7;5.42;4.93;6.9;0.99;0.99;0.49;0;0;16;0.99
63442;63;Valz-sous-Châteauneuf;66;56;54;9;13;10;12;5;0;4;1;0;0;0;0;10;1;16.67;24.07;18.52;22.22;9.26;0;7.41;1.85;0;0;0;0;15.15;1.85
63443;63;Varennes-sur-Morge;310;271;256;43;40;87;48;10;8;15;3;0;1;1;0;39;2;16.8;15.63;33.98;18.75;3.91;3.13;5.86;1.17;0;0.39;0.39;0;12.58;0.78
63444;63;Varennes-sur-Usson;199;163;160;30;50;40;17;2;6;8;2;4;1;0;0;36;2;18.75;31.25;25;10.63;1.25;3.75;5;1.25;2.5;0.63;0;0;18.09;1.25
63445;63;Vassel;194;161;158;41;38;31;26;10;2;4;0;1;3;2;0;33;1;25.95;24.05;19.62;16.46;6.33;1.27;2.53;0;0.63;1.9;1.27;0;17.01;0.63
63446;63;Vensat;380;326;317;62;48;88;68;17;5;19;3;4;3;0;0;54;5;19.56;15.14;27.76;21.45;5.36;1.58;5.99;0.95;1.26;0.95;0;0;14.21;1.58
63447;63;Vergheas;91;69;66;11;16;24;5;1;2;5;0;1;0;1;0;22;1;16.67;24.24;36.36;7.58;1.52;3.03;7.58;0;1.52;0;1.52;0;24.18;1.52
63448;63;Vernet-la-Varenne;594;457;446;93;93;93;87;29;16;17;5;8;4;1;0;137;1;20.85;20.85;20.85;19.51;6.5;3.59;3.81;1.12;1.79;0.9;0.22;0;23.06;0.22
63449;63;Le Vernet-Sainte-Marguerite;262;217;211;49;25;36;65;10;7;14;1;1;2;1;0;45;0;23.22;11.85;17.06;30.81;4.74;3.32;6.64;0.47;0.47;0.95;0.47;0;17.18;0
63450;63;Verneugheol;230;184;177;37;28;47;28;13;7;12;0;2;2;1;0;46;3;20.9;15.82;26.55;15.82;7.34;3.95;6.78;0;1.13;1.13;0.56;0;20;1.69
63451;63;Vernines;318;277;268;51;50;45;71;17;12;15;2;2;3;0;0;41;1;19.03;18.66;16.79;26.49;6.34;4.48;5.6;0.75;0.75;1.12;0;0;12.89;0.37
63452;63;Verrières;77;67;64;12;16;7;9;8;7;4;0;1;0;0;0;10;0;18.75;25;10.94;14.06;12.5;10.94;6.25;0;1.56;0;0;0;12.99;0
63453;63;Vertaizon;2167;1748;1688;390;445;387;206;65;30;104;12;27;21;1;0;419;7;23.1;26.36;22.93;12.2;3.85;1.78;6.16;0.71;1.6;1.24;0.06;0;19.34;0.41
63454;63;Vertolaye;503;394;379;98;65;70;82;18;9;19;4;6;7;1;0;109;5;25.86;17.15;18.47;21.64;4.75;2.37;5.01;1.06;1.58;1.85;0.26;0;21.67;1.32
63455;63;Veyre-Monton;3056;2471;2413;342;480;764;456;122;47;137;23;19;16;7;0;585;10;14.17;19.89;31.66;18.9;5.06;1.95;5.68;0.95;0.79;0.66;0.29;0;19.14;0.41
63456;63;Vichel;242;213;206;51;48;53;28;4;5;13;4;0;0;0;0;29;1;24.76;23.3;25.73;13.59;1.94;2.43;6.31;1.94;0;0;0;0;11.98;0.49
63457;63;Vic-le-Comte;4111;3336;3252;501;842;915;418;148;59;261;25;49;23;11;0;775;27;15.41;25.89;28.14;12.85;4.55;1.81;8.03;0.77;1.51;0.71;0.34;0;18.85;0.83
63458;63;Villeneuve;128;99;96;39;11;16;8;2;3;11;1;3;0;2;0;29;1;40.63;11.46;16.67;8.33;2.08;3.13;11.46;1.04;3.13;0;2.08;0;22.66;1.04
63459;63;Villeneuve-les-Cerfs;393;303;299;85;68;68;45;14;3;7;3;3;2;1;0;90;0;28.43;22.74;22.74;15.05;4.68;1;2.34;1;1;0.67;0.33;0;22.9;0
63460;63;Villosanges;310;240;231;30;44;60;53;14;9;8;3;9;1;0;0;70;2;12.99;19.05;25.97;22.94;6.06;3.9;3.46;1.3;3.9;0.43;0;0;22.58;0.87
63461;63;Vinzelles;276;233;220;66;59;44;24;9;9;4;0;5;0;0;0;43;4;30;26.82;20;10.91;4.09;4.09;1.82;0;2.27;0;0;0;15.58;1.82
63462;63;Virlet;216;161;158;34;40;26;19;10;5;16;5;2;0;1;0;55;1;21.52;25.32;16.46;12.03;6.33;3.16;10.13;3.16;1.27;0;0.63;0;25.46;0.63
63463;63;Viscomtat;474;383;373;75;90;73;82;13;12;14;3;3;7;1;0;91;8;20.11;24.13;19.57;21.98;3.49;3.22;3.75;0.8;0.8;1.88;0.27;0;19.2;2.14
63464;63;Vitrac;300;251;246;44;51;70;24;12;10;18;2;12;3;0;0;49;2;17.89;20.73;28.46;9.76;4.88;4.07;7.32;0.81;4.88;1.22;0;0;16.33;0.81
63465;63;Viverols;370;318;306;75;57;61;82;11;4;7;3;4;2;0;0;52;4;24.51;18.63;19.93;26.8;3.59;1.31;2.29;0.98;1.31;0.65;0;0;14.05;1.31
63466;63;Vodable;170;144;142;19;39;39;22;8;4;6;2;1;2;0;0;26;2;13.38;27.46;27.46;15.49;5.63;2.82;4.23;1.41;0.7;1.41;0;0;15.29;1.41
63467;63;Voingt;48;40;40;6;5;16;1;8;0;3;0;1;0;0;0;8;0;15;12.5;40;2.5;20;0;7.5;0;2.5;0;0;0;16.67;0
63468;63;Vollore-Montagne;339;273;261;85;33;55;41;9;15;14;2;5;2;0;0;66;5;32.57;12.64;21.07;15.71;3.45;5.75;5.36;0.77;1.92;0.77;0;0;19.47;1.92
63469;63;Vollore-Ville;606;505;491;115;70;122;100;21;23;26;1;6;5;2;0;101;8;23.42;14.26;24.85;20.37;4.28;4.68;5.3;0.2;1.22;1.02;0.41;0;16.67;1.63
63470;63;Volvic;3398;2652;2565;405;681;746;262;111;40;236;24;37;19;4;0;746;29;15.79;26.55;29.08;10.21;4.33;1.56;9.2;0.94;1.44;0.74;0.16;0;21.95;1.13
63471;63;Youx;836;659;631;162;152;145;59;39;11;38;4;12;8;1;0;177;5;25.67;24.09;22.98;9.35;6.18;1.74;6.02;0.63;1.9;1.27;0.16;0;21.17;0.79
63472;63;Yronde-et-Buron;540;467;456;72;115;135;45;25;6;42;4;7;2;3;0;73;3;15.79;25.22;29.61;9.87;5.48;1.32;9.21;0.88;1.54;0.44;0.66;0;13.52;0.66
63473;63;Yssac-la-Tourette;289;259;252;32;60;67;40;15;4;24;2;5;2;1;0;30;3;12.7;23.81;26.59;15.87;5.95;1.59;9.52;0.79;1.98;0.79;0.4;0;10.38;1.19