insee;dep;nom;nb_inscrits;nb_votants;nb_exprimes;nb_voix1;nb_voix2;nb_voix3;nb_voix4;nb_voix5;nb_voix6;nb_voix7;nb_voix8;nb_voix9;nb_voix10;nb_voix11;nb_voix12;nb_voix13;nb_voix14;voix_1;voix_2;voix_3;voix_4;voix_5;voix_6;voix_7;voix_8;voix_9;voix_10;voix_11;voix_12;voix_13;voix_14
64001;64;Aast;165;147;142;15;21;39;28;12;7;18;0;1;1;0;0;18;5;10.56;14.79;27.46;19.72;8.45;4.93;12.68;0;0.7;0.7;0;0;10.91;3.52
64002;64;Abère;122;103;99;18;12;27;17;6;15;2;1;1;0;0;0;19;0;18.18;12.12;27.27;17.17;6.06;15.15;2.02;1.01;1.01;0;0;0;15.57;0
64003;64;Abidos;201;168;165;24;45;32;11;12;17;14;1;6;3;0;0;33;0;14.55;27.27;19.39;6.67;7.27;10.3;8.48;0.61;3.64;1.82;0;0;16.42;0
64004;64;Abitain;97;86;81;23;12;11;7;5;19;3;0;1;0;0;0;11;4;28.4;14.81;13.58;8.64;6.17;23.46;3.7;0;1.23;0;0;0;11.34;4.94
64005;64;Abos;462;412;395;76;59;127;54;9;35;24;2;7;1;1;0;50;6;19.24;14.94;32.15;13.67;2.28;8.86;6.08;0.51;1.77;0.25;0.25;0;10.82;1.52
64006;64;Accous;413;345;336;17;111;79;30;7;60;21;2;6;1;2;0;68;1;5.06;33.04;23.51;8.93;2.08;17.86;6.25;0.6;1.79;0.3;0.6;0;16.46;0.3
64007;64;Agnos;830;683;658;88;187;169;68;16;67;55;0;4;4;0;0;147;4;13.37;28.42;25.68;10.33;2.43;10.18;8.36;0;0.61;0.61;0;0;17.71;0.61
64008;64;Ahaxe-Alciette-Bascassan;243;203;198;11;29;31;49;7;41;14;0;13;3;0;0;40;0;5.56;14.65;15.66;24.75;3.54;20.71;7.07;0;6.57;1.52;0;0;16.46;0
64009;64;Ahetze;1553;1285;1265;142;249;323;290;52;96;76;5;27;4;1;0;268;4;11.23;19.68;25.53;22.92;4.11;7.59;6.01;0.4;2.13;0.32;0.08;0;17.26;0.32
64010;64;Aïcirits-Camou-Suhast;551;474;458;66;82;125;58;17;58;34;3;11;4;0;0;77;6;14.41;17.9;27.29;12.66;3.71;12.66;7.42;0.66;2.4;0.87;0;0;13.97;1.31
64011;64;Aincille;95;81;79;13;12;12;17;6;9;4;0;6;0;0;0;14;0;16.46;15.19;15.19;21.52;7.59;11.39;5.06;0;7.59;0;0;0;14.74;0
64012;64;Ainharp;121;99;98;16;10;12;21;5;22;6;1;4;1;0;0;22;0;16.33;10.2;12.24;21.43;5.1;22.45;6.12;1.02;4.08;1.02;0;0;18.18;0
64013;64;Ainhice-Mongelos;135;116;113;7;7;16;22;4;32;9;1;15;0;0;0;19;1;6.19;6.19;14.16;19.47;3.54;28.32;7.96;0.88;13.27;0;0;0;14.07;0.88
64014;64;Ainhoa;530;438;420;64;47;83;102;15;61;28;4;12;3;1;0;92;1;15.24;11.19;19.76;24.29;3.57;14.52;6.67;0.95;2.86;0.71;0.24;0;17.36;0.24
64015;64;Alçay-Alçabéhéty-Sunharette;195;153;150;14;16;34;26;7;37;14;0;2;0;0;0;42;2;9.33;10.67;22.67;17.33;4.67;24.67;9.33;0;1.33;0;0;0;21.54;1.33
64016;64;Aldudes;300;229;225;18;41;34;42;5;64;8;1;7;5;0;0;71;0;8;18.22;15.11;18.67;2.22;28.44;3.56;0.44;3.11;2.22;0;0;23.67;0
64017;64;Alos-Sibas-Abense;263;222;220;15;59;28;41;3;34;29;0;8;2;1;0;41;0;6.82;26.82;12.73;18.64;1.36;15.45;13.18;0;3.64;0.91;0.45;0;15.59;0
64018;64;Amendeuix-Oneix;363;321;312;34;32;92;85;9;32;16;4;7;1;0;0;42;2;10.9;10.26;29.49;27.24;2.88;10.26;5.13;1.28;2.24;0.32;0;0;11.57;0.64
64019;64;Amorots-Succos;165;133;130;10;11;19;42;7;28;4;3;4;2;0;0;32;2;7.69;8.46;14.62;32.31;5.38;21.54;3.08;2.31;3.08;1.54;0;0;19.39;1.54
64021;64;Andoins;515;455;446;79;70;125;81;22;31;27;6;4;1;0;0;60;1;17.71;15.7;28.03;18.16;4.93;6.95;6.05;1.35;0.9;0.22;0;0;11.65;0.22
64022;64;Andrein;107;81;80;8;9;21;17;0;17;4;1;2;1;0;0;26;1;10;11.25;26.25;21.25;0;21.25;5;1.25;2.5;1.25;0;0;24.3;1.25
64023;64;Angaïs;723;616;606;80;135;185;67;31;39;59;1;7;1;1;0;107;2;13.2;22.28;30.53;11.06;5.12;6.44;9.74;0.17;1.16;0.17;0.17;0;14.8;0.33
64024;64;Anglet;30529;24633;24137;2628;4478;6880;6034;869;930;1757;202;258;66;35;0;5896;123;10.89;18.55;28.5;25;3.6;3.85;7.28;0.84;1.07;0.27;0.15;0;19.31;0.51
64025;64;Angous;96;81;81;7;10;17;25;1;15;6;0;0;0;0;0;15;0;8.64;12.35;20.99;30.86;1.23;18.52;7.41;0;0;0;0;0;15.63;0
64026;64;Anhaux;281;231;223;27;28;58;43;3;28;12;0;23;1;0;0;50;0;12.11;12.56;26.01;19.28;1.35;12.56;5.38;0;10.31;0.45;0;0;17.79;0
64027;64;Anos;150;135;133;30;30;31;11;10;4;13;0;3;0;1;0;15;0;22.56;22.56;23.31;8.27;7.52;3.01;9.77;0;2.26;0;0.75;0;10;0
64028;64;Anoye;132;115;109;23;30;23;10;4;9;5;0;4;1;0;0;17;4;21.1;27.52;21.1;9.17;3.67;8.26;4.59;0;3.67;0.92;0;0;12.88;3.67
64029;64;Aramits;501;444;442;54;104;82;64;12;84;33;1;6;1;1;0;57;1;12.22;23.53;18.55;14.48;2.71;19;7.47;0.23;1.36;0.23;0.23;0;11.38;0.23
64031;64;Arancou;114;90;88;13;21;20;14;0;12;5;2;1;0;0;0;24;0;14.77;23.86;22.73;15.91;0;13.64;5.68;2.27;1.14;0;0;0;21.05;0
64032;64;Araujuzon;159;132;130;24;20;19;28;11;22;3;1;1;0;1;0;27;1;18.46;15.38;14.62;21.54;8.46;16.92;2.31;0.77;0.77;0;0.77;0;16.98;0.77
64033;64;Araux;95;75;74;8;20;7;13;4;12;5;4;0;1;0;0;20;0;10.81;27.03;9.46;17.57;5.41;16.22;6.76;5.41;0;1.35;0;0;21.05;0
64034;64;Arbérats-Sillègue;245;218;213;19;22;52;37;13;34;26;0;8;1;1;0;27;1;8.92;10.33;24.41;17.37;6.1;15.96;12.21;0;3.76;0.47;0.47;0;11.02;0.47
64035;64;Arbonne;1623;1348;1329;128;213;363;394;31;66;83;12;34;4;1;0;275;5;9.63;16.03;27.31;29.65;2.33;4.97;6.25;0.9;2.56;0.3;0.08;0;16.94;0.38
64036;64;Arbouet-Sussaute;253;210;207;28;38;49;47;5;28;10;0;2;0;0;0;43;0;13.53;18.36;23.67;22.71;2.42;13.53;4.83;0;0.97;0;0;0;17;0
64037;64;Arbus;954;803;782;127;155;217;114;27;60;57;8;9;7;1;0;151;4;16.24;19.82;27.75;14.58;3.45;7.67;7.29;1.02;1.15;0.9;0.13;0;15.83;0.51
64038;64;Arcangues;2781;2283;2243;254;354;505;689;85;158;141;12;32;11;2;0;498;13;11.32;15.78;22.51;30.72;3.79;7.04;6.29;0.53;1.43;0.49;0.09;0;17.91;0.58
64039;64;Aren;194;169;166;21;29;55;16;8;23;9;1;3;1;0;0;25;3;12.65;17.47;33.13;9.64;4.82;13.86;5.42;0.6;1.81;0.6;0;0;12.89;1.81
64040;64;Arette;970;815;801;77;141;201;97;15;203;52;1;10;4;0;0;155;4;9.61;17.6;25.09;12.11;1.87;25.34;6.49;0.12;1.25;0.5;0;0;15.98;0.5
64041;64;Aressy;597;485;467;76;87;166;59;19;26;27;3;4;0;0;0;112;7;16.27;18.63;35.55;12.63;4.07;5.57;5.78;0.64;0.86;0;0;0;18.76;1.5
64042;64;Argagnon;536;433;426;87;90;109;38;14;32;39;2;7;5;3;0;103;2;20.42;21.13;25.59;8.92;3.29;7.51;9.15;0.47;1.64;1.17;0.7;0;19.22;0.47
64043;64;Argelos;205;181;177;44;42;43;15;8;9;12;0;3;1;0;0;24;1;24.86;23.73;24.29;8.47;4.52;5.08;6.78;0;1.69;0.56;0;0;11.71;0.56
64044;64;Arget;67;59;59;14;5;7;14;1;15;1;2;0;0;0;0;8;0;23.73;8.47;11.86;23.73;1.69;25.42;1.69;3.39;0;0;0;0;11.94;0
64045;64;Arhansus;71;56;56;6;1;13;6;0;23;4;0;3;0;0;0;15;0;10.71;1.79;23.21;10.71;0;41.07;7.14;0;5.36;0;0;0;21.13;0
64046;64;Armendarits;337;277;274;33;25;53;81;6;63;5;0;6;2;0;0;60;0;12.04;9.12;19.34;29.56;2.19;22.99;1.82;0;2.19;0.73;0;0;17.8;0
64047;64;Arnéguy;246;185;183;15;13;44;48;4;47;7;0;5;0;0;0;61;1;8.2;7.1;24.04;26.23;2.19;25.68;3.83;0;2.73;0;0;0;24.8;0.55
64048;64;Arnos;75;65;64;14;13;18;6;3;7;2;0;1;0;0;0;10;0;21.88;20.31;28.13;9.38;4.69;10.94;3.13;0;1.56;0;0;0;13.33;0
64049;64;Aroue-Ithorots-Olhaïby;196;148;145;23;25;34;14;8;30;7;0;4;0;0;0;48;1;15.86;17.24;23.45;9.66;5.52;20.69;4.83;0;2.76;0;0;0;24.49;0.69
64050;64;Arrast-Larrebieu;80;73;73;8;15;11;10;5;18;3;0;3;0;0;0;7;0;10.96;20.55;15.07;13.7;6.85;24.66;4.11;0;4.11;0;0;0;8.75;0
64051;64;Arraute-Charritte;317;257;253;33;43;47;36;10;55;17;1;9;2;0;0;60;1;13.04;17;18.58;14.23;3.95;21.74;6.72;0.4;3.56;0.79;0;0;18.93;0.4
64052;64;Arricau-Bordes;83;71;70;8;7;21;8;7;9;7;0;3;0;0;0;12;1;11.43;10;30;11.43;10;12.86;10;0;4.29;0;0;0;14.46;1.43
64053;64;Arrien;141;118;115;26;26;26;14;6;6;4;0;6;1;0;0;23;0;22.61;22.61;22.61;12.17;5.22;5.22;3.48;0;5.22;0.87;0;0;16.31;0
64054;64;Arros-de-Nay;636;533;518;91;87;141;68;27;41;55;1;3;3;1;0;103;4;17.57;16.8;27.22;13.13;5.21;7.92;10.62;0.19;0.58;0.58;0.19;0;16.19;0.77
64056;64;Arrosès;120;103;103;18;12;26;7;3;26;5;1;5;0;0;0;17;0;17.48;11.65;25.24;6.8;2.91;25.24;4.85;0.97;4.85;0;0;0;14.17;0
64057;64;Arthez-de-Béarn;1517;1257;1220;225;251;313;131;55;110;96;7;19;10;3;0;260;17;18.44;20.57;25.66;10.74;4.51;9.02;7.87;0.57;1.56;0.82;0.25;0;17.14;1.39
64058;64;Arthez-d'Asson;466;375;358;94;72;84;36;19;25;16;5;3;4;0;0;91;7;26.26;20.11;23.46;10.06;5.31;6.98;4.47;1.4;0.84;1.12;0;0;19.53;1.96
64059;64;Artigueloutan;777;679;666;108;121;196;92;30;43;61;2;11;1;1;0;98;3;16.22;18.17;29.43;13.81;4.5;6.46;9.16;0.3;1.65;0.15;0.15;0;12.61;0.45
64060;64;Artiguelouve;1281;1066;1038;136;194;364;157;46;60;54;7;15;1;4;0;215;7;13.1;18.69;35.07;15.13;4.43;5.78;5.2;0.67;1.45;0.1;0.39;0;16.78;0.67
64061;64;Artix;2432;2022;1972;326;482;467;249;66;112;204;25;28;10;3;0;410;13;16.53;24.44;23.68;12.63;3.35;5.68;10.34;1.27;1.42;0.51;0.15;0;16.86;0.66
64062;64;Arudy;1813;1512;1469;208;431;316;162;48;139;137;3;13;11;1;0;301;8;14.16;29.34;21.51;11.03;3.27;9.46;9.33;0.2;0.88;0.75;0.07;0;16.6;0.54
64063;64;Arzacq-Arraziguet;778;659;644;91;122;153;112;26;62;66;1;9;2;0;0;119;8;14.13;18.94;23.76;17.39;4.04;9.63;10.25;0.16;1.4;0.31;0;0;15.3;1.24
64064;64;Asasp-Arros;368;304;298;62;58;48;34;6;69;17;0;2;2;0;0;64;5;20.81;19.46;16.11;11.41;2.01;23.15;5.7;0;0.67;0.67;0;0;17.39;1.68
64065;64;Ascain;3529;3016;2931;291;524;640;836;105;235;187;9;94;9;1;0;513;18;9.93;17.88;21.84;28.52;3.58;8.02;6.38;0.31;3.21;0.31;0.03;0;14.54;0.61
64066;64;Ascarat;261;214;206;24;20;49;49;8;21;24;1;10;0;0;0;47;8;11.65;9.71;23.79;23.79;3.88;10.19;11.65;0.49;4.85;0;0;0;18.01;3.88
64067;64;Assat;1377;1162;1138;175;243;332;160;56;50;100;9;11;2;0;0;215;4;15.38;21.35;29.17;14.06;4.92;4.39;8.79;0.79;0.97;0.18;0;0;15.61;0.35
64068;64;Asson;1629;1411;1378;232;239;374;219;60;125;89;12;23;3;2;0;218;8;16.84;17.34;27.14;15.89;4.35;9.07;6.46;0.87;1.67;0.22;0.15;0;13.38;0.58
64069;64;Aste-Béon;218;182;177;22;33;32;18;8;45;13;0;4;2;0;0;36;0;12.43;18.64;18.08;10.17;4.52;25.42;7.34;0;2.26;1.13;0;0;16.51;0
64070;64;Astis;237;194;187;53;33;45;19;13;7;13;0;3;1;0;0;43;4;28.34;17.65;24.06;10.16;6.95;3.74;6.95;0;1.6;0.53;0;0;18.14;2.14
64071;64;Athos-Aspis;184;160;155;34;21;36;14;8;27;12;0;3;0;0;0;24;1;21.94;13.55;23.23;9.03;5.16;17.42;7.74;0;1.94;0;0;0;13.04;0.65
64072;64;Aubertin;529;449;433;74;88;120;55;17;29;32;4;8;6;0;0;80;5;17.09;20.32;27.71;12.7;3.93;6.7;7.39;0.92;1.85;1.39;0;0;15.12;1.15
64073;64;Aubin;199;170;166;23;34;42;23;8;14;16;2;1;1;2;0;29;0;13.86;20.48;25.3;13.86;4.82;8.43;9.64;1.2;0.6;0.6;1.2;0;14.57;0
64074;64;Aubous;45;35;35;4;4;12;9;0;4;2;0;0;0;0;0;10;0;11.43;11.43;34.29;25.71;0;11.43;5.71;0;0;0;0;0;22.22;0
64075;64;Audaux;157;135;129;11;28;17;28;2;30;9;2;1;1;0;0;22;0;8.53;21.71;13.18;21.71;1.55;23.26;6.98;1.55;0.78;0.78;0;0;14.01;0
64077;64;Auga;121;106;104;15;41;13;11;5;4;13;0;2;0;0;0;15;2;14.42;39.42;12.5;10.58;4.81;3.85;12.5;0;1.92;0;0;0;12.4;1.92
64078;64;Auriac;209;171;167;40;21;41;30;10;11;11;0;1;0;2;0;38;1;23.95;12.57;24.55;17.96;5.99;6.59;6.59;0;0.6;0;1.2;0;18.18;0.6
64079;64;Aurions-Idernes;107;92;92;5;8;26;20;8;12;13;0;0;0;0;0;15;0;5.43;8.7;28.26;21.74;8.7;13.04;14.13;0;0;0;0;0;14.02;0
64080;64;Aussevielle;602;525;510;119;91;125;84;22;17;46;1;5;0;0;0;77;3;23.33;17.84;24.51;16.47;4.31;3.33;9.02;0.2;0.98;0;0;0;12.79;0.59
64081;64;Aussurucq;210;177;168;17;22;33;26;9;41;10;1;7;2;0;0;33;2;10.12;13.1;19.64;15.48;5.36;24.4;5.95;0.6;4.17;1.19;0;0;15.71;1.19
64082;64;Auterrive;104;84;82;18;5;21;20;0;4;10;3;1;0;0;0;20;1;21.95;6.1;25.61;24.39;0;4.88;12.2;3.66;1.22;0;0;0;19.23;1.22
64083;64;Autevielle-Saint-Martin-Bideren;149;129;126;24;22;26;15;10;14;14;1;0;0;0;0;20;3;19.05;17.46;20.63;11.9;7.94;11.11;11.11;0.79;0;0;0;0;13.42;2.38
64084;64;Aydie;119;97;96;19;14;16;24;1;10;12;0;0;0;0;0;22;1;19.79;14.58;16.67;25;1.04;10.42;12.5;0;0;0;0;0;18.49;1.04
64085;64;Aydius;135;118;117;1;27;15;18;0;40;13;2;1;0;0;0;17;0;0.85;23.08;12.82;15.38;0;34.19;11.11;1.71;0.85;0;0;0;12.59;0
64086;64;Ayherre;796;656;644;75;101;141;94;27;94;65;5;37;5;0;0;140;4;11.65;15.68;21.89;14.6;4.19;14.6;10.09;0.78;5.75;0.78;0;0;17.59;0.62
64087;64;Baigts-de-Béarn;605;517;495;65;110;130;44;24;64;44;3;7;3;1;0;88;6;13.13;22.22;26.26;8.89;4.85;12.93;8.89;0.61;1.41;0.61;0.2;0;14.55;1.21
64088;64;Balansun;224;190;185;31;37;48;28;7;18;10;1;2;3;0;0;34;0;16.76;20;25.95;15.14;3.78;9.73;5.41;0.54;1.08;1.62;0;0;15.18;0
64089;64;Baleix;109;96;95;17;14;23;12;5;17;6;1;0;0;0;0;13;0;17.89;14.74;24.21;12.63;5.26;17.89;6.32;1.05;0;0;0;0;11.93;0
64090;64;Baliracq-Maumusson;106;91;89;14;17;15;20;1;11;10;0;1;0;0;0;15;2;15.73;19.1;16.85;22.47;1.12;12.36;11.24;0;1.12;0;0;0;14.15;2.25
64091;64;Baliros;372;293;292;72;48;66;39;22;21;18;1;3;2;0;0;79;1;24.66;16.44;22.6;13.36;7.53;7.19;6.16;0.34;1.03;0.68;0;0;21.24;0.34
64092;64;Banca;293;223;218;28;30;25;44;4;54;13;3;15;2;0;0;70;2;12.84;13.76;11.47;20.18;1.83;24.77;5.96;1.38;6.88;0.92;0;0;23.89;0.92
64093;64;Barcus;603;490;464;43;69;97;76;13;120;33;1;9;2;1;0;113;4;9.27;14.87;20.91;16.38;2.8;25.86;7.11;0.22;1.94;0.43;0.22;0;18.74;0.86
64094;64;Bardos;1278;1095;1070;135;163;262;260;40;99;77;7;19;5;3;0;183;8;12.62;15.23;24.49;24.3;3.74;9.25;7.2;0.65;1.78;0.47;0.28;0;14.32;0.75
64095;64;Barinque;429;388;378;72;75;88;49;16;27;39;2;9;1;0;0;41;2;19.05;19.84;23.28;12.96;4.23;7.14;10.32;0.53;2.38;0.26;0;0;9.56;0.53
64096;64;Barraute-Camu;136;111;105;13;26;25;15;4;16;3;0;3;0;0;0;25;3;12.38;24.76;23.81;14.29;3.81;15.24;2.86;0;2.86;0;0;0;18.38;2.86
64097;64;Barzun;476;401;388;86;52;108;57;14;43;19;2;5;1;1;0;75;5;22.16;13.4;27.84;14.69;3.61;11.08;4.9;0.52;1.29;0.26;0.26;0;15.76;1.29
64098;64;Bassillon-Vauzé;57;48;47;14;8;4;5;5;9;2;0;0;0;0;0;9;1;29.79;17.02;8.51;10.64;10.64;19.15;4.26;0;0;0;0;0;15.79;2.13
64099;64;Bastanès;95;78;75;14;16;20;7;1;10;5;0;1;1;0;0;17;1;18.67;21.33;26.67;9.33;1.33;13.33;6.67;0;1.33;1.33;0;0;17.89;1.33
64100;64;Bassussarry;2351;2014;1965;171;299;603;550;78;95;124;11;28;4;2;0;337;10;8.7;15.22;30.69;27.99;3.97;4.83;6.31;0.56;1.42;0.2;0.1;0;14.33;0.51
64101;64;Baudreix;447;372;362;59;74;114;28;18;22;35;4;3;5;0;0;75;3;16.3;20.44;31.49;7.73;4.97;6.08;9.67;1.1;0.83;1.38;0;0;16.78;0.83
64102;64;Bayonne;30615;23230;22728;3068;5252;5838;4098;747;870;2140;214;368;104;29;0;7385;155;13.5;23.11;25.69;18.03;3.29;3.83;9.42;0.94;1.62;0.46;0.13;0;24.12;0.68
64103;64;Bédeille;169;137;133;19;28;35;15;13;8;8;4;2;1;0;0;32;0;14.29;21.05;26.32;11.28;9.77;6.02;6.02;3.01;1.5;0.75;0;0;18.93;0
64104;64;Bedous;471;404;396;20;123;82;51;11;65;29;7;4;4;0;0;67;2;5.05;31.06;20.71;12.88;2.78;16.41;7.32;1.77;1.01;1.01;0;0;14.23;0.51
64105;64;Béguios;239;205;203;13;24;38;62;7;31;10;4;13;1;0;0;34;0;6.4;11.82;18.72;30.54;3.45;15.27;4.93;1.97;6.4;0.49;0;0;14.23;0
64106;64;Béhasque-Lapiste;359;310;304;29;46;81;61;11;37;27;1;9;1;1;0;49;1;9.54;15.13;26.64;20.07;3.62;12.17;8.88;0.33;2.96;0.33;0.33;0;13.65;0.33
64107;64;Béhorléguy;73;59;59;4;5;11;14;2;16;3;0;3;1;0;0;14;0;6.78;8.47;18.64;23.73;3.39;27.12;5.08;0;5.08;1.69;0;0;19.18;0
64108;64;Bellocq;717;592;578;133;128;108;80;21;44;46;7;8;2;1;0;125;1;23.01;22.15;18.69;13.84;3.63;7.61;7.96;1.21;1.38;0.35;0.17;0;17.43;0.17
64109;64;Bénéjacq;1577;1318;1282;260;246;326;196;42;68;118;10;10;5;1;0;259;19;20.28;19.19;25.43;15.29;3.28;5.3;9.2;0.78;0.78;0.39;0.08;0;16.42;1.48
64110;64;Béost;194;154;154;8;42;42;21;5;20;15;0;1;0;0;0;40;0;5.19;27.27;27.27;13.64;3.25;12.99;9.74;0;0.65;0;0;0;20.62;0
64111;64;Bentayou-Sérée;94;84;80;13;11;23;1;7;14;6;1;2;2;0;0;10;2;16.25;13.75;28.75;1.25;8.75;17.5;7.5;1.25;2.5;2.5;0;0;10.64;2.5
64112;64;Bérenx;327;271;267;43;39;65;32;27;40;17;1;3;0;0;0;56;1;16.1;14.61;24.34;11.99;10.11;14.98;6.37;0.37;1.12;0;0;0;17.13;0.37
64113;64;Bergouey-Viellenave;100;85;81;4;15;24;10;3;17;5;2;1;0;0;0;15;3;4.94;18.52;29.63;12.35;3.7;20.99;6.17;2.47;1.23;0;0;0;15;3.7
64114;64;Bernadets;501;417;406;63;80;110;62;33;28;14;6;7;0;3;0;84;5;15.52;19.7;27.09;15.27;8.13;6.9;3.45;1.48;1.72;0;0.74;0;16.77;1.23
64115;64;Berrogain-Laruns;103;85;82;10;16;20;3;2;23;6;0;1;1;0;0;18;1;12.2;19.51;24.39;3.66;2.44;28.05;7.32;0;1.22;1.22;0;0;17.48;1.22
64116;64;Bescat;253;209;208;37;46;28;37;7;32;17;0;4;0;0;0;44;0;17.79;22.12;13.46;17.79;3.37;15.38;8.17;0;1.92;0;0;0;17.39;0
64117;64;Bésingrand;128;105;102;28;18;32;3;4;9;6;1;1;0;0;0;23;0;27.45;17.65;31.37;2.94;3.92;8.82;5.88;0.98;0.98;0;0;0;17.97;0
64118;64;Bétracq;43;27;24;3;4;7;2;2;1;4;1;0;0;0;0;16;2;12.5;16.67;29.17;8.33;8.33;4.17;16.67;4.17;0;0;0;0;37.21;8.33
64119;64;Beuste;475;413;402;73;89;99;59;30;15;33;1;3;0;0;0;62;6;18.16;22.14;24.63;14.68;7.46;3.73;8.21;0.25;0.75;0;0;0;13.05;1.49
64120;64;Beyrie-sur-Joyeuse;420;357;350;28;49;80;92;5;50;25;1;13;7;0;0;63;2;8;14;22.86;26.29;1.43;14.29;7.14;0.29;3.71;2;0;0;15;0.57
64121;64;Beyrie-en-Béarn;144;131;128;25;33;38;15;5;6;5;0;1;0;0;0;13;1;19.53;25.78;29.69;11.72;3.91;4.69;3.91;0;0.78;0;0;0;9.03;0.78
64122;64;Biarritz;22340;16667;16415;1574;2717;4490;5280;431;550;1032;113;165;50;13;0;5673;62;9.59;16.55;27.35;32.17;2.63;3.35;6.29;0.69;1.01;0.3;0.08;0;25.39;0.38
64123;64;Bidache;1062;869;840;160;156;200;121;31;90;48;12;17;3;2;0;193;7;19.05;18.57;23.81;14.4;3.69;10.71;5.71;1.43;2.02;0.36;0.24;0;18.17;0.83
64124;64;Bidarray;591;463;449;33;82;75;129;10;63;23;2;25;5;2;0;128;2;7.35;18.26;16.7;28.73;2.23;14.03;5.12;0.45;5.57;1.11;0.45;0;21.66;0.45
64125;64;Bidart;5307;4218;4118;458;853;1145;960;137;209;250;32;51;15;8;0;1089;31;11.12;20.71;27.8;23.31;3.33;5.08;6.07;0.78;1.24;0.36;0.19;0;20.52;0.75
64126;64;Bidos;933;793;781;81;212;209;106;24;88;43;5;11;1;1;0;140;0;10.37;27.14;26.76;13.57;3.07;11.27;5.51;0.64;1.41;0.13;0.13;0;15.01;0
64127;64;Bielle;371;306;299;32;78;80;36;8;36;24;1;3;1;0;0;65;3;10.7;26.09;26.76;12.04;2.68;12.04;8.03;0.33;1;0.33;0;0;17.52;1
64128;64;Bilhères;166;131;127;9;27;39;11;4;20;10;1;3;3;0;0;35;1;7.09;21.26;30.71;8.66;3.15;15.75;7.87;0.79;2.36;2.36;0;0;21.08;0.79
64129;64;Billère;8498;6597;6429;904;1449;1823;1018;241;279;562;58;57;30;8;0;1901;48;14.06;22.54;28.36;15.83;3.75;4.34;8.74;0.9;0.89;0.47;0.12;0;22.37;0.75
64130;64;Biriatou;707;580;568;71;170;114;73;24;42;52;4;14;4;0;0;127;2;12.5;29.93;20.07;12.85;4.23;7.39;9.15;0.7;2.46;0.7;0;0;17.96;0.35
64131;64;Biron;474;429;407;48;92;122;43;10;34;48;4;6;0;0;0;45;7;11.79;22.6;29.98;10.57;2.46;8.35;11.79;0.98;1.47;0;0;0;9.49;1.72
64132;64;Bizanos;3576;2864;2814;340;480;895;595;92;111;241;17;28;9;6;0;712;17;12.08;17.06;31.81;21.14;3.27;3.94;8.56;0.6;1;0.32;0.21;0;19.91;0.6
64133;64;Boeil-Bezing;930;825;807;139;164;228;126;28;53;55;4;7;2;1;0;105;5;17.22;20.32;28.25;15.61;3.47;6.57;6.82;0.5;0.87;0.25;0.12;0;11.29;0.62
64134;64;Bonloc;262;213;209;32;35;39;31;5;25;19;1;21;1;0;0;49;3;15.31;16.75;18.66;14.83;2.39;11.96;9.09;0.48;10.05;0.48;0;0;18.7;1.44
64135;64;Bonnut;593;515;508;79;127;121;34;18;50;68;2;7;2;0;0;78;0;15.55;25;23.82;6.69;3.54;9.84;13.39;0.39;1.38;0.39;0;0;13.15;0
64136;64;Borce;99;88;87;4;30;22;5;0;19;3;3;0;1;0;0;11;1;4.6;34.48;25.29;5.75;0;21.84;3.45;3.45;0;1.15;0;0;11.11;1.15
64137;64;Bordères;546;481;473;73;103;151;41;17;27;51;1;6;2;1;0;65;1;15.43;21.78;31.92;8.67;3.59;5.71;10.78;0.21;1.27;0.42;0.21;0;11.9;0.21
64138;64;Bordes;1952;1602;1555;286;404;387;169;61;88;116;11;27;5;1;0;350;14;18.39;25.98;24.89;10.87;3.92;5.66;7.46;0.71;1.74;0.32;0.06;0;17.93;0.9
64139;64;Bosdarros;833;713;701;110;132;199;114;24;67;45;2;6;2;0;0;120;6;15.69;18.83;28.39;16.26;3.42;9.56;6.42;0.29;0.86;0.29;0;0;14.41;0.86
64140;64;Boucau;5855;4757;4644;745;1369;1144;548;148;227;335;32;70;23;3;0;1098;33;16.04;29.48;24.63;11.8;3.19;4.89;7.21;0.69;1.51;0.5;0.06;0;18.75;0.71
64141;64;Boueilh-Boueilho-Lasque;316;268;261;51;21;78;54;16;27;12;2;0;0;0;0;48;0;19.54;8.05;29.89;20.69;6.13;10.34;4.6;0.77;0;0;0;0;15.19;0
64142;64;Bougarber;643;538;519;113;80;140;74;32;41;27;4;6;1;1;0;105;5;21.77;15.41;26.97;14.26;6.17;7.9;5.2;0.77;1.16;0.19;0.19;0;16.33;0.96
64143;64;Bouillon;115;100;95;14;10;29;16;12;4;9;0;0;1;0;0;15;2;14.74;10.53;30.53;16.84;12.63;4.21;9.47;0;0;1.05;0;0;13.04;2.11
64144;64;Boumourt;125;104;103;20;33;21;10;2;8;4;1;4;0;0;0;21;0;19.42;32.04;20.39;9.71;1.94;7.77;3.88;0.97;3.88;0;0;0;16.8;0
64145;64;Bourdettes;351;311;303;62;71;66;33;17;21;25;2;4;2;0;0;40;1;20.46;23.43;21.78;10.89;5.61;6.93;8.25;0.66;1.32;0.66;0;0;11.4;0.33
64146;64;Bournos;261;224;215;33;44;49;50;5;25;7;0;2;0;0;0;37;5;15.35;20.47;22.79;23.26;2.33;11.63;3.26;0;0.93;0;0;0;14.18;2.33
64147;64;Briscous;2118;1729;1681;255;363;446;267;56;130;117;13;26;8;0;0;389;16;15.17;21.59;26.53;15.88;3.33;7.73;6.96;0.77;1.55;0.48;0;0;18.37;0.95
64148;64;Bruges-Capbis-Mifaget;747;606;598;97;135;141;83;21;67;38;6;3;4;3;0;141;1;16.22;22.58;23.58;13.88;3.51;11.2;6.35;1;0.5;0.67;0.5;0;18.88;0.17
64149;64;Bugnein;197;159;156;17;10;32;27;12;45;11;1;0;1;0;0;38;3;10.9;6.41;20.51;17.31;7.69;28.85;7.05;0.64;0;0.64;0;0;19.29;1.92
64150;64;Bunus;112;89;87;2;19;19;3;6;22;5;0;11;0;0;0;23;1;2.3;21.84;21.84;3.45;6.9;25.29;5.75;0;12.64;0;0;0;20.54;1.15
64151;64;Burgaronne;77;64;63;9;9;15;16;4;3;4;0;2;0;1;0;13;1;14.29;14.29;23.81;25.4;6.35;4.76;6.35;0;3.17;0;1.59;0;16.88;1.59
64152;64;Buros;1558;1268;1244;145;212;384;266;64;67;86;6;8;4;2;0;290;4;11.66;17.04;30.87;21.38;5.14;5.39;6.91;0.48;0.64;0.32;0.16;0;18.61;0.32
64153;64;Burosse-Mendousse;71;60;54;12;11;12;12;3;3;1;0;0;0;0;0;11;2;22.22;20.37;22.22;22.22;5.56;5.56;1.85;0;0;0;0;0;15.49;3.7
64154;64;Bussunarits-Sarrasquette;152;136;131;9;22;25;30;5;22;11;0;6;1;0;0;16;0;6.87;16.79;19.08;22.9;3.82;16.79;8.4;0;4.58;0.76;0;0;10.53;0
64155;64;Bustince-Iriberry;94;70;69;6;20;15;10;1;10;5;0;1;1;0;0;24;0;8.7;28.99;21.74;14.49;1.45;14.49;7.25;0;1.45;1.45;0;0;25.53;0
64156;64;Buziet;360;304;300;55;72;66;25;8;37;30;0;6;0;1;0;56;1;18.33;24;22;8.33;2.67;12.33;10;0;2;0;0.33;0;15.56;0.33
64157;64;Buzy;786;668;647;90;131;177;69;28;100;39;4;6;3;0;0;118;5;13.91;20.25;27.36;10.66;4.33;15.46;6.03;0.62;0.93;0.46;0;0;15.01;0.77
64158;64;Cabidos;173;148;146;23;25;42;15;6;20;13;1;1;0;0;0;25;2;15.75;17.12;28.77;10.27;4.11;13.7;8.9;0.68;0.68;0;0;0;14.45;1.37
64159;64;Cadillon;100;75;71;8;19;18;8;1;9;5;0;3;0;0;0;25;0;11.27;26.76;25.35;11.27;1.41;12.68;7.04;0;4.23;0;0;0;25;0
64160;64;Cambo-les-Bains;4804;3650;3562;517;652;814;705;134;301;266;20;120;22;11;0;1154;17;14.51;18.3;22.85;19.79;3.76;8.45;7.47;0.56;3.37;0.62;0.31;0;24.02;0.48
64161;64;Came;686;599;589;103;90;124;94;47;84;29;8;7;3;0;0;87;3;17.49;15.28;21.05;15.96;7.98;14.26;4.92;1.36;1.19;0.51;0;0;12.68;0.51
64162;64;Camou-Cihigue;93;79;75;4;15;10;7;5;14;14;0;3;3;0;0;14;0;5.33;20;13.33;9.33;6.67;18.67;18.67;0;4;4;0;0;15.05;0
64165;64;Cardesse;204;181;178;20;35;26;34;13;35;10;0;5;0;0;0;23;2;11.24;19.66;14.61;19.1;7.3;19.66;5.62;0;2.81;0;0;0;11.27;1.12
64166;64;Caro;166;139;137;16;27;34;33;1;13;8;2;2;1;0;0;27;1;11.68;19.71;24.82;24.09;0.73;9.49;5.84;1.46;1.46;0.73;0;0;16.27;0.73
64167;64;Carrère;179;150;145;25;30;58;11;6;4;8;0;2;0;1;0;29;3;17.24;20.69;40;7.59;4.14;2.76;5.52;0;1.38;0;0.69;0;16.2;2.07
64168;64;Carresse-Cassaber;458;405;399;50;80;117;68;9;35;30;1;7;2;0;0;53;2;12.53;20.05;29.32;17.04;2.26;8.77;7.52;0.25;1.75;0.5;0;0;11.57;0.5
64170;64;Castagnède;180;147;142;22;26;39;25;6;10;8;0;5;1;0;0;33;1;15.49;18.31;27.46;17.61;4.23;7.04;5.63;0;3.52;0.7;0;0;18.33;0.7
64171;64;Casteide-Cami;160;139;135;34;24;38;16;5;8;5;4;1;0;0;0;21;2;25.19;17.78;28.15;11.85;3.7;5.93;3.7;2.96;0.74;0;0;0;13.13;1.48
64172;64;Casteide-Candau;179;159;157;34;21;34;17;7;20;17;2;3;2;0;0;20;0;21.66;13.38;21.66;10.83;4.46;12.74;10.83;1.27;1.91;1.27;0;0;11.17;0
64173;64;Casteide-Doat;108;94;90;10;19;27;9;5;8;9;1;1;0;1;0;14;2;11.11;21.11;30;10;5.56;8.89;10;1.11;1.11;0;1.11;0;12.96;2.22
64174;64;Castéra-Loubix;53;44;42;9;14;7;2;5;1;3;0;1;0;0;0;9;1;21.43;33.33;16.67;4.76;11.9;2.38;7.14;0;2.38;0;0;0;16.98;2.38
64175;64;Castet;152;123;120;18;31;17;15;9;19;8;0;2;0;1;0;29;1;15;25.83;14.17;12.5;7.5;15.83;6.67;0;1.67;0;0.83;0;19.08;0.83
64176;64;Castetbon;152;126;122;19;22;16;25;12;22;2;1;3;0;0;0;26;1;15.57;18.03;13.11;20.49;9.84;18.03;1.64;0.82;2.46;0;0;0;17.11;0.82
64177;64;Castétis;551;453;440;69;63;103;75;14;58;44;4;7;2;1;0;98;3;15.68;14.32;23.41;17.05;3.18;13.18;10;0.91;1.59;0.45;0.23;0;17.79;0.68
64178;64;Castetnau-Camblong;343;284;276;38;41;75;39;11;45;23;3;1;0;0;0;59;4;13.77;14.86;27.17;14.13;3.99;16.3;8.33;1.09;0.36;0;0;0;17.2;1.45
64179;64;Castetner;131;117;108;16;19;23;18;3;11;15;0;1;1;1;0;14;1;14.81;17.59;21.3;16.67;2.78;10.19;13.89;0;0.93;0.93;0.93;0;10.69;0.93
64180;64;Castetpugon;158;131;128;19;35;37;18;3;10;4;0;2;0;0;0;27;2;14.84;27.34;28.91;14.06;2.34;7.81;3.13;0;1.56;0;0;0;17.09;1.56
64181;64;Castillon(Canton d'Arthez-de-Béarn);223;189;186;33;33;50;31;6;13;13;2;4;1;0;0;34;1;17.74;17.74;26.88;16.67;3.23;6.99;6.99;1.08;2.15;0.54;0;0;15.25;0.54
64182;64;Castillon(Canton de Lembeye);61;41;40;14;4;10;4;0;2;6;0;0;0;0;0;20;1;35;10;25;10;0;5;15;0;0;0;0;0;32.79;2.5
64183;64;Caubios-Loos;414;354;347;45;59;109;78;12;13;23;3;5;0;0;0;60;3;12.97;17;31.41;22.48;3.46;3.75;6.63;0.86;1.44;0;0;0;14.49;0.86
64184;64;Cescau;431;380;371;81;65;90;44;31;31;22;2;1;3;1;0;51;2;21.83;17.52;24.26;11.86;8.36;8.36;5.93;0.54;0.27;0.81;0.27;0;11.83;0.54
64185;64;Cette-Eygun;75;64;64;10;24;5;3;1;14;5;0;2;0;0;0;11;0;15.63;37.5;7.81;4.69;1.56;21.88;7.81;0;3.13;0;0;0;14.67;0
64186;64;Charre;197;162;161;22;14;32;21;9;48;8;2;4;1;0;0;35;0;13.66;8.7;19.88;13.04;5.59;29.81;4.97;1.24;2.48;0.62;0;0;17.77;0
64187;64;Charritte-de-Bas;183;147;139;19;33;37;19;1;23;4;0;3;0;0;0;36;0;13.67;23.74;26.62;13.67;0.72;16.55;2.88;0;2.16;0;0;0;19.67;0
64188;64;Chéraute;866;695;677;69;154;159;102;20;105;49;4;9;6;0;0;171;5;10.19;22.75;23.49;15.07;2.95;15.51;7.24;0.59;1.33;0.89;0;0;19.75;0.74
64189;64;Ciboure;5745;4637;4522;462;888;1197;1143;138;235;333;22;76;24;4;0;1108;34;10.22;19.64;26.47;25.28;3.05;5.2;7.36;0.49;1.68;0.53;0.09;0;19.29;0.75
64190;64;Claracq;179;146;141;25;23;40;19;1;25;6;0;2;0;0;0;33;0;17.73;16.31;28.37;13.48;0.71;17.73;4.26;0;1.42;0;0;0;18.44;0
64191;64;Coarraze;1820;1380;1342;232;310;382;152;46;74;117;10;12;6;1;0;440;13;17.29;23.1;28.46;11.33;3.43;5.51;8.72;0.75;0.89;0.45;0.07;0;24.18;0.97
64192;64;Conchez-de-Béarn;84;75;73;5;15;16;17;0;12;7;0;1;0;0;0;9;1;6.85;20.55;21.92;23.29;0;16.44;9.59;0;1.37;0;0;0;10.71;1.37
64193;64;Corbère-Abères;88;65;64;14;21;12;4;4;7;2;0;0;0;0;0;23;1;21.88;32.81;18.75;6.25;6.25;10.94;3.13;0;0;0;0;0;26.14;1.56
64194;64;Coslédaà-Lube-Boast;284;243;240;43;30;71;41;14;20;13;1;7;0;0;0;41;1;17.92;12.5;29.58;17.08;5.83;8.33;5.42;0.42;2.92;0;0;0;14.44;0.42
64195;64;Coublucq;103;96;93;16;20;12;23;1;7;8;1;3;2;0;0;7;2;17.2;21.51;12.9;24.73;1.08;7.53;8.6;1.08;3.23;2.15;0;0;6.8;2.15
64196;64;Crouseilles;109;84;84;8;19;12;13;5;20;5;0;2;0;0;0;25;0;9.52;22.62;14.29;15.48;5.95;23.81;5.95;0;2.38;0;0;0;22.94;0
64197;64;Cuqueron;156;139;135;20;25;32;17;13;9;11;1;5;2;0;0;17;1;14.81;18.52;23.7;12.59;9.63;6.67;8.15;0.74;3.7;1.48;0;0;10.9;0.74
64198;64;Denguin;1414;1177;1153;220;227;331;139;66;65;78;5;19;2;1;0;237;4;19.08;19.69;28.71;12.06;5.72;5.64;6.76;0.43;1.65;0.17;0.09;0;16.76;0.35
64199;64;Diusse;97;79;75;4;15;25;11;1;9;9;1;0;0;0;0;18;2;5.33;20;33.33;14.67;1.33;12;12;1.33;0;0;0;0;18.56;2.67
64200;64;Doazon;145;131;125;26;18;32;17;7;18;4;1;2;0;0;0;14;0;20.8;14.4;25.6;13.6;5.6;14.4;3.2;0.8;1.6;0;0;0;9.66;0
64201;64;Dognen;165;141;135;17;25;43;19;6;19;4;0;1;0;1;0;24;1;12.59;18.52;31.85;14.07;4.44;14.07;2.96;0;0.74;0;0.74;0;14.55;0.74
64202;64;Domezain-Berraute;410;340;333;45;56;72;73;13;41;23;0;9;0;1;0;70;3;13.51;16.82;21.62;21.92;3.9;12.31;6.91;0;2.7;0;0.3;0;17.07;0.9
64203;64;Doumy;244;209;205;30;33;69;22;9;21;18;2;1;0;0;0;35;3;14.63;16.1;33.66;10.73;4.39;10.24;8.78;0.98;0.49;0;0;0;14.34;1.46
64204;64;Eaux-Bonnes;321;241;238;35;50;55;43;3;33;15;0;3;1;0;0;80;1;14.71;21.01;23.11;18.07;1.26;13.87;6.3;0;1.26;0.42;0;0;24.92;0.42
64205;64;Escos;167;139;133;29;18;22;29;8;17;6;2;2;0;0;0;28;3;21.8;13.53;16.54;21.8;6.02;12.78;4.51;1.5;1.5;0;0;0;16.77;2.26
64206;64;Escot;108;86;84;10;11;19;7;2;31;2;1;0;1;0;0;22;0;11.9;13.1;22.62;8.33;2.38;36.9;2.38;1.19;0;1.19;0;0;20.37;0
64207;64;Escou;357;302;297;52;88;49;24;12;44;22;2;3;1;0;0;55;0;17.51;29.63;16.5;8.08;4.04;14.81;7.41;0.67;1.01;0.34;0;0;15.41;0
64208;64;Escoubès;262;208;203;51;55;36;26;7;13;13;0;2;0;0;0;54;1;25.12;27.09;17.73;12.81;3.45;6.4;6.4;0;0.99;0;0;0;20.61;0.49
64209;64;Escout;376;315;307;48;87;74;14;11;45;21;1;5;1;0;0;61;3;15.64;28.34;24.1;4.56;3.58;14.66;6.84;0.33;1.63;0.33;0;0;16.22;0.98
64210;64;Escurès;140;119;116;11;18;39;22;9;9;7;1;0;0;0;0;21;0;9.48;15.52;33.62;18.97;7.76;7.76;6.03;0.86;0;0;0;0;15;0
64211;64;Eslourenties-Daban;222;193;188;45;34;47;20;4;17;16;2;2;1;0;0;29;3;23.94;18.09;25;10.64;2.13;9.04;8.51;1.06;1.06;0.53;0;0;13.06;1.6
64212;64;Espéchède;121;113;106;12;11;33;22;9;9;8;0;2;0;0;0;8;0;11.32;10.38;31.13;20.75;8.49;8.49;7.55;0;1.89;0;0;0;6.61;0
64213;64;Espelette;1680;1390;1347;169;228;298;264;50;163;109;14;37;10;5;0;290;8;12.55;16.93;22.12;19.6;3.71;12.1;8.09;1.04;2.75;0.74;0.37;0;17.26;0.59
64214;64;Espès-Undurein;441;342;330;48;57;61;78;11;44;19;2;7;1;2;0;99;11;14.55;17.27;18.48;23.64;3.33;13.33;5.76;0.61;2.12;0.3;0.61;0;22.45;3.33
64215;64;Espiute;47;40;40;5;9;9;3;2;6;5;0;0;1;0;0;7;0;12.5;22.5;22.5;7.5;5;15;12.5;0;0;2.5;0;0;14.89;0
64216;64;Espoey;825;706;689;125;122;185;106;32;57;42;9;6;2;3;0;119;4;18.14;17.71;26.85;15.38;4.64;8.27;6.1;1.31;0.87;0.29;0.44;0;14.42;0.58
64217;64;Esquiule;460;376;362;38;70;95;39;21;67;19;1;10;2;0;0;84;4;10.5;19.34;26.24;10.77;5.8;18.51;5.25;0.28;2.76;0.55;0;0;18.26;1.1
64218;64;Estérençuby;295;213;210;35;18;29;44;11;58;9;0;5;0;1;0;82;1;16.67;8.57;13.81;20.95;5.24;27.62;4.29;0;2.38;0;0.48;0;27.8;0.48
64219;64;Estialescq;211;186;184;24;50;52;20;6;12;15;3;1;1;0;0;25;0;13.04;27.17;28.26;10.87;3.26;6.52;8.15;1.63;0.54;0.54;0;0;11.85;0
64220;64;Estos;411;353;347;49;77;83;52;25;30;25;0;3;3;0;0;58;2;14.12;22.19;23.92;14.99;7.2;8.65;7.2;0;0.86;0.86;0;0;14.11;0.58
64221;64;Etcharry;114;86;81;23;7;16;14;2;7;5;0;5;2;0;0;28;2;28.4;8.64;19.75;17.28;2.47;8.64;6.17;0;6.17;2.47;0;0;24.56;2.47
64222;64;Etchebar;67;51;51;2;5;7;6;2;14;11;0;3;0;1;0;16;0;3.92;9.8;13.73;11.76;3.92;27.45;21.57;0;5.88;0;1.96;0;23.88;0
64223;64;Etsaut;76;63;61;7;19;6;1;2;12;10;0;4;0;0;0;13;2;11.48;31.15;9.84;1.64;3.28;19.67;16.39;0;6.56;0;0;0;17.11;3.28
64224;64;Eysus;592;467;458;71;131;90;39;15;71;31;2;6;2;0;0;125;0;15.5;28.6;19.65;8.52;3.28;15.5;6.77;0.44;1.31;0.44;0;0;21.11;0
64225;64;Ance-Féas;547;475;466;55;89;118;51;11;94;37;1;5;3;2;0;72;5;11.8;19.1;25.32;10.94;2.36;20.17;7.94;0.21;1.07;0.64;0.43;0;13.16;1.07
64226;64;Fichous-Riumayou;138;104;101;20;15;20;18;2;7;14;2;3;0;0;0;34;2;19.8;14.85;19.8;17.82;1.98;6.93;13.86;1.98;2.97;0;0;0;24.64;1.98
64227;64;Gabaston;555;453;445;80;75;99;78;18;46;29;9;8;3;0;0;102;3;17.98;16.85;22.25;17.53;4.04;10.34;6.52;2.02;1.8;0.67;0;0;18.38;0.67
64228;64;Gabat;179;156;150;12;12;37;38;3;25;6;0;15;2;0;0;23;0;8;8;24.67;25.33;2;16.67;4;0;10;1.33;0;0;12.85;0
64229;64;Gamarthe;90;84;77;2;17;10;11;4;20;3;0;8;2;0;0;6;1;2.6;22.08;12.99;14.29;5.19;25.97;3.9;0;10.39;2.6;0;0;6.67;1.3
64230;64;Gan;4190;3552;3470;498;692;995;573;122;257;259;14;45;11;4;0;638;24;14.35;19.94;28.67;16.51;3.52;7.41;7.46;0.4;1.3;0.32;0.12;0;15.23;0.69
64231;64;Garindein;410;337;329;18;59;74;64;6;73;26;1;5;2;1;0;73;5;5.47;17.93;22.49;19.45;1.82;22.19;7.9;0.3;1.52;0.61;0.3;0;17.8;1.52
64232;64;Garlède-Mondebat;172;144;141;16;15;40;29;5;18;12;2;3;1;0;0;28;0;11.35;10.64;28.37;20.57;3.55;12.77;8.51;1.42;2.13;0.71;0;0;16.28;0
64233;64;Garlin;907;765;748;146;136;216;117;22;50;50;4;3;3;1;0;142;1;19.52;18.18;28.88;15.64;2.94;6.68;6.68;0.53;0.4;0.4;0.13;0;15.66;0.13
64234;64;Garos;166;130;126;18;24;26;31;7;11;6;0;1;2;0;0;36;4;14.29;19.05;20.63;24.6;5.56;8.73;4.76;0;0.79;1.59;0;0;21.69;3.17
64235;64;Garris;259;208;205;21;36;44;55;5;21;13;1;7;1;1;0;51;0;10.24;17.56;21.46;26.83;2.44;10.24;6.34;0.49;3.41;0.49;0.49;0;19.69;0
64236;64;Gayon;64;54;53;13;5;9;13;2;8;3;0;0;0;0;0;10;0;24.53;9.43;16.98;24.53;3.77;15.09;5.66;0;0;0;0;0;15.63;0
64237;64;Gelos;2747;2271;2211;303;473;668;343;78;107;187;20;21;9;2;0;476;14;13.7;21.39;30.21;15.51;3.53;4.84;8.46;0.9;0.95;0.41;0.09;0;17.33;0.63
64238;64;Ger;1585;1354;1322;291;229;371;185;62;81;83;8;11;0;1;0;231;8;22.01;17.32;28.06;13.99;4.69;6.13;6.28;0.61;0.83;0;0.08;0;14.57;0.61
64239;64;Gerderest;98;89;88;15;9;30;8;8;9;9;0;0;0;0;0;9;0;17.05;10.23;34.09;9.09;9.09;10.23;10.23;0;0;0;0;0;9.18;0
64240;64;Gère-Bélesten;193;160;157;17;34;41;29;2;27;6;0;1;0;0;0;33;1;10.83;21.66;26.11;18.47;1.27;17.2;3.82;0;0.64;0;0;0;17.1;0.64
64241;64;Géronce;415;332;326;63;64;83;23;15;51;13;1;11;1;1;0;83;2;19.33;19.63;25.46;7.06;4.6;15.64;3.99;0.31;3.37;0.31;0.31;0;20;0.61
64242;64;Gestas;61;56;54;8;10;16;4;1;8;4;0;2;1;0;0;5;0;14.81;18.52;29.63;7.41;1.85;14.81;7.41;0;3.7;1.85;0;0;8.2;0
64243;64;Géus-d'Arzacq;153;143;140;23;22;35;13;23;9;9;1;3;2;0;0;10;0;16.43;15.71;25;9.29;16.43;6.43;6.43;0.71;2.14;1.43;0;0;6.54;0
64244;64;Geüs-d'Oloron;213;184;181;26;35;43;15;9;30;17;2;3;1;0;0;29;1;14.36;19.34;23.76;8.29;4.97;16.57;9.39;1.1;1.66;0.55;0;0;13.62;0.55
64245;64;Goès;503;420;412;55;115;95;32;13;60;27;3;8;3;1;0;83;0;13.35;27.91;23.06;7.77;3.16;14.56;6.55;0.73;1.94;0.73;0.24;0;16.5;0
64246;64;Gomer;204;182;173;30;42;47;19;12;6;17;0;0;0;0;0;22;2;17.34;24.28;27.17;10.98;6.94;3.47;9.83;0;0;0;0;0;10.78;1.16
64247;64;Gotein-Libarrenx;380;314;306;22;79;90;44;2;34;25;0;7;3;0;0;66;1;7.19;25.82;29.41;14.38;0.65;11.11;8.17;0;2.29;0.98;0;0;17.37;0.33
64249;64;Guéthary;1210;977;959;59;212;287;230;35;41;73;7;10;2;3;0;233;4;6.15;22.11;29.93;23.98;3.65;4.28;7.61;0.73;1.04;0.21;0.31;0;19.26;0.42
64250;64;Guiche;694;568;546;109;110;81;95;45;55;33;7;11;0;0;0;126;6;19.96;20.15;14.84;17.4;8.24;10.07;6.04;1.28;2.01;0;0;0;18.16;1.1
64251;64;Guinarthe-Parenties;198;156;150;23;17;32;17;15;23;13;0;7;3;0;0;42;3;15.33;11.33;21.33;11.33;10;15.33;8.67;0;4.67;2;0;0;21.21;2
64252;64;Gurmençon;624;538;531;62;127;141;52;17;69;44;3;7;8;1;0;86;3;11.68;23.92;26.55;9.79;3.2;12.99;8.29;0.56;1.32;1.51;0.19;0;13.78;0.56
64253;64;Gurs;347;281;279;60;50;56;27;11;48;17;3;3;4;0;0;66;0;21.51;17.92;20.07;9.68;3.94;17.2;6.09;1.08;1.08;1.43;0;0;19.02;0
64254;64;Hagetaubin;432;365;356;62;80;92;37;13;34;29;1;4;4;0;0;67;3;17.42;22.47;25.84;10.39;3.65;9.55;8.15;0.28;1.12;1.12;0;0;15.51;0.84
64255;64;Halsou;436;354;344;58;53;86;52;15;36;28;2;7;6;1;0;82;7;16.86;15.41;25;15.12;4.36;10.47;8.14;0.58;2.03;1.74;0.29;0;18.81;2.03
64256;64;Hasparren;5106;4156;4045;552;616;952;689;149;606;291;39;127;21;3;0;950;22;13.65;15.23;23.54;17.03;3.68;14.98;7.19;0.96;3.14;0.52;0.07;0;18.61;0.54
64257;64;Haut-de-Bosdarros;248;218;210;54;33;48;31;9;11;18;2;4;0;0;0;30;4;25.71;15.71;22.86;14.76;4.29;5.24;8.57;0.95;1.9;0;0;0;12.1;1.9
64258;64;Haux;98;78;72;7;14;15;7;0;14;5;0;10;0;0;0;20;2;9.72;19.44;20.83;9.72;0;19.44;6.94;0;13.89;0;0;0;20.41;2.78
64259;64;Hélette;553;486;477;68;85;91;78;11;84;37;5;16;2;0;0;67;1;14.26;17.82;19.08;16.35;2.31;17.61;7.76;1.05;3.35;0.42;0;0;12.12;0.21
64260;64;Hendaye;8861;6562;6389;865;1715;1622;821;189;271;649;44;157;44;12;0;2299;65;13.54;26.84;25.39;12.85;2.96;4.24;10.16;0.69;2.46;0.69;0.19;0;25.95;1.02
64261;64;Herrère;300;239;235;28;54;51;28;10;36;21;0;6;1;0;0;61;1;11.91;22.98;21.7;11.91;4.26;15.32;8.94;0;2.55;0.43;0;0;20.33;0.43
64262;64;Higuères-Souye;205;179;175;35;33;53;20;8;18;6;1;1;0;0;0;26;2;20;18.86;30.29;11.43;4.57;10.29;3.43;0.57;0.57;0;0;0;12.68;1.14
64263;64;L'Hôpital-d'Orion;125;105;101;4;25;17;18;6;22;8;1;0;0;0;0;20;0;3.96;24.75;16.83;17.82;5.94;21.78;7.92;0.99;0;0;0;0;16;0
64264;64;L'Hôpital-Saint-Blaise;62;58;56;4;9;6;14;3;17;2;0;1;0;0;0;4;1;7.14;16.07;10.71;25;5.36;30.36;3.57;0;1.79;0;0;0;6.45;1.79
64265;64;Hosta;77;61;59;1;8;11;19;2;15;0;2;1;0;0;0;16;0;1.69;13.56;18.64;32.2;3.39;25.42;0;3.39;1.69;0;0;0;20.78;0
64266;64;Hours;200;169;162;33;39;29;19;7;25;7;1;2;0;0;0;31;3;20.37;24.07;17.9;11.73;4.32;15.43;4.32;0.62;1.23;0;0;0;15.5;1.85
64267;64;Ibarrolle;86;71;68;1;12;13;19;0;14;4;0;5;0;0;0;15;1;1.47;17.65;19.12;27.94;0;20.59;5.88;0;7.35;0;0;0;17.44;1.47
64268;64;Idaux-Mendy;231;186;179;19;19;45;36;7;33;14;0;5;1;0;0;45;0;10.61;10.61;25.14;20.11;3.91;18.44;7.82;0;2.79;0.56;0;0;19.48;0
64269;64;Idron;3757;3116;3072;333;458;1120;709;94;99;208;15;22;7;7;0;641;15;10.84;14.91;36.46;23.08;3.06;3.22;6.77;0.49;0.72;0.23;0.23;0;17.06;0.49
64270;64;Igon;707;599;588;106;89;167;100;30;38;38;4;14;2;0;0;108;8;18.03;15.14;28.4;17.01;5.1;6.46;6.46;0.68;2.38;0.34;0;0;15.28;1.36
64271;64;Iholdy;410;338;332;49;30;67;83;14;62;11;1;11;2;2;0;72;1;14.76;9.04;20.18;25;4.22;18.67;3.31;0.3;3.31;0.6;0.6;0;17.56;0.3
64272;64;Ilharre;120;103;102;18;8;19;20;3;21;7;1;5;0;0;0;17;0;17.65;7.84;18.63;19.61;2.94;20.59;6.86;0.98;4.9;0;0;0;14.17;0
64273;64;Irissarry;707;584;570;50;78;143;115;19;100;30;5;23;7;0;0;123;2;8.77;13.68;25.09;20.18;3.33;17.54;5.26;0.88;4.04;1.23;0;0;17.4;0.35
64274;64;Irouléguy;295;241;228;24;35;41;43;5;46;13;0;18;3;0;0;54;2;10.53;15.35;17.98;18.86;2.19;20.18;5.7;0;7.89;1.32;0;0;18.31;0.88
64275;64;Ispoure;515;406;390;31;101;80;65;5;44;40;4;15;5;0;0;109;1;7.95;25.9;20.51;16.67;1.28;11.28;10.26;1.03;3.85;1.28;0;0;21.17;0.26
64276;64;Issor;229;182;177;16;44;25;17;3;61;8;0;1;2;0;0;47;1;9.04;24.86;14.12;9.6;1.69;34.46;4.52;0;0.56;1.13;0;0;20.52;0.56
64277;64;Isturits;308;265;254;27;50;63;37;10;32;23;2;9;0;1;0;43;0;10.63;19.69;24.8;14.57;3.94;12.6;9.06;0.79;3.54;0;0.39;0;13.96;0
64279;64;Itxassou;1702;1406;1373;123;230;298;269;48;177;141;13;64;9;1;0;296;6;8.96;16.75;21.7;19.59;3.5;12.89;10.27;0.95;4.66;0.66;0.07;0;17.39;0.44
64280;64;Izeste;367;287;281;31;77;71;24;7;26;35;1;5;3;1;0;80;1;11.03;27.4;25.27;8.54;2.49;9.25;12.46;0.36;1.78;1.07;0.36;0;21.8;0.36
64281;64;Jasses;128;102;101;19;10;33;11;1;14;12;0;1;0;0;0;26;0;18.81;9.9;32.67;10.89;0.99;13.86;11.88;0;0.99;0;0;0;20.31;0
64282;64;Jatxou;873;743;722;102;129;179;128;29;75;57;5;18;0;0;0;130;1;14.13;17.87;24.79;17.73;4.02;10.39;7.89;0.69;2.49;0;0;0;14.89;0.14
64283;64;Jaxu;150;124;119;6;19;24;25;4;24;7;0;8;2;0;0;26;1;5.04;15.97;20.17;21.01;3.36;20.17;5.88;0;6.72;1.68;0;0;17.33;0.84
64284;64;Jurançon;5368;4251;4154;634;823;1111;730;143;252;354;30;47;23;7;0;1117;21;15.26;19.81;26.75;17.57;3.44;6.07;8.52;0.72;1.13;0.55;0.17;0;20.81;0.51
64285;64;Juxue;164;135;132;6;5;11;38;6;45;11;0;7;2;1;0;29;2;4.55;3.79;8.33;28.79;4.55;34.09;8.33;0;5.3;1.52;0.76;0;17.68;1.52
64286;64;Laà-Mondrans;376;323;311;46;65;73;49;13;26;35;0;3;1;0;0;53;11;14.79;20.9;23.47;15.76;4.18;8.36;11.25;0;0.96;0.32;0;0;14.1;3.54
64287;64;Laàs;136;106;104;6;14;27;20;8;24;4;1;0;0;0;0;30;1;5.77;13.46;25.96;19.23;7.69;23.08;3.85;0.96;0;0;0;0;22.06;0.96
64288;64;Labastide-Cézéracq;390;347;332;61;77;76;39;17;22;33;3;4;0;0;0;43;2;18.37;23.19;22.89;11.75;5.12;6.63;9.94;0.9;1.2;0;0;0;11.03;0.6
64289;64;La Bastide-Clairence;741;612;597;78;94;150;118;27;73;42;7;5;1;2;0;129;6;13.07;15.75;25.13;19.77;4.52;12.23;7.04;1.17;0.84;0.17;0.34;0;17.41;1.01
64290;64;Labastide-Monréjeau;406;349;339;74;60;95;41;17;19;17;5;5;6;0;0;57;1;21.83;17.7;28.02;12.09;5.01;5.6;5.01;1.47;1.47;1.77;0;0;14.04;0.29
64291;64;Labastide-Villefranche;273;215;212;40;46;37;21;15;34;12;5;0;2;0;0;58;0;18.87;21.7;17.45;9.91;7.08;16.04;5.66;2.36;0;0.94;0;0;21.25;0
64292;64;Labatmale;205;157;150;24;29;35;20;7;15;17;0;3;0;0;0;48;0;16;19.33;23.33;13.33;4.67;10;11.33;0;2;0;0;0;23.41;0
64293;64;Labatut;153;122;121;22;14;29;26;4;13;10;1;1;1;0;0;31;1;18.18;11.57;23.97;21.49;3.31;10.74;8.26;0.83;0.83;0.83;0;0;20.26;0.83
64294;64;Labets-Biscay;139;111;108;7;6;26;18;10;31;6;2;2;0;0;0;28;0;6.48;5.56;24.07;16.67;9.26;28.7;5.56;1.85;1.85;0;0;0;20.14;0
64295;64;Labeyrie;94;84;81;19;12;21;11;2;9;6;0;0;1;0;0;10;2;23.46;14.81;25.93;13.58;2.47;11.11;7.41;0;0;1.23;0;0;10.64;2.47
64296;64;Lacadée;108;95;95;24;11;18;16;7;12;4;2;1;0;0;0;13;0;25.26;11.58;18.95;16.84;7.37;12.63;4.21;2.11;1.05;0;0;0;12.04;0
64297;64;Lacarre;126;96;94;11;15;14;21;6;17;5;0;4;0;1;0;30;0;11.7;15.96;14.89;22.34;6.38;18.09;5.32;0;4.26;0;1.06;0;23.81;0
64298;64;Lacarry-Arhan-Charritte-de-Haut;102;72;68;7;11;24;11;2;7;3;0;3;0;0;0;30;1;10.29;16.18;35.29;16.18;2.94;10.29;4.41;0;4.41;0;0;0;29.41;1.47
64299;64;Lacommande;181;156;150;31;33;30;26;2;15;10;0;1;2;0;0;25;2;20.67;22;20;17.33;1.33;10;6.67;0;0.67;1.33;0;0;13.81;1.33
64300;64;Lacq;628;528;510;94;104;140;51;36;23;46;9;4;3;0;0;100;4;18.43;20.39;27.45;10;7.06;4.51;9.02;1.76;0.78;0.59;0;0;15.92;0.78
64301;64;Lagor;888;690;673;148;128;177;69;18;73;40;7;9;4;0;0;198;2;21.99;19.02;26.3;10.25;2.67;10.85;5.94;1.04;1.34;0.59;0;0;22.3;0.3
64302;64;Lagos;387;323;311;58;68;63;45;15;20;35;3;2;2;0;0;64;2;18.65;21.86;20.26;14.47;4.82;6.43;11.25;0.96;0.64;0.64;0;0;16.54;0.64
64303;64;Laguinge-Restoue;151;123;122;12;27;21;8;1;23;17;2;9;2;0;0;28;0;9.84;22.13;17.21;6.56;0.82;18.85;13.93;1.64;7.38;1.64;0;0;18.54;0
64304;64;Lahonce;1940;1599;1568;251;350;436;221;58;78;127;14;27;6;0;0;341;5;16.01;22.32;27.81;14.09;3.7;4.97;8.1;0.89;1.72;0.38;0;0;17.58;0.32
64305;64;Lahontan;400;320;316;61;49;67;44;18;50;22;2;2;1;0;0;80;1;19.3;15.51;21.2;13.92;5.7;15.82;6.96;0.63;0.63;0.32;0;0;20;0.32
64306;64;Lahourcade;625;528;512;101;117;148;59;17;29;31;2;5;2;1;0;97;2;19.73;22.85;28.91;11.52;3.32;5.66;6.05;0.39;0.98;0.39;0.2;0;15.52;0.39
64307;64;Lalongue;168;136;131;32;24;22;16;5;13;16;0;2;1;0;0;32;1;24.43;18.32;16.79;12.21;3.82;9.92;12.21;0;1.53;0.76;0;0;19.05;0.76
64308;64;Lalonquette;217;186;181;51;26;43;24;6;16;14;0;1;0;0;0;31;2;28.18;14.36;23.76;13.26;3.31;8.84;7.73;0;0.55;0;0;0;14.29;1.1
64309;64;Lamayou;168;147;144;20;32;50;15;6;15;4;0;1;1;0;0;21;1;13.89;22.22;34.72;10.42;4.17;10.42;2.78;0;0.69;0.69;0;0;12.5;0.69
64310;64;Lanne-en-Barétous;479;402;392;45;72;91;65;7;83;22;1;2;2;2;0;77;2;11.48;18.37;23.21;16.58;1.79;21.17;5.61;0.26;0.51;0.51;0.51;0;16.08;0.51
64311;64;Lannecaube;130;111;109;23;10;33;14;5;13;9;0;0;1;1;0;19;0;21.1;9.17;30.28;12.84;4.59;11.93;8.26;0;0;0.92;0.92;0;14.62;0
64312;64;Lanneplaà;253;211;206;22;45;42;33;7;37;15;0;5;0;0;0;42;0;10.68;21.84;20.39;16.02;3.4;17.96;7.28;0;2.43;0;0;0;16.6;0
64313;64;Lantabat;238;208;207;33;18;23;52;7;49;11;1;10;3;0;0;30;1;15.94;8.7;11.11;25.12;3.38;23.67;5.31;0.48;4.83;1.45;0;0;12.61;0.48
64314;64;Larceveau-Arros-Cibits;309;256;249;34;33;41;57;10;56;8;1;9;0;0;0;53;0;13.65;13.25;16.47;22.89;4.02;22.49;3.21;0.4;3.61;0;0;0;17.15;0
64315;64;Laroin;843;758;735;110;164;213;102;32;43;47;5;12;6;1;0;85;22;14.97;22.31;28.98;13.88;4.35;5.85;6.39;0.68;1.63;0.82;0.14;0;10.08;2.99
64316;64;Larrau;193;152;147;16;18;35;11;1;46;15;0;1;3;1;0;41;1;10.88;12.24;23.81;7.48;0.68;31.29;10.2;0;0.68;2.04;0.68;0;21.24;0.68
64317;64;Larressore;1434;1197;1178;172;217;264;218;61;113;86;4;39;4;0;0;237;7;14.6;18.42;22.41;18.51;5.18;9.59;7.3;0.34;3.31;0.34;0;0;16.53;0.59
64318;64;Larreule;141;118;116;20;24;29;16;3;11;8;0;4;1;0;0;23;0;17.24;20.69;25;13.79;2.59;9.48;6.9;0;3.45;0.86;0;0;16.31;0
64319;64;Larribar-Sorhapuru;157;122;117;7;10;32;21;7;30;4;0;4;1;1;0;35;1;5.98;8.55;27.35;17.95;5.98;25.64;3.42;0;3.42;0.85;0.85;0;22.29;0.85
64320;64;Laruns;1204;966;941;116;183;260;128;20;151;59;1;18;4;1;0;238;6;12.33;19.45;27.63;13.6;2.13;16.05;6.27;0.11;1.91;0.43;0.11;0;19.77;0.64
64321;64;Lasclaveries;210;173;167;32;30;41;31;3;22;7;0;1;0;0;0;37;1;19.16;17.96;24.55;18.56;1.8;13.17;4.19;0;0.6;0;0;0;17.62;0.6
64322;64;Lasse;274;216;209;22;24;41;47;7;42;10;2;13;1;0;0;58;0;10.53;11.48;19.62;22.49;3.35;20.1;4.78;0.96;6.22;0.48;0;0;21.17;0
64323;64;Lasserre;75;65;61;18;9;14;4;2;9;3;2;0;0;0;0;10;1;29.51;14.75;22.95;6.56;3.28;14.75;4.92;3.28;0;0;0;0;13.33;1.64
64324;64;Lasseube;1383;1170;1140;184;247;245;163;31;165;67;17;16;5;0;0;213;11;16.14;21.67;21.49;14.3;2.72;14.47;5.88;1.49;1.4;0.44;0;0;15.4;0.96
64325;64;Lasseubetat;172;149;148;9;25;33;19;13;30;16;0;2;1;0;0;23;0;6.08;16.89;22.3;12.84;8.78;20.27;10.81;0;1.35;0.68;0;0;13.37;0
64326;64;Lay-Lamidou;92;74;74;12;11;21;11;0;13;5;0;1;0;0;0;18;0;16.22;14.86;28.38;14.86;0;17.57;6.76;0;1.35;0;0;0;19.57;0
64327;64;Lecumberry;151;121;117;8;20;22;21;4;20;12;2;6;2;0;0;30;3;6.84;17.09;18.8;17.95;3.42;17.09;10.26;1.71;5.13;1.71;0;0;19.87;2.56
64328;64;Ledeuix;892;744;731;80;134;201;98;24;95;75;4;14;5;1;0;148;3;10.94;18.33;27.5;13.41;3.28;13;10.26;0.55;1.92;0.68;0.14;0;16.59;0.41
64329;64;Lée;1025;880;858;87;128;292;207;26;46;55;6;8;3;0;0;145;2;10.14;14.92;34.03;24.13;3.03;5.36;6.41;0.7;0.93;0.35;0;0;14.15;0.23
64330;64;Lées-Athas;240;197;192;24;54;28;15;4;53;10;2;1;1;0;0;43;1;12.5;28.13;14.58;7.81;2.08;27.6;5.21;1.04;0.52;0.52;0;0;17.92;0.52
64331;64;Lembeye;562;481;464;85;84;110;75;26;37;33;6;5;3;0;0;81;5;18.32;18.1;23.71;16.16;5.6;7.97;7.11;1.29;1.08;0.65;0;0;14.41;1.08
64332;64;Lème;132;107;104;19;23;33;9;2;4;11;0;3;0;0;0;25;0;18.27;22.12;31.73;8.65;1.92;3.85;10.58;0;2.88;0;0;0;18.94;0
64334;64;Léren;176;155;154;23;34;53;20;8;9;6;1;0;0;0;0;21;0;14.94;22.08;34.42;12.99;5.19;5.84;3.9;0.65;0;0;0;0;11.93;0
64335;64;Lescar;7410;6213;6084;825;1128;1995;1083;256;201;473;44;59;15;5;0;1197;28;13.56;18.54;32.79;17.8;4.21;3.3;7.77;0.72;0.97;0.25;0.08;0;16.15;0.46
64336;64;Lescun;230;191;187;10;37;34;13;8;63;14;1;2;2;3;0;39;3;5.35;19.79;18.18;6.95;4.28;33.69;7.49;0.53;1.07;1.07;1.6;0;16.96;1.6
64337;64;Lespielle;123;89;88;24;18;18;5;5;13;4;0;0;1;0;0;34;0;27.27;20.45;20.45;5.68;5.68;14.77;4.55;0;0;1.14;0;0;27.64;0
64338;64;Lespourcy;131;119;112;31;14;25;16;4;13;9;0;0;0;0;0;12;0;27.68;12.5;22.32;14.29;3.57;11.61;8.04;0;0;0;0;0;9.16;0
64339;64;Lestelle-Bétharram;630;512;500;108;74;130;77;20;42;42;1;4;2;0;0;118;4;21.6;14.8;26;15.4;4;8.4;8.4;0.2;0.8;0.4;0;0;18.73;0.8
64340;64;Lichans-Sunhar;69;57;55;2;14;9;2;0;12;2;0;14;0;0;0;12;0;3.64;25.45;16.36;3.64;0;21.82;3.64;0;25.45;0;0;0;17.39;0
64341;64;Lichos;100;72;70;8;6;19;18;2;15;1;0;1;0;0;0;28;0;11.43;8.57;27.14;25.71;2.86;21.43;1.43;0;1.43;0;0;0;28;0
64342;64;Licq-Athérey;191;157;153;13;18;49;26;4;23;15;2;3;0;0;0;34;0;8.5;11.76;32.03;16.99;2.61;15.03;9.8;1.31;1.96;0;0;0;17.8;0
64343;64;Limendous;423;371;364;79;59;107;39;16;34;22;4;2;2;0;0;52;2;21.7;16.21;29.4;10.71;4.4;9.34;6.04;1.1;0.55;0.55;0;0;12.29;0.55
64344;64;Livron;313;264;257;47;36;84;28;11;28;18;1;3;1;0;0;49;1;18.29;14.01;32.68;10.89;4.28;10.89;7;0.39;1.17;0.39;0;0;15.65;0.39
64345;64;Lohitzun-Oyhercq;178;143;138;16;18;23;25;6;39;6;0;5;0;0;0;35;1;11.59;13.04;16.67;18.12;4.35;28.26;4.35;0;3.62;0;0;0;19.66;0.72
64346;64;Lombia;173;143;137;30;21;37;20;11;11;4;1;1;1;0;0;30;2;21.9;15.33;27.01;14.6;8.03;8.03;2.92;0.73;0.73;0.73;0;0;17.34;1.46
64347;64;Lonçon;150;127;122;33;19;28;23;10;5;3;0;1;0;0;0;23;2;27.05;15.57;22.95;18.85;8.2;4.1;2.46;0;0.82;0;0;0;15.33;1.64
64348;64;Lons;9259;7674;7496;1045;1435;2260;1326;364;289;617;52;73;24;11;0;1585;52;13.94;19.14;30.15;17.69;4.86;3.86;8.23;0.69;0.97;0.32;0.15;0;17.12;0.69
64349;64;Loubieng;404;333;322;72;59;80;43;15;21;26;0;4;2;0;0;71;2;22.36;18.32;24.84;13.35;4.66;6.52;8.07;0;1.24;0.62;0;0;17.57;0.62
64350;64;Louhossoa;659;505;494;84;103;84;83;23;53;38;0;19;5;2;0;154;10;17;20.85;17;16.8;4.66;10.73;7.69;0;3.85;1.01;0.4;0;23.37;2.02
64351;64;Lourdios-Ichère;138;122;121;6;6;9;11;2;83;2;0;0;2;0;0;16;0;4.96;4.96;7.44;9.09;1.65;68.6;1.65;0;0;1.65;0;0;11.59;0
64352;64;Lourenties;247;231;225;40;53;56;24;16;21;11;1;3;0;0;0;16;3;17.78;23.56;24.89;10.67;7.11;9.33;4.89;0.44;1.33;0;0;0;6.48;1.33
64353;64;Louvie-Juzon;913;738;722;105;214;151;85;21;78;43;12;11;1;1;0;175;5;14.54;29.64;20.91;11.77;2.91;10.8;5.96;1.66;1.52;0.14;0.14;0;19.17;0.69
64354;64;Louvie-Soubiron;109;90;88;12;20;25;7;2;11;8;0;3;0;0;0;19;1;13.64;22.73;28.41;7.95;2.27;12.5;9.09;0;3.41;0;0;0;17.43;1.14
64355;64;Louvigny;108;88;84;16;6;15;18;5;8;14;2;0;0;0;0;20;2;19.05;7.14;17.86;21.43;5.95;9.52;16.67;2.38;0;0;0;0;18.52;2.38
64356;64;Luc-Armau;92;71;68;11;14;16;8;3;10;6;0;0;0;0;0;21;0;16.18;20.59;23.53;11.76;4.41;14.71;8.82;0;0;0;0;0;22.83;0
64357;64;Lucarré;50;41;40;11;8;5;7;0;4;5;0;0;0;0;0;9;0;27.5;20;12.5;17.5;0;10;12.5;0;0;0;0;0;18;0
64358;64;Lucgarier;238;202;197;21;42;48;30;8;20;19;2;5;2;0;0;36;0;10.66;21.32;24.37;15.23;4.06;10.15;9.64;1.02;2.54;1.02;0;0;15.13;0
64359;64;Lucq-de-Béarn;807;624;611;70;134;119;81;28;98;66;8;4;2;1;0;183;13;11.46;21.93;19.48;13.26;4.58;16.04;10.8;1.31;0.65;0.33;0.16;0;22.68;2.13
64360;64;Lurbe-Saint-Christau;188;145;145;23;25;20;21;7;38;9;0;2;0;0;0;43;0;15.86;17.24;13.79;14.48;4.83;26.21;6.21;0;1.38;0;0;0;22.87;0
64361;64;Lussagnet-Lusson;128;103;98;25;19;19;6;6;13;2;3;4;1;0;0;25;1;25.51;19.39;19.39;6.12;6.12;13.27;2.04;3.06;4.08;1.02;0;0;19.53;1.02
64362;64;Luxe-Sumberraute;242;201;197;21;32;45;41;5;34;9;4;6;0;0;0;41;1;10.66;16.24;22.84;20.81;2.54;17.26;4.57;2.03;3.05;0;0;0;16.94;0.51
64363;64;Lys;262;214;211;34;54;31;41;9;30;9;0;1;2;0;0;48;0;16.11;25.59;14.69;19.43;4.27;14.22;4.27;0;0.47;0.95;0;0;18.32;0
64364;64;Macaye;480;379;365;36;58;74;67;18;66;17;2;23;4;0;0;101;8;9.86;15.89;20.27;18.36;4.93;18.08;4.66;0.55;6.3;1.1;0;0;21.04;2.19
64365;64;Malaussanne;372;310;304;56;57;80;51;6;35;16;0;2;1;0;0;62;0;18.42;18.75;26.32;16.78;1.97;11.51;5.26;0;0.66;0.33;0;0;16.67;0
64366;64;Mascaraàs-Haron;123;108;104;25;17;37;10;3;6;3;1;1;1;0;0;15;0;24.04;16.35;35.58;9.62;2.88;5.77;2.88;0.96;0.96;0.96;0;0;12.2;0
64367;64;Maslacq;660;548;534;92;105;162;55;27;38;40;5;6;2;2;0;112;3;17.23;19.66;30.34;10.3;5.06;7.12;7.49;0.94;1.12;0.37;0.37;0;16.97;0.56
64368;64;Masparraute;183;165;162;12;29;36;20;13;40;8;0;2;2;0;0;18;2;7.41;17.9;22.22;12.35;8.02;24.69;4.94;0;1.23;1.23;0;0;9.84;1.23
64369;64;Maspie-Lalonquère-Juillacq;217;174;170;27;37;33;38;10;11;12;2;0;0;0;0;43;0;15.88;21.76;19.41;22.35;5.88;6.47;7.06;1.18;0;0;0;0;19.82;0
64370;64;Maucor;419;335;330;44;44;120;51;17;26;18;4;5;1;0;0;84;0;13.33;13.33;36.36;15.45;5.15;7.88;5.45;1.21;1.52;0.3;0;0;20.05;0
64371;64;Mauléon-Licharre;2229;1815;1761;160;466;448;265;47;160;140;9;45;19;2;0;414;21;9.09;26.46;25.44;15.05;2.67;9.09;7.95;0.51;2.56;1.08;0.11;0;18.57;1.19
64372;64;Maure;90;70;69;10;6;18;13;3;13;6;0;0;0;0;0;20;0;14.49;8.7;26.09;18.84;4.35;18.84;8.7;0;0;0;0;0;22.22;0
64373;64;Mazères-Lezons;1584;1291;1257;186;256;376;187;47;66;109;12;12;5;1;0;293;12;14.8;20.37;29.91;14.88;3.74;5.25;8.67;0.95;0.95;0.4;0.08;0;18.5;0.95
64374;64;Mazerolles;868;712;679;150;124;151;120;36;47;30;6;9;6;0;0;156;7;22.09;18.26;22.24;17.67;5.3;6.92;4.42;0.88;1.33;0.88;0;0;17.97;1.03
64375;64;Méharin;215;176;174;21;9;49;40;4;38;4;3;5;1;0;0;39;1;12.07;5.17;28.16;22.99;2.3;21.84;2.3;1.72;2.87;0.57;0;0;18.14;0.57
64376;64;Meillon;649;547;533;87;103;140;119;16;34;27;0;7;0;0;0;102;12;16.32;19.32;26.27;22.33;3;6.38;5.07;0;1.31;0;0;0;15.72;2.25
64377;64;Mendionde;631;538;526;61;96;108;72;20;94;44;4;23;2;2;0;93;5;11.6;18.25;20.53;13.69;3.8;17.87;8.37;0.76;4.37;0.38;0.38;0;14.74;0.95
64378;64;Menditte;181;139;137;15;39;15;9;2;30;20;1;3;3;0;0;42;0;10.95;28.47;10.95;6.57;1.46;21.9;14.6;0.73;2.19;2.19;0;0;23.2;0
64379;64;Mendive;153;121;118;15;15;12;27;5;31;6;2;5;0;0;0;32;1;12.71;12.71;10.17;22.88;4.24;26.27;5.08;1.69;4.24;0;0;0;20.92;0.85
64380;64;Méracq;187;152;149;17;39;30;29;2;20;10;0;2;0;0;0;35;1;11.41;26.17;20.13;19.46;1.34;13.42;6.71;0;1.34;0;0;0;18.72;0.67
64381;64;Méritein;248;201;194;29;23;38;40;15;31;13;1;3;1;0;0;47;2;14.95;11.86;19.59;20.62;7.73;15.98;6.7;0.52;1.55;0.52;0;0;18.95;1.03
64382;64;Mesplède;297;263;254;46;36;77;28;16;32;14;2;1;1;1;0;34;5;18.11;14.17;30.31;11.02;6.3;12.6;5.51;0.79;0.39;0.39;0.39;0;11.45;1.97
64383;64;Mialos;102;91;89;12;18;18;4;7;7;19;2;1;1;0;0;11;0;13.48;20.22;20.22;4.49;7.87;7.87;21.35;2.25;1.12;1.12;0;0;10.78;0
64385;64;Miossens-Lanusse;204;170;166;26;18;44;31;5;17;17;0;6;2;0;0;34;1;15.66;10.84;26.51;18.67;3.01;10.24;10.24;0;3.61;1.2;0;0;16.67;0.6
64386;64;Mirepeix;1009;824;813;174;195;193;94;46;34;57;5;12;2;1;0;185;4;21.4;23.99;23.74;11.56;5.66;4.18;7.01;0.62;1.48;0.25;0.12;0;18.33;0.49
64387;64;Momas;428;380;374;84;54;79;70;26;35;19;2;3;2;0;0;48;2;22.46;14.44;21.12;18.72;6.95;9.36;5.08;0.53;0.8;0.53;0;0;11.21;0.53
64388;64;Momy;117;90;86;20;9;16;20;0;13;6;0;1;0;1;0;27;2;23.26;10.47;18.6;23.26;0;15.12;6.98;0;1.16;0;1.16;0;23.08;2.33
64389;64;Monassut-Audiracq;290;261;247;55;31;72;40;16;15;14;0;4;0;0;0;29;4;22.27;12.55;29.15;16.19;6.48;6.07;5.67;0;1.62;0;0;0;10;1.62
64390;64;Moncaup;147;128;125;23;22;40;16;2;13;7;1;0;0;1;0;19;1;18.4;17.6;32;12.8;1.6;10.4;5.6;0.8;0;0;0.8;0;12.93;0.8
64391;64;Moncayolle-Larrory-Mendibieu;276;206;200;25;34;38;24;10;51;11;0;5;1;1;0;70;2;12.5;17;19;12;5;25.5;5.5;0;2.5;0.5;0.5;0;25.36;1
64392;64;Moncla;98;79;77;19;16;20;11;3;7;1;0;0;0;0;0;19;0;24.68;20.78;25.97;14.29;3.9;9.09;1.3;0;0;0;0;0;19.39;0
64393;64;Monein;3587;2965;2906;407;685;776;373;141;246;223;21;23;9;2;0;622;20;14.01;23.57;26.7;12.84;4.85;8.47;7.67;0.72;0.79;0.31;0.07;0;17.34;0.69
64394;64;Monpezat;83;71;70;15;15;24;7;0;5;4;0;0;0;0;0;12;0;21.43;21.43;34.29;10;0;7.14;5.71;0;0;0;0;0;14.46;0
64395;64;Monségur;112;95;92;17;19;27;13;3;10;3;0;0;0;0;0;17;1;18.48;20.65;29.35;14.13;3.26;10.87;3.26;0;0;0;0;0;15.18;1.09
64396;64;Mont;829;657;631;141;152;141;63;28;44;46;1;7;6;2;0;172;6;22.35;24.09;22.35;9.98;4.44;6.97;7.29;0.16;1.11;0.95;0.32;0;20.75;0.95
64397;64;Montagut;106;85;82;14;14;14;11;1;19;6;0;2;0;1;0;21;2;17.07;17.07;17.07;13.41;1.22;23.17;7.32;0;2.44;0;1.22;0;19.81;2.44
64398;64;Montaner;391;317;310;66;44;88;55;10;22;16;0;7;2;0;0;74;1;21.29;14.19;28.39;17.74;3.23;7.1;5.16;0;2.26;0.65;0;0;18.93;0.32
64399;64;Montardon;1795;1530;1487;222;225;515;254;67;68;103;9;15;6;3;0;265;13;14.93;15.13;34.63;17.08;4.51;4.57;6.93;0.61;1.01;0.4;0.2;0;14.76;0.87
64400;64;Montaut;918;750;731;154;169;149;106;41;45;46;11;4;5;1;0;168;3;21.07;23.12;20.38;14.5;5.61;6.16;6.29;1.5;0.55;0.68;0.14;0;18.3;0.41
64401;64;Mont-Disse;77;64;63;11;9;21;8;5;4;4;0;0;0;1;0;13;1;17.46;14.29;33.33;12.7;7.94;6.35;6.35;0;0;0;1.59;0;16.88;1.59
64403;64;Montfort;161;133;132;23;19;23;20;1;38;6;1;0;1;0;0;28;0;17.42;14.39;17.42;15.15;0.76;28.79;4.55;0.76;0;0.76;0;0;17.39;0
64404;64;Montory;298;253;248;20;51;56;26;14;61;14;0;4;0;2;0;45;0;8.06;20.56;22.58;10.48;5.65;24.6;5.65;0;1.61;0;0.81;0;15.1;0
64405;64;Morlaàs;3428;2731;2662;399;464;811;498;116;139;179;18;27;11;0;0;697;19;14.99;17.43;30.47;18.71;4.36;5.22;6.72;0.68;1.01;0.41;0;0;20.33;0.71
64406;64;Morlanne;461;401;391;65;94;94;53;13;33;28;2;7;2;0;0;60;5;16.62;24.04;24.04;13.55;3.32;8.44;7.16;0.51;1.79;0.51;0;0;13.02;1.28
64407;64;Mouguerre;4038;3429;3364;576;677;852;560;147;191;280;21;48;9;3;0;609;12;17.12;20.12;25.33;16.65;4.37;5.68;8.32;0.62;1.43;0.27;0.09;0;15.08;0.36
64408;64;Mouhous;53;45;43;14;1;9;5;2;7;4;0;1;0;0;0;8;1;32.56;2.33;20.93;11.63;4.65;16.28;9.3;0;2.33;0;0;0;15.09;2.33
64409;64;Moumour;630;521;512;61;119;100;73;24;88;39;2;1;2;3;0;109;1;11.91;23.24;19.53;14.26;4.69;17.19;7.62;0.39;0.2;0.39;0.59;0;17.3;0.2
64410;64;Mourenx;4793;3317;3229;757;927;616;246;91;137;359;14;59;21;2;0;1476;30;23.44;28.71;19.08;7.62;2.82;4.24;11.12;0.43;1.83;0.65;0.06;0;30.79;0.93
64411;64;Musculdy;212;176;169;3;32;45;19;3;44;12;0;10;1;0;0;36;0;1.78;18.93;26.63;11.24;1.78;26.04;7.1;0;5.92;0.59;0;0;16.98;0
64412;64;Nabas;85;62;59;10;5;14;13;2;9;2;2;1;1;0;0;23;0;16.95;8.47;23.73;22.03;3.39;15.25;3.39;3.39;1.69;1.69;0;0;27.06;0
64413;64;Narcastet;510;437;425;87;72;125;66;18;16;35;1;3;2;0;0;73;2;20.47;16.94;29.41;15.53;4.24;3.76;8.24;0.24;0.71;0.47;0;0;14.31;0.47
64414;64;Narp;108;85;82;20;14;14;24;1;8;0;0;0;1;0;0;23;1;24.39;17.07;17.07;29.27;1.22;9.76;0;0;0;1.22;0;0;21.3;1.22
64415;64;Navailles-Angos;1054;910;893;145;150;263;145;41;61;62;6;12;7;1;0;144;4;16.24;16.8;29.45;16.24;4.59;6.83;6.94;0.67;1.34;0.78;0.11;0;13.66;0.45
64416;64;Navarrenx;770;603;593;84;87;133;123;22;74;54;8;6;1;1;0;167;4;14.17;14.67;22.43;20.74;3.71;12.48;9.11;1.35;1.01;0.17;0.17;0;21.69;0.67
64417;64;Nay;2266;1835;1789;292;374;476;318;83;87;114;16;19;10;0;0;431;12;16.32;20.91;26.61;17.78;4.64;4.86;6.37;0.89;1.06;0.56;0;0;19.02;0.67
64418;64;Noguères;105;89;88;19;10;16;19;8;10;5;1;0;0;0;0;16;1;21.59;11.36;18.18;21.59;9.09;11.36;5.68;1.14;0;0;0;0;15.24;1.14
64419;64;Nousty;1083;950;927;145;146;311;147;36;44;78;6;10;1;3;0;133;6;15.64;15.75;33.55;15.86;3.88;4.75;8.41;0.65;1.08;0.11;0.32;0;12.28;0.65
64420;64;Ogenne-Camptort;202;180;178;23;21;47;23;18;34;9;3;0;0;0;0;22;1;12.92;11.8;26.4;12.92;10.11;19.1;5.06;1.69;0;0;0;0;10.89;0.56
64421;64;Ogeu-les-Bains;1064;875;856;132;192;215;110;46;70;62;2;19;7;1;0;189;5;15.42;22.43;25.12;12.85;5.37;8.18;7.24;0.23;2.22;0.82;0.12;0;17.76;0.58
64422;64;Oloron-Sainte-Marie;8106;6345;6213;728;1711;1401;738;203;687;594;25;81;32;13;0;1761;38;11.72;27.54;22.55;11.88;3.27;11.06;9.56;0.4;1.3;0.52;0.21;0;21.72;0.61
64423;64;Oraàs;141;121;118;16;22;34;16;3;13;13;0;1;0;0;0;20;1;13.56;18.64;28.81;13.56;2.54;11.02;11.02;0;0.85;0;0;0;14.18;0.85
64424;64;Ordiarp;473;388;373;22;59;101;50;9;85;36;0;10;1;0;0;85;2;5.9;15.82;27.08;13.4;2.41;22.79;9.65;0;2.68;0.27;0;0;17.97;0.54
64425;64;Orègue;398;329;317;36;47;69;56;10;63;22;0;9;5;0;0;69;2;11.36;14.83;21.77;17.67;3.15;19.87;6.94;0;2.84;1.58;0;0;17.34;0.63
64426;64;Orin;205;176;174;30;29;43;20;9;25;12;2;2;2;0;0;29;0;17.24;16.67;24.71;11.49;5.17;14.37;6.9;1.15;1.15;1.15;0;0;14.15;0
64427;64;Orion;126;114;113;8;21;27;13;6;35;3;0;0;0;0;0;12;0;7.08;18.58;23.89;11.5;5.31;30.97;2.65;0;0;0;0;0;9.52;0
64428;64;Orriule;117;103;102;8;22;19;20;4;24;4;0;0;1;0;0;14;0;7.84;21.57;18.63;19.61;3.92;23.53;3.92;0;0;0.98;0;0;11.97;0
64429;64;Orsanco;91;81;78;6;14;12;22;0;18;1;0;5;0;0;0;10;1;7.69;17.95;15.38;28.21;0;23.08;1.28;0;6.41;0;0;0;10.99;1.28
64430;64;Orthez;8188;6264;6114;770;1341;1669;852;225;429;672;41;85;23;7;0;1924;49;12.59;21.93;27.3;13.94;3.68;7.02;10.99;0.67;1.39;0.38;0.11;0;23.5;0.8
64431;64;Os-Marsillon;417;357;343;74;92;73;32;16;20;29;2;3;2;0;0;60;3;21.57;26.82;21.28;9.33;4.66;5.83;8.45;0.58;0.87;0.58;0;0;14.39;0.87
64432;64;Ossas-Suhare;76;63;62;5;13;15;6;1;6;5;0;10;1;0;0;13;1;8.06;20.97;24.19;9.68;1.61;9.68;8.06;0;16.13;1.61;0;0;17.11;1.61
64433;64;Osse-en-Aspe;258;209;203;8;60;39;22;3;52;16;1;1;1;0;0;49;3;3.94;29.56;19.21;10.84;1.48;25.62;7.88;0.49;0.49;0.49;0;0;18.99;1.48
64434;64;Ossenx;40;30;30;4;0;8;4;2;10;2;0;0;0;0;0;10;0;13.33;0;26.67;13.33;6.67;33.33;6.67;0;0;0;0;0;25;0
64435;64;Osserain-Rivareyte;199;168;168;21;29;61;16;3;16;12;3;6;1;0;0;31;0;12.5;17.26;36.31;9.52;1.79;9.52;7.14;1.79;3.57;0.6;0;0;15.58;0
64436;64;Ossès;704;544;529;53;85;112;111;16;73;41;6;24;4;4;0;160;13;10.02;16.07;21.17;20.98;3.02;13.8;7.75;1.13;4.54;0.76;0.76;0;22.73;2.46
64437;64;Ostabat-Asme;183;147;142;9;36;23;19;4;20;14;5;11;1;0;0;36;0;6.34;25.35;16.2;13.38;2.82;14.08;9.86;3.52;7.75;0.7;0;0;19.67;0
64438;64;Ouillon;376;328;315;48;59;97;36;14;25;31;0;3;2;0;0;48;3;15.24;18.73;30.79;11.43;4.44;7.94;9.84;0;0.95;0.63;0;0;12.77;0.95
64439;64;Ousse;1255;1068;1049;166;197;328;152;57;42;88;7;7;4;1;0;187;2;15.82;18.78;31.27;14.49;5.43;4;8.39;0.67;0.67;0.38;0.1;0;14.9;0.19
64440;64;Ozenx-Montestrucq;329;279;271;38;49;81;32;10;31;26;1;2;1;0;0;50;1;14.02;18.08;29.89;11.81;3.69;11.44;9.59;0.37;0.74;0.37;0;0;15.2;0.37
64441;64;Pagolle;214;165;159;13;15;38;20;3;46;10;0;11;2;1;0;49;2;8.18;9.43;23.9;12.58;1.89;28.93;6.29;0;6.92;1.26;0.63;0;22.9;1.26
64442;64;Parbayse;234;192;187;25;49;54;23;7;14;11;0;4;0;0;0;42;3;13.37;26.2;28.88;12.3;3.74;7.49;5.88;0;2.14;0;0;0;17.95;1.6
64443;64;Pardies;716;625;601;97;123;161;107;18;39;41;5;8;1;1;0;91;16;16.14;20.47;26.79;17.8;3;6.49;6.82;0.83;1.33;0.17;0.17;0;12.71;2.66
64444;64;Pardies-Piétat;349;305;296;61;69;82;30;12;17;19;0;6;0;0;0;44;3;20.61;23.31;27.7;10.14;4.05;5.74;6.42;0;2.03;0;0;0;12.61;1.01
64445;64;Pau;48061;36551;35794;4298;7856;10721;6430;1078;1278;3215;298;403;156;61;0;11510;245;12.01;21.95;29.95;17.96;3.01;3.57;8.98;0.83;1.13;0.44;0.17;0;23.95;0.68
64446;64;Peyrelongue-Abos;119;112;110;27;19;19;16;2;15;10;0;0;2;0;0;7;1;24.55;17.27;17.27;14.55;1.82;13.64;9.09;0;0;1.82;0;0;5.88;0.91
64447;64;Piets-Plasence-Moustrou;117;94;92;12;16;24;20;5;13;1;1;0;0;0;0;23;0;13.04;17.39;26.09;21.74;5.43;14.13;1.09;1.09;0;0;0;0;19.66;0
64448;64;Poey-de-Lescar;1239;1080;1058;188;190;334;143;48;57;79;8;8;3;0;0;159;6;17.77;17.96;31.57;13.52;4.54;5.39;7.47;0.76;0.76;0.28;0;0;12.83;0.57
64449;64;Poey-d'Oloron;156;135;132;27;17;19;21;8;31;4;0;3;1;1;0;21;1;20.45;12.88;14.39;15.91;6.06;23.48;3.03;0;2.27;0.76;0.76;0;13.46;0.76
64450;64;Pomps;214;170;167;35;39;39;28;10;7;3;0;2;3;1;0;44;0;20.96;23.35;23.35;16.77;5.99;4.19;1.8;0;1.2;1.8;0.6;0;20.56;0
64451;64;Ponson-Debat-Pouts;81;65;63;26;8;16;2;1;4;4;2;0;0;0;0;16;1;41.27;12.7;25.4;3.17;1.59;6.35;6.35;3.17;0;0;0;0;19.75;1.59
64452;64;Ponson-Dessus;223;204;199;25;23;78;28;11;19;8;2;1;4;0;0;19;2;12.56;11.56;39.2;14.07;5.53;9.55;4.02;1.01;0.5;2.01;0;0;8.52;1.01
64453;64;Pontacq;2066;1749;1712;338;291;425;312;99;109;94;7;27;6;4;0;317;16;19.74;17;24.82;18.22;5.78;6.37;5.49;0.41;1.58;0.35;0.23;0;15.34;0.93
64454;64;Pontiacq-Viellepinte;128;113;110;23;11;29;20;5;17;1;1;1;2;0;0;15;0;20.91;10;26.36;18.18;4.55;15.45;0.91;0.91;0.91;1.82;0;0;11.72;0
64455;64;Portet;143;126;124;26;26;26;23;6;9;5;0;1;2;0;0;17;0;20.97;20.97;20.97;18.55;4.84;7.26;4.03;0;0.81;1.61;0;0;11.89;0
64456;64;Pouliacq;48;36;33;15;10;4;1;1;1;1;0;0;0;0;0;12;1;45.45;30.3;12.12;3.03;3.03;3.03;3.03;0;0;0;0;0;25;3.03
64457;64;Poursiugues-Boucoue;174;151;150;20;20;41;27;6;18;13;2;3;0;0;0;23;0;13.33;13.33;27.33;18;4;12;8.67;1.33;2;0;0;0;13.22;0
64458;64;Préchacq-Josbaig;242;215;211;32;44;29;23;4;47;24;4;2;1;1;0;27;1;15.17;20.85;13.74;10.9;1.9;22.27;11.37;1.9;0.95;0.47;0.47;0;11.16;0.47
64459;64;Préchacq-Navarrenx;144;131;130;16;21;36;15;7;24;7;0;2;2;0;0;13;0;12.31;16.15;27.69;11.54;5.38;18.46;5.38;0;1.54;1.54;0;0;9.03;0
64460;64;Précilhon;322;273;269;36;86;71;19;9;30;13;3;2;0;0;0;49;0;13.38;31.97;26.39;7.06;3.35;11.15;4.83;1.12;0.74;0;0;0;15.22;0
64461;64;Puyoô;809;604;590;122;135;116;59;21;47;69;6;8;7;0;0;205;5;20.68;22.88;19.66;10;3.56;7.97;11.69;1.02;1.36;1.19;0;0;25.34;0.85
64462;64;Ramous;346;316;309;57;78;74;34;12;23;20;3;2;5;1;0;30;0;18.45;25.24;23.95;11;3.88;7.44;6.47;0.97;0.65;1.62;0.32;0;8.67;0
64463;64;Rébénacq;548;477;468;66;126;114;59;30;39;25;1;5;3;0;0;71;2;14.1;26.92;24.36;12.61;6.41;8.33;5.34;0.21;1.07;0.64;0;0;12.96;0.43
64464;64;Ribarrouy;79;69;67;10;6;18;10;4;9;10;0;0;0;0;0;10;0;14.93;8.96;26.87;14.93;5.97;13.43;14.93;0;0;0;0;0;12.66;0
64465;64;Riupeyrous;157;138;136;23;15;45;20;10;8;10;1;3;1;0;0;19;0;16.91;11.03;33.09;14.71;7.35;5.88;7.35;0.74;2.21;0.74;0;0;12.1;0
64466;64;Rivehaute;202;152;149;33;23;23;18;2;28;15;0;6;1;0;0;50;1;22.15;15.44;15.44;12.08;1.34;18.79;10.07;0;4.03;0.67;0;0;24.75;0.67
64467;64;Rontignon;588;497;488;62;115;154;86;9;18;37;3;4;0;0;0;91;3;12.7;23.57;31.56;17.62;1.84;3.69;7.58;0.61;0.82;0;0;0;15.48;0.61
64468;64;Roquiague;108;84;81;5;9;16;20;1;24;3;0;3;0;0;0;24;0;6.17;11.11;19.75;24.69;1.23;29.63;3.7;0;3.7;0;0;0;22.22;0
64469;64;Saint-Abit;283;209;204;37;48;48;24;8;15;17;3;3;0;1;0;74;2;18.14;23.53;23.53;11.76;3.92;7.35;8.33;1.47;1.47;0;0.49;0;26.15;0.98
64470;64;Saint-Armou;470;392;378;57;65;112;68;12;32;24;0;4;3;1;0;78;5;15.08;17.2;29.63;17.99;3.17;8.47;6.35;0;1.06;0.79;0.26;0;16.6;1.32
64471;64;Saint-Boès;314;262;252;28;55;67;31;13;26;22;3;4;3;0;0;52;2;11.11;21.83;26.59;12.3;5.16;10.32;8.73;1.19;1.59;1.19;0;0;16.56;0.79
64472;64;Saint-Castin;650;572;557;98;109;167;74;33;21;47;2;6;0;0;0;78;6;17.59;19.57;29.98;13.29;5.92;3.77;8.44;0.36;1.08;0;0;0;12;1.08
64473;64;Sainte-Colome;287;242;236;30;60;61;23;10;28;15;4;4;1;0;0;45;0;12.71;25.42;25.85;9.75;4.24;11.86;6.36;1.69;1.69;0.42;0;0;15.68;0
64474;64;Saint-Dos;115;83;83;14;13;12;14;2;16;8;0;2;1;1;0;32;0;16.87;15.66;14.46;16.87;2.41;19.28;9.64;0;2.41;1.2;1.2;0;27.83;0
64475;64;Sainte-Engrâce;226;175;170;20;19;46;24;1;50;7;2;0;1;0;0;51;1;11.76;11.18;27.06;14.12;0.59;29.41;4.12;1.18;0;0.59;0;0;22.57;0.59
64476;64;Saint-Esteben;344;304;294;49;40;59;42;6;62;14;3;18;1;0;0;40;3;16.67;13.61;20.07;14.29;2.04;21.09;4.76;1.02;6.12;0.34;0;0;11.63;1.02
64477;64;Saint-Etienne-de-Baïgorry;1380;1026;996;102;115;202;199;31;158;90;10;80;7;2;0;354;8;10.24;11.55;20.28;19.98;3.11;15.86;9.04;1;8.03;0.7;0.2;0;25.65;0.8
64478;64;Saint-Faust;617;542;533;62;114;159;68;28;37;48;5;9;3;0;0;75;4;11.63;21.39;29.83;12.76;5.25;6.94;9.01;0.94;1.69;0.56;0;0;12.16;0.75
64479;64;Saint-Girons;143;117;116;15;17;26;18;9;20;10;0;1;0;0;0;26;0;12.93;14.66;22.41;15.52;7.76;17.24;8.62;0;0.86;0;0;0;18.18;0
64480;64;Saint-Gladie-Arrive-Munein;163;137;135;21;20;30;21;10;26;4;0;3;0;0;0;26;0;15.56;14.81;22.22;15.56;7.41;19.26;2.96;0;2.22;0;0;0;15.95;0
64481;64;Saint-Goin;191;162;159;26;39;35;14;7;17;17;1;1;2;0;0;29;1;16.35;24.53;22.01;8.81;4.4;10.69;10.69;0.63;0.63;1.26;0;0;15.18;0.63
64482;64;Saint-Jammes;491;397;388;54;79;120;71;18;15;22;3;3;2;1;0;94;4;13.92;20.36;30.93;18.3;4.64;3.87;5.67;0.77;0.77;0.52;0.26;0;19.14;1.03
64483;64;Saint-Jean-de-Luz;10930;8793;8608;961;1440;2296;2377;278;392;607;52;140;52;13;0;2137;56;11.16;16.73;26.67;27.61;3.23;4.55;7.05;0.6;1.63;0.6;0.15;0;19.55;0.65
64484;64;Saint-Jean-le-Vieux;735;623;607;67;95;143;150;17;79;36;2;14;4;0;0;112;4;11.04;15.65;23.56;24.71;2.8;13.01;5.93;0.33;2.31;0.66;0;0;15.24;0.66
64485;64;Saint-Jean-Pied-de-Port;1037;865;857;83;107;216;234;19;89;66;7;33;2;1;0;172;0;9.68;12.49;25.2;27.3;2.22;10.39;7.7;0.82;3.85;0.23;0.12;0;16.59;0
64486;64;Saint-Jean-Poudge;76;63;62;20;4;13;10;2;6;5;1;1;0;0;0;13;1;32.26;6.45;20.97;16.13;3.23;9.68;8.06;1.61;1.61;0;0;0;17.11;1.61
64487;64;Saint-Just-Ibarre;226;165;158;19;19;24;25;2;39;16;0;14;0;0;0;61;2;12.03;12.03;15.19;15.82;1.27;24.68;10.13;0;8.86;0;0;0;26.99;1.27
64488;64;Saint-Laurent-Bretagne;349;303;296;51;51;86;43;17;26;17;1;2;1;1;0;46;3;17.23;17.23;29.05;14.53;5.74;8.78;5.74;0.34;0.68;0.34;0.34;0;13.18;1.01
64489;64;Saint-Martin-d'Arberoue;284;226;221;16;55;60;43;4;26;11;0;6;0;0;0;58;2;7.24;24.89;27.15;19.46;1.81;11.76;4.98;0;2.71;0;0;0;20.42;0.9
64490;64;Saint-Martin-d'Arrossa;415;330;325;43;62;58;39;14;49;39;5;14;2;0;0;85;2;13.23;19.08;17.85;12;4.31;15.08;12;1.54;4.31;0.62;0;0;20.48;0.62
64491;64;Saint-Médard;153;130;127;23;23;32;13;6;15;13;1;1;0;0;0;23;1;18.11;18.11;25.2;10.24;4.72;11.81;10.24;0.79;0.79;0;0;0;15.03;0.79
64492;64;Saint-Michel;209;179;175;15;26;41;31;4;29;14;2;11;2;0;0;30;4;8.57;14.86;23.43;17.71;2.29;16.57;8;1.14;6.29;1.14;0;0;14.35;2.29
64493;64;Saint-Palais;1210;928;907;106;119;198;245;41;94;68;5;23;7;1;0;282;4;11.69;13.12;21.83;27.01;4.52;10.36;7.5;0.55;2.54;0.77;0.11;0;23.31;0.44
64494;64;Saint-Pé-de-Léren;183;159;156;22;34;34;28;4;17;15;0;1;0;1;0;24;2;14.1;21.79;21.79;17.95;2.56;10.9;9.62;0;0.64;0;0.64;0;13.11;1.28
64495;64;Saint-Pée-sur-Nivelle;4825;3985;3888;557;727;846;709;147;475;267;28;105;21;6;0;840;34;14.33;18.7;21.76;18.24;3.78;12.22;6.87;0.72;2.7;0.54;0.15;0;17.41;0.87
64496;64;Saint-Pierre-d'Irube;3905;3089;2995;377;629;837;534;102;187;249;22;41;14;3;0;816;26;12.59;21;27.95;17.83;3.41;6.24;8.31;0.73;1.37;0.47;0.1;0;20.9;0.87
64498;64;Saint-Vincent;309;257;254;44;48;49;34;13;36;26;0;2;1;1;0;52;1;17.32;18.9;19.29;13.39;5.12;14.17;10.24;0;0.79;0.39;0.39;0;16.83;0.39
64499;64;Salies-de-Béarn;3656;2908;2832;405;544;744;486;108;251;218;14;40;18;4;0;748;22;14.3;19.21;26.27;17.16;3.81;8.86;7.7;0.49;1.41;0.64;0.14;0;20.46;0.78
64500;64;Salles-Mongiscard;245;196;190;42;41;33;27;15;14;13;2;2;1;0;0;49;2;22.11;21.58;17.37;14.21;7.89;7.37;6.84;1.05;1.05;0.53;0;0;20;1.05
64501;64;Sallespisse;472;410;403;60;86;116;58;13;31;30;5;3;0;1;0;62;1;14.89;21.34;28.78;14.39;3.23;7.69;7.44;1.24;0.74;0;0.25;0;13.14;0.25
64502;64;Sames;493;420;416;79;66;91;84;19;27;34;9;5;2;0;0;73;3;18.99;15.87;21.88;20.19;4.57;6.49;8.17;2.16;1.2;0.48;0;0;14.81;0.72
64503;64;Samsons-Lion;75;65;65;19;12;17;7;2;2;5;1;0;0;0;0;10;0;29.23;18.46;26.15;10.77;3.08;3.08;7.69;1.54;0;0;0;0;13.33;0
64504;64;Sare;2031;1587;1552;169;236;298;373;69;225;76;9;85;11;1;0;444;11;10.89;15.21;19.2;24.03;4.45;14.5;4.9;0.58;5.48;0.71;0.06;0;21.86;0.71
64505;64;Sarpourenx;248;209;200;45;40;42;15;18;21;15;2;0;2;0;0;39;3;22.5;20;21;7.5;9;10.5;7.5;1;0;1;0;0;15.73;1.5
64506;64;Sarrance;143;107;106;6;21;9;13;6;40;10;0;1;0;0;0;36;1;5.66;19.81;8.49;12.26;5.66;37.74;9.43;0;0.94;0;0;0;25.17;0.94
64507;64;Saubole;107;92;92;20;11;18;14;8;10;5;3;1;2;0;0;15;0;21.74;11.96;19.57;15.22;8.7;10.87;5.43;3.26;1.09;2.17;0;0;14.02;0
64508;64;Saucède;113;100;99;8;21;25;13;3;13;11;3;2;0;0;0;13;0;8.08;21.21;25.25;13.13;3.03;13.13;11.11;3.03;2.02;0;0;0;11.5;0
64509;64;Sauguis-Saint-Etienne;141;108;105;10;13;20;25;2;17;9;0;8;1;0;0;33;1;9.52;12.38;19.05;23.81;1.9;16.19;8.57;0;7.62;0.95;0;0;23.4;0.95
64510;64;Sault-de-Navailles;722;625;611;104;116;170;88;32;52;35;2;8;4;0;0;97;4;17.02;18.99;27.82;14.4;5.24;8.51;5.73;0.33;1.31;0.65;0;0;13.43;0.65
64511;64;Sauvagnon;2462;2036;1981;340;360;599;319;115;67;143;14;19;4;1;0;426;13;17.16;18.17;30.24;16.1;5.81;3.38;7.22;0.71;0.96;0.2;0.05;0;17.3;0.66
64512;64;Sauvelade;204;174;171;24;31;19;28;10;44;7;2;5;1;0;0;30;1;14.04;18.13;11.11;16.37;5.85;25.73;4.09;1.17;2.92;0.58;0;0;14.71;0.58
64513;64;Sauveterre-de-Béarn;954;765;742;111;107;194;133;36;92;43;6;13;3;4;0;189;8;14.96;14.42;26.15;17.92;4.85;12.4;5.8;0.81;1.75;0.4;0.54;0;19.81;1.08
64514;64;Séby;170;144;142;33;22;34;20;7;12;10;0;2;2;0;0;26;2;23.24;15.49;23.94;14.08;4.93;8.45;7.04;0;1.41;1.41;0;0;15.29;1.41
64515;64;Sedze-Maubecq;196;167;160;37;23;28;24;5;20;20;0;1;2;0;0;29;2;23.13;14.38;17.5;15;3.13;12.5;12.5;0;0.63;1.25;0;0;14.8;1.25
64516;64;Sedzère;289;246;237;52;37;72;37;18;13;5;2;1;0;0;0;43;3;21.94;15.61;30.38;15.61;7.59;5.49;2.11;0.84;0.42;0;0;0;14.88;1.27
64517;64;Séméacq-Blachon;158;130;129;30;19;36;13;7;15;5;0;2;2;0;0;28;0;23.26;14.73;27.91;10.08;5.43;11.63;3.88;0;1.55;1.55;0;0;17.72;0
64518;64;Sendets;779;680;668;104;131;179;118;29;40;48;8;8;3;0;0;99;3;15.57;19.61;26.8;17.66;4.34;5.99;7.19;1.2;1.2;0.45;0;0;12.71;0.45
64519;64;Serres-Castet;3238;2731;2680;471;482;805;472;107;119;172;17;23;10;2;0;507;8;17.57;17.99;30.04;17.61;3.99;4.44;6.42;0.63;0.86;0.37;0.07;0;15.66;0.3
64520;64;Serres-Morlaàs;617;536;527;43;79;212;122;23;19;22;2;3;2;0;0;81;4;8.16;14.99;40.23;23.15;4.36;3.61;4.17;0.38;0.57;0.38;0;0;13.13;0.76
64521;64;Serres-Sainte-Marie;458;405;398;60;92;105;45;15;35;36;4;4;2;0;0;53;3;15.08;23.12;26.38;11.31;3.77;8.79;9.05;1.01;1.01;0.5;0;0;11.57;0.75
64522;64;Sévignacq-Meyracq;416;336;333;48;75;66;74;5;42;17;1;4;1;0;0;80;0;14.41;22.52;19.82;22.22;1.5;12.61;5.11;0.3;1.2;0.3;0;0;19.23;0
64523;64;Sévignacq;551;435;425;92;76;114;46;18;37;32;6;2;2;0;0;116;0;21.65;17.88;26.82;10.82;4.24;8.71;7.53;1.41;0.47;0.47;0;0;21.05;0
64524;64;Simacourbe;306;248;245;39;71;40;27;11;20;29;2;5;1;0;0;58;3;15.92;28.98;16.33;11.02;4.49;8.16;11.84;0.82;2.04;0.41;0;0;18.95;1.22
64525;64;Siros;563;493;477;77;93;136;61;24;35;38;2;5;5;1;0;70;7;16.14;19.5;28.51;12.79;5.03;7.34;7.97;0.42;1.05;1.05;0.21;0;12.43;1.47
64526;64;Soumoulou;1066;911;883;157;153;232;173;37;50;64;4;6;5;2;0;155;7;17.78;17.33;26.27;19.59;4.19;5.66;7.25;0.45;0.68;0.57;0.23;0;14.54;0.79
64527;64;Souraïde;1037;878;854;105;120;197;203;42;104;52;6;24;1;0;0;159;9;12.3;14.05;23.07;23.77;4.92;12.18;6.09;0.7;2.81;0.12;0;0;15.33;1.05
64528;64;Suhescun;171;142;137;12;25;19;9;3;39;15;5;9;1;0;0;29;3;8.76;18.25;13.87;6.57;2.19;28.47;10.95;3.65;6.57;0.73;0;0;16.96;2.19
64529;64;Sus;250;200;194;28;38;48;27;5;30;13;1;2;1;1;0;50;1;14.43;19.59;24.74;13.92;2.58;15.46;6.7;0.52;1.03;0.52;0.52;0;20;0.52
64530;64;Susmiou;269;227;221;18;44;75;30;8;22;18;2;1;1;2;0;42;2;8.14;19.91;33.94;13.57;3.62;9.95;8.14;0.9;0.45;0.45;0.9;0;15.61;0.9
64531;64;Tabaille-Usquain;39;25;25;9;2;5;6;1;2;0;0;0;0;0;0;14;0;36;8;20;24;4;8;0;0;0;0;0;0;35.9;0
64532;64;Tadousse-Ussau;52;47;46;16;11;2;9;2;4;2;0;0;0;0;0;5;0;34.78;23.91;4.35;19.57;4.35;8.7;4.35;0;0;0;0;0;9.62;0
64533;64;Tardets-Sorholus;428;334;323;29;41;83;52;5;69;31;3;8;1;1;0;94;3;8.98;12.69;25.7;16.1;1.55;21.36;9.6;0.93;2.48;0.31;0.31;0;21.96;0.93
64534;64;Taron-Sadirac-Viellenave;150;126;120;15;23;37;27;3;12;2;0;1;0;0;0;24;1;12.5;19.17;30.83;22.5;2.5;10;1.67;0;0.83;0;0;0;16;0.83
64535;64;Tarsacq;398;326;319;84;84;57;31;19;14;22;4;1;3;0;0;72;1;26.33;26.33;17.87;9.72;5.96;4.39;6.9;1.25;0.31;0.94;0;0;18.09;0.31
64536;64;Thèze;666;543;534;93;88;145;78;22;41;55;3;7;2;0;0;123;0;17.42;16.48;27.15;14.61;4.12;7.68;10.3;0.56;1.31;0.37;0;0;18.47;0
64537;64;Trois-Villes;123;106;103;7;15;27;13;1;27;11;0;1;1;0;0;17;2;6.8;14.56;26.21;12.62;0.97;26.21;10.68;0;0.97;0.97;0;0;13.82;1.94
64538;64;Uhart-Cize;588;467;459;53;85;90;106;16;51;37;4;14;2;1;0;121;0;11.55;18.52;19.61;23.09;3.49;11.11;8.06;0.87;3.05;0.44;0.22;0;20.58;0
64539;64;Uhart-Mixe;179;143;137;16;12;32;27;4;37;5;1;3;0;0;0;36;0;11.68;8.76;23.36;19.71;2.92;27.01;3.65;0.73;2.19;0;0;0;20.11;0
64540;64;Urcuit;1931;1641;1604;309;303;360;290;66;96;139;13;21;4;3;0;290;9;19.26;18.89;22.44;18.08;4.11;5.99;8.67;0.81;1.31;0.25;0.19;0;15.02;0.56
64541;64;Urdès;239;195;192;40;56;44;11;9;7;17;3;5;0;0;0;44;1;20.83;29.17;22.92;5.73;4.69;3.65;8.85;1.56;2.6;0;0;0;18.41;0.52
64542;64;Urdos;70;57;56;6;11;9;4;2;19;4;0;0;1;0;0;13;1;10.71;19.64;16.07;7.14;3.57;33.93;7.14;0;0;1.79;0;0;18.57;1.79
64543;64;Urepel;290;197;194;26;16;38;27;7;60;5;1;12;1;1;0;93;1;13.4;8.25;19.59;13.92;3.61;30.93;2.58;0.52;6.19;0.52;0.52;0;32.07;0.52
64544;64;Urost;59;55;52;6;9;14;7;6;7;3;0;0;0;0;0;4;2;11.54;17.31;26.92;13.46;11.54;13.46;5.77;0;0;0;0;0;6.78;3.85
64545;64;Urrugne;7608;6170;6005;723;1317;1363;1296;190;430;454;39;150;34;9;0;1438;38;12.04;21.93;22.7;21.58;3.16;7.16;7.56;0.65;2.5;0.57;0.15;0;18.9;0.63
64546;64;Urt;1673;1408;1381;236;262;328;279;60;90;88;13;16;9;0;0;265;5;17.09;18.97;23.75;20.2;4.34;6.52;6.37;0.94;1.16;0.65;0;0;15.84;0.36
64547;64;Ustaritz;5068;4256;4129;573;826;1029;755;160;327;315;10;112;17;5;0;812;39;13.88;20;24.92;18.29;3.88;7.92;7.63;0.24;2.71;0.41;0.12;0;16.02;0.94
64548;64;Uzan;150;121;119;21;7;25;38;3;11;13;1;0;0;0;0;29;1;17.65;5.88;21.01;31.93;2.52;9.24;10.92;0.84;0;0;0;0;19.33;0.84
64549;64;Uzein;779;665;642;123;118;147;119;36;52;29;8;6;4;0;0;114;1;19.16;18.38;22.9;18.54;5.61;8.1;4.52;1.25;0.93;0.62;0;0;14.63;0.16
64550;64;Uzos;616;524;511;49;69;185;89;26;25;55;5;6;1;1;0;92;6;9.59;13.5;36.2;17.42;5.09;4.89;10.76;0.98;1.17;0.2;0.2;0;14.94;1.17
64551;64;Verdets;233;202;194;17;43;42;24;5;41;19;0;3;0;0;0;31;0;8.76;22.16;21.65;12.37;2.58;21.13;9.79;0;1.55;0;0;0;13.3;0
64552;64;Vialer;158;133;131;24;19;36;20;3;18;6;1;3;0;1;0;25;1;18.32;14.5;27.48;15.27;2.29;13.74;4.58;0.76;2.29;0;0.76;0;15.82;0.76
64554;64;Viellenave-d'Arthez;150;134;127;20;25;29;18;6;11;14;0;3;1;0;0;16;2;15.75;19.69;22.83;14.17;4.72;8.66;11.02;0;2.36;0.79;0;0;10.67;1.57
64555;64;Viellenave-de-Navarrenx;115;101;98;11;21;28;13;4;16;5;0;0;0;0;0;14;0;11.22;21.43;28.57;13.27;4.08;16.33;5.1;0;0;0;0;0;12.17;0
64556;64;Vielleségure;338;278;270;39;67;60;31;13;29;22;6;1;1;1;0;60;1;14.44;24.81;22.22;11.48;4.81;10.74;8.15;2.22;0.37;0.37;0.37;0;17.75;0.37
64557;64;Vignes;362;323;317;50;70;78;38;18;34;19;4;5;1;0;0;39;2;15.77;22.08;24.61;11.99;5.68;10.73;5.99;1.26;1.58;0.32;0;0;10.77;0.63
64558;64;Villefranque;2110;1773;1726;287;351;404;323;73;132;108;11;29;6;2;0;337;10;16.63;20.34;23.41;18.71;4.23;7.65;6.26;0.64;1.68;0.35;0.12;0;15.97;0.58
64559;64;Viodos-Abense-de-Bas;638;534;520;51;117;119;76;18;76;42;2;14;5;0;0;104;0;9.81;22.5;22.88;14.62;3.46;14.62;8.08;0.38;2.69;0.96;0;0;16.3;0
64560;64;Viven;150;127;124;15;21;34;20;4;14;10;2;2;1;1;0;23;3;12.1;16.94;27.42;16.13;3.23;11.29;8.06;1.61;1.61;0.81;0.81;0;15.33;2.42