insee;dep;nom;nb_inscrits;nb_votants;nb_exprimes;nb_voix1;nb_voix2;nb_voix3;nb_voix4;nb_voix5;nb_voix6;nb_voix7;nb_voix8;nb_voix9;nb_voix10;nb_voix11;nb_voix12;nb_voix13;nb_voix14;voix_1;voix_2;voix_3;voix_4;voix_5;voix_6;voix_7;voix_8;voix_9;voix_10;voix_11;voix_12;voix_13;voix_14
70001;70;Abelcourt;269;212;207;80;30;39;30;13;2;4;3;4;2;0;0;57;1;38.65;14.49;18.84;14.49;6.28;0.97;1.93;1.45;1.93;0.97;0;0;21.19;0.48
70002;70;Aboncourt-Gesincourt;185;157;154;45;22;28;36;8;2;9;0;3;0;1;0;28;0;29.22;14.29;18.18;23.38;5.19;1.3;5.84;0;1.95;0;0.65;0;15.14;0
70003;70;Achey;66;58;58;29;4;8;9;2;0;4;1;1;0;0;0;8;0;50;6.9;13.79;15.52;3.45;0;6.9;1.72;1.72;0;0;0;12.12;0
70004;70;Adelans-et-le-Val-de-Bithaine;239;210;203;83;34;21;34;17;1;10;1;0;2;0;0;29;7;40.89;16.75;10.34;16.75;8.37;0.49;4.93;0.49;0;0.99;0;0;12.13;3.45
70005;70;Aillevans;99;80;76;23;6;14;20;6;1;2;0;4;0;0;0;19;1;30.26;7.89;18.42;26.32;7.89;1.32;2.63;0;5.26;0;0;0;19.19;1.32
70006;70;Aillevillers-et-Lyaumont;1117;897;866;334;141;137;111;57;10;46;12;7;9;2;0;220;8;38.57;16.28;15.82;12.82;6.58;1.15;5.31;1.39;0.81;1.04;0.23;0;19.7;0.92
70007;70;Ailloncourt;226;179;170;62;27;34;35;3;1;5;0;0;3;0;0;47;4;36.47;15.88;20;20.59;1.76;0.59;2.94;0;0;1.76;0;0;20.8;2.35
70008;70;Ainvelle;155;126;122;50;20;15;25;4;1;5;0;1;1;0;0;29;4;40.98;16.39;12.3;20.49;3.28;0.82;4.1;0;0.82;0.82;0;0;18.71;3.28
70009;70;Aisey-et-Richecourt;87;78;75;21;12;10;21;5;0;1;1;2;2;0;0;9;1;28;16;13.33;28;6.67;0;1.33;1.33;2.67;2.67;0;0;10.34;1.33
70010;70;Alaincourt;80;70;64;26;6;9;16;3;0;2;2;0;0;0;0;10;4;40.63;9.38;14.06;25;4.69;0;3.13;3.13;0;0;0;0;12.5;6.25
70011;70;Amage;277;246;239;72;38;66;35;13;2;8;1;3;1;0;0;31;6;30.13;15.9;27.62;14.64;5.44;0.84;3.35;0.42;1.26;0.42;0;0;11.19;2.51
70012;70;Amance;480;402;384;128;46;88;52;27;8;20;1;9;4;1;0;78;7;33.33;11.98;22.92;13.54;7.03;2.08;5.21;0.26;2.34;1.04;0.26;0;16.25;1.82
70013;70;Ambiévillers;70;50;48;14;8;6;9;4;2;3;1;0;1;0;0;20;1;29.17;16.67;12.5;18.75;8.33;4.17;6.25;2.08;0;2.08;0;0;28.57;2.08
70014;70;Amblans-et-Velotte;280;245;233;74;43;62;23;9;0;14;3;1;0;4;0;35;7;31.76;18.45;26.61;9.87;3.86;0;6.01;1.29;0.43;0;1.72;0;12.5;3
70015;70;Amoncourt;241;187;184;74;19;42;20;12;2;4;1;6;4;0;0;54;0;40.22;10.33;22.83;10.87;6.52;1.09;2.17;0.54;3.26;2.17;0;0;22.41;0
70016;70;Amont-et-Effreney;161;135;129;32;8;25;32;8;3;8;2;6;5;0;0;26;2;24.81;6.2;19.38;24.81;6.2;2.33;6.2;1.55;4.65;3.88;0;0;16.15;1.55
70017;70;Anchenoncourt-et-Chazel;190;160;155;63;12;26;36;6;3;3;1;1;4;0;0;30;1;40.65;7.74;16.77;23.23;3.87;1.94;1.94;0.65;0.65;2.58;0;0;15.79;0.65
70018;70;Ancier;352;311;304;108;37;55;72;16;1;7;3;3;2;0;0;41;4;35.53;12.17;18.09;23.68;5.26;0.33;2.3;0.99;0.99;0.66;0;0;11.65;1.32
70019;70;Andelarre;134;120;117;30;20;24;24;8;0;9;0;0;2;0;0;14;1;25.64;17.09;20.51;20.51;6.84;0;7.69;0;0;1.71;0;0;10.45;0.85
70020;70;Andelarrot;161;136;128;47;14;33;22;5;0;5;0;0;2;0;0;25;3;36.72;10.94;25.78;17.19;3.91;0;3.91;0;0;1.56;0;0;15.53;2.34
70021;70;Andornay;148;120;117;38;21;16;13;15;0;6;1;4;2;1;0;28;1;32.48;17.95;13.68;11.11;12.82;0;5.13;0.85;3.42;1.71;0.85;0;18.92;0.85
70022;70;Angirey;112;94;91;18;35;9;21;5;1;0;0;0;2;0;0;18;1;19.78;38.46;9.89;23.08;5.49;1.1;0;0;0;2.2;0;0;16.07;1.1
70023;70;Anjeux;139;118;117;47;9;30;16;6;0;5;3;0;1;0;0;21;0;40.17;7.69;25.64;13.68;5.13;0;4.27;2.56;0;0.85;0;0;15.11;0
70024;70;Apremont;375;328;319;124;38;64;51;16;3;10;0;11;2;0;0;47;4;38.87;11.91;20.06;15.99;5.02;0.94;3.13;0;3.45;0.63;0;0;12.53;1.25
70025;70;Arbecey;210;162;160;60;30;22;27;12;1;2;3;2;1;0;0;48;0;37.5;18.75;13.75;16.88;7.5;0.63;1.25;1.88;1.25;0.63;0;0;22.86;0
70026;70;Arc-lès-Gray;1898;1489;1441;423;249;321;240;77;18;70;7;18;12;6;0;409;12;29.35;17.28;22.28;16.66;5.34;1.25;4.86;0.49;1.25;0.83;0.42;0;21.55;0.83
70027;70;Argillières;64;52;50;15;2;10;13;4;2;0;2;2;0;0;0;12;2;30;4;20;26;8;4;0;4;4;0;0;0;18.75;4
70028;70;Aroz;138;120;120;24;21;25;26;9;5;7;1;0;2;0;0;18;0;20;17.5;20.83;21.67;7.5;4.17;5.83;0.83;0;1.67;0;0;13.04;0
70029;70;Arpenans;178;137;136;52;16;23;26;4;1;6;1;4;3;0;0;41;0;38.24;11.76;16.91;19.12;2.94;0.74;4.41;0.74;2.94;2.21;0;0;23.03;0
70030;70;Arsans;39;33;32;12;1;4;11;2;0;1;0;1;0;0;0;6;0;37.5;3.13;12.5;34.38;6.25;0;3.13;0;3.13;0;0;0;15.38;0
70031;70;Athesans-Etroitefontaine;511;411;399;120;55;68;89;31;2;19;1;5;9;0;0;100;5;30.08;13.78;17.04;22.31;7.77;0.5;4.76;0.25;1.25;2.26;0;0;19.57;1.25
70032;70;Attricourt;34;27;27;9;2;2;7;2;0;4;0;1;0;0;0;7;0;33.33;7.41;7.41;25.93;7.41;0;14.81;0;3.7;0;0;0;20.59;0
70035;70;Augicourt;126;99;94;25;13;17;31;2;1;3;0;1;0;1;0;27;1;26.6;13.83;18.09;32.98;2.13;1.06;3.19;0;1.06;0;1.06;0;21.43;1.06
70036;70;Aulx-lès-Cromary;121;90;81;35;7;15;7;10;0;4;1;0;2;0;0;31;4;43.21;8.64;18.52;8.64;12.35;0;4.94;1.23;0;2.47;0;0;25.62;4.94
70037;70;Autet;230;179;175;43;17;31;52;17;3;4;6;0;2;0;0;51;2;24.57;9.71;17.71;29.71;9.71;1.71;2.29;3.43;0;1.14;0;0;22.17;1.14
70038;70;Authoison;255;213;204;61;31;38;35;16;2;14;3;3;1;0;0;42;9;29.9;15.2;18.63;17.16;7.84;0.98;6.86;1.47;1.47;0.49;0;0;16.47;4.41
70039;70;Autoreille;245;211;206;88;42;31;18;14;2;5;0;3;3;0;0;34;3;42.72;20.39;15.05;8.74;6.8;0.97;2.43;0;1.46;1.46;0;0;13.88;1.46
70040;70;Autrey-lès-Cerre;182;155;148;42;24;29;30;7;5;6;0;2;1;2;0;27;0;28.38;16.22;19.59;20.27;4.73;3.38;4.05;0;1.35;0.68;1.35;0;14.84;0
70041;70;Autrey-lès-Gray;320;248;239;84;29;46;54;6;5;5;3;2;4;1;0;72;4;35.15;12.13;19.25;22.59;2.51;2.09;2.09;1.26;0.84;1.67;0.42;0;22.5;1.67
70042;70;Autrey-le-Vay;67;62;62;21;7;18;9;4;0;2;0;0;1;0;0;5;0;33.87;11.29;29.03;14.52;6.45;0;3.23;0;0;1.61;0;0;7.46;0
70043;70;Auvet-et-la-Chapelotte;237;179;175;68;25;31;23;13;1;1;4;6;1;2;0;58;3;38.86;14.29;17.71;13.14;7.43;0.57;0.57;2.29;3.43;0.57;1.14;0;24.47;1.71
70044;70;Auxon;335;291;285;89;33;61;66;18;5;7;1;3;2;0;0;44;0;31.23;11.58;21.4;23.16;6.32;1.75;2.46;0.35;1.05;0.7;0;0;13.13;0
70045;70;Avrigney-Virey;339;287;282;87;54;54;48;16;6;12;2;0;3;0;0;52;2;30.85;19.15;19.15;17.02;5.67;2.13;4.26;0.71;0;1.06;0;0;15.34;0.71
70046;70;Les Aynans;278;233;219;79;37;38;32;19;0;6;3;3;2;0;0;45;14;36.07;16.89;17.35;14.61;8.68;0;2.74;1.37;1.37;0.91;0;0;16.19;6.39
70047;70;Baignes;80;66;63;18;8;6;13;10;2;4;1;1;0;0;0;14;3;28.57;12.7;9.52;20.63;15.87;3.17;6.35;1.59;1.59;0;0;0;17.5;4.76
70048;70;Bard-lès-Pesmes;126;104;104;32;13;22;24;5;3;1;0;3;1;0;0;22;0;30.77;12.5;21.15;23.08;4.81;2.88;0.96;0;2.88;0.96;0;0;17.46;0
70049;70;Barges;78;61;57;23;7;6;18;1;0;2;0;0;0;0;0;17;1;40.35;12.28;10.53;31.58;1.75;0;3.51;0;0;0;0;0;21.79;1.75
70050;70;La Barre;89;79;77;24;14;14;11;8;1;3;0;1;1;0;0;10;0;31.17;18.18;18.18;14.29;10.39;1.3;3.9;0;1.3;1.3;0;0;11.24;0
70051;70;La Basse-Vaivre;41;33;32;16;4;2;4;2;0;1;0;2;1;0;0;8;0;50;12.5;6.25;12.5;6.25;0;3.13;0;6.25;3.13;0;0;19.51;0
70052;70;Bassigney;123;102;99;38;25;13;12;9;0;0;1;1;0;0;0;21;1;38.38;25.25;13.13;12.12;9.09;0;0;1.01;1.01;0;0;0;17.07;1.01
70053;70;Les Bâties;78;57;57;20;10;11;7;1;0;3;0;5;0;0;0;21;0;35.09;17.54;19.3;12.28;1.75;0;5.26;0;8.77;0;0;0;26.92;0
70054;70;Battrans;195;171;162;39;31;34;25;19;2;8;0;3;1;0;0;24;2;24.07;19.14;20.99;15.43;11.73;1.23;4.94;0;1.85;0.62;0;0;12.31;1.23
70055;70;Baudoncourt;452;336;328;154;36;53;56;10;6;10;0;1;0;2;0;116;3;46.95;10.98;16.16;17.07;3.05;1.83;3.05;0;0.3;0;0.61;0;25.66;0.91
70056;70;Baulay;261;203;197;80;22;46;21;11;2;8;3;2;1;1;0;58;3;40.61;11.17;23.35;10.66;5.58;1.02;4.06;1.52;1.02;0.51;0.51;0;22.22;1.52
70057;70;Bay;90;86;82;30;11;8;23;5;0;4;0;0;0;1;0;4;0;36.59;13.41;9.76;28.05;6.1;0;4.88;0;0;0;1.22;0;4.44;0
70058;70;Beaujeu-Saint-Vallier-Pierrejux-et-Quitteur;676;530;514;207;61;98;77;36;3;18;2;5;4;3;0;146;4;40.27;11.87;19.07;14.98;7;0.58;3.5;0.39;0.97;0.78;0.58;0;21.6;0.78
70059;70;Beaumotte-Aubertans;370;305;291;80;64;42;63;13;8;14;1;5;1;0;0;65;5;27.49;21.99;14.43;21.65;4.47;2.75;4.81;0.34;1.72;0.34;0;0;17.57;1.72
70060;70;Beaumotte-lès-Pin;237;213;205;54;24;36;52;16;2;11;0;7;3;0;0;24;3;26.34;11.71;17.56;25.37;7.8;0.98;5.37;0;3.41;1.46;0;0;10.13;1.46
70061;70;Belfahy;92;75;71;18;9;13;18;5;0;7;0;0;1;0;0;17;3;25.35;12.68;18.31;25.35;7.04;0;9.86;0;0;1.41;0;0;18.48;4.23
70062;70;Belmont;120;107;107;29;18;15;13;7;4;11;1;7;1;1;0;13;0;27.1;16.82;14.02;12.15;6.54;3.74;10.28;0.93;6.54;0.93;0.93;0;10.83;0
70063;70;Belonchamp;182;152;151;57;21;33;26;5;2;3;2;2;0;0;0;30;0;37.75;13.91;21.85;17.22;3.31;1.32;1.99;1.32;1.32;0;0;0;16.48;0
70064;70;Belverne;119;94;90;33;18;11;7;9;0;1;7;2;2;0;0;25;0;36.67;20;12.22;7.78;10;0;1.11;7.78;2.22;2.22;0;0;21.01;0
70065;70;Besnans;59;50;49;29;2;11;2;1;0;1;0;1;2;0;0;9;0;59.18;4.08;22.45;4.08;2.04;0;2.04;0;2.04;4.08;0;0;15.25;0
70066;70;Betaucourt;115;99;88;24;13;15;20;10;0;2;0;2;2;0;0;16;4;27.27;14.77;17.05;22.73;11.36;0;2.27;0;2.27;2.27;0;0;13.91;4.55
70067;70;Betoncourt-lès-Brotte;67;61;59;17;20;6;6;5;1;3;0;0;1;0;0;6;0;28.81;33.9;10.17;10.17;8.47;1.69;5.08;0;0;1.69;0;0;8.96;0
70069;70;Betoncourt-Saint-Pancras;55;44;43;17;4;8;8;2;1;3;0;0;0;0;0;11;0;39.53;9.3;18.6;18.6;4.65;2.33;6.98;0;0;0;0;0;20;0
70070;70;Betoncourt-sur-Mance;38;27;27;5;7;2;6;3;1;1;1;1;0;0;0;11;0;18.52;25.93;7.41;22.22;11.11;3.7;3.7;3.7;3.7;0;0;0;28.95;0
70071;70;Beulotte-Saint-Laurent;56;43;43;11;3;9;15;3;2;0;0;0;0;0;0;13;0;25.58;6.98;20.93;34.88;6.98;4.65;0;0;0;0;0;0;23.21;0
70072;70;Beveuge;59;51;51;19;3;10;12;1;0;5;0;1;0;0;0;8;0;37.25;5.88;19.61;23.53;1.96;0;9.8;0;1.96;0;0;0;13.56;0
70074;70;Blondefontaine;223;187;181;62;30;27;33;9;2;7;0;6;5;0;0;36;6;34.25;16.57;14.92;18.23;4.97;1.1;3.87;0;3.31;2.76;0;0;16.14;3.31
70075;70;Bonboillon;151;123;119;46;11;24;19;7;0;7;1;3;1;0;0;28;1;38.66;9.24;20.17;15.97;5.88;0;5.88;0.84;2.52;0.84;0;0;18.54;0.84
70076;70;Bonnevent-Velloreille;257;223;219;52;51;48;43;11;2;6;3;2;1;0;0;34;0;23.74;23.29;21.92;19.63;5.02;0.91;2.74;1.37;0.91;0.46;0;0;13.23;0
70077;70;Borey;202;157;153;39;26;27;35;7;2;13;1;0;2;1;0;45;1;25.49;16.99;17.65;22.88;4.58;1.31;8.5;0.65;0;1.31;0.65;0;22.28;0.65
70078;70;Bougey;76;70;68;18;9;12;25;1;0;1;0;1;1;0;0;6;1;26.47;13.24;17.65;36.76;1.47;0;1.47;0;1.47;1.47;0;0;7.89;1.47
70079;70;Bougnon;388;342;335;101;44;59;70;25;6;19;6;3;0;2;0;46;2;30.15;13.13;17.61;20.9;7.46;1.79;5.67;1.79;0.9;0;0.6;0;11.86;0.6
70080;70;Bouhans-et-Feurg;215;190;188;82;18;39;23;13;3;3;1;1;4;1;0;25;0;43.62;9.57;20.74;12.23;6.91;1.6;1.6;0.53;0.53;2.13;0.53;0;11.63;0
70081;70;Bouhans-lès-Lure;225;186;178;69;13;38;35;9;4;6;1;2;1;0;0;39;7;38.76;7.3;21.35;19.66;5.06;2.25;3.37;0.56;1.12;0.56;0;0;17.33;3.93
70082;70;Bouhans-lès-Montbozon;92;77;76;23;19;16;9;3;0;4;0;1;0;1;0;15;0;30.26;25;21.05;11.84;3.95;0;5.26;0;1.32;0;1.32;0;16.3;0
70083;70;Bouligney;358;295;286;82;32;62;74;24;3;2;1;2;4;0;0;63;0;28.67;11.19;21.68;25.87;8.39;1.05;0.7;0.35;0.7;1.4;0;0;17.6;0
70084;70;Boulot;447;401;388;146;48;82;74;21;3;7;1;3;3;0;0;46;13;37.63;12.37;21.13;19.07;5.41;0.77;1.8;0.26;0.77;0.77;0;0;10.29;3.35
70085;70;Boult;376;337;325;113;56;58;56;18;3;12;3;5;1;0;0;39;3;34.77;17.23;17.85;17.23;5.54;0.92;3.69;0.92;1.54;0.31;0;0;10.37;0.92
70086;70;Bourbévelle;70;52;51;16;7;13;7;3;0;2;0;0;2;1;0;18;1;31.37;13.73;25.49;13.73;5.88;0;3.92;0;0;3.92;1.96;0;25.71;1.96
70087;70;Bourguignon-lès-Conflans;107;90;87;27;14;17;18;4;2;0;0;1;3;1;0;17;2;31.03;16.09;19.54;20.69;4.6;2.3;0;0;1.15;3.45;1.15;0;15.89;2.3
70088;70;Bourguignon-lès-la-Charité;101;87;84;21;8;26;13;7;2;4;2;0;1;0;0;14;1;25;9.52;30.95;15.48;8.33;2.38;4.76;2.38;0;1.19;0;0;13.86;1.19
70089;70;Bourguignon-lès-Morey;50;39;38;10;4;7;8;3;4;2;0;0;0;0;0;11;1;26.32;10.53;18.42;21.05;7.89;10.53;5.26;0;0;0;0;0;22;2.63
70090;70;Boursières;62;44;44;7;4;12;8;5;0;1;0;2;5;0;0;18;0;15.91;9.09;27.27;18.18;11.36;0;2.27;0;4.55;11.36;0;0;29.03;0
70091;70;Bousseraucourt;40;35;35;10;6;2;10;2;1;3;0;1;0;0;0;5;0;28.57;17.14;5.71;28.57;5.71;2.86;8.57;0;2.86;0;0;0;12.5;0
70092;70;Bresilley;143;116;111;40;10;18;30;6;1;5;0;1;0;0;0;27;4;36.04;9.01;16.22;27.03;5.41;0.9;4.5;0;0.9;0;0;0;18.88;3.6
70093;70;Breuches;560;415;406;140;53;98;67;24;1;9;3;9;1;1;0;145;3;34.48;13.05;24.14;16.5;5.91;0.25;2.22;0.74;2.22;0.25;0.25;0;25.89;0.74
70094;70;Breuchotte;235;202;190;53;29;44;24;5;4;14;1;8;8;0;0;33;3;27.89;15.26;23.16;12.63;2.63;2.11;7.37;0.53;4.21;4.21;0;0;14.04;1.58
70095;70;Breurey-lès-Faverney;434;349;340;148;44;54;51;17;3;10;3;5;4;1;0;85;6;43.53;12.94;15.88;15;5;0.88;2.94;0.88;1.47;1.18;0.29;0;19.59;1.76
70096;70;Brevilliers;501;428;416;137;63;83;65;32;5;24;2;4;1;0;0;73;5;32.93;15.14;19.95;15.63;7.69;1.2;5.77;0.48;0.96;0.24;0;0;14.57;1.2
70097;70;Briaucourt;209;181;179;51;41;25;33;10;1;11;1;4;2;0;0;28;2;28.49;22.91;13.97;18.44;5.59;0.56;6.15;0.56;2.23;1.12;0;0;13.4;1.12
70098;70;Brotte-lès-Luxeuil;158;130;121;56;28;18;12;4;0;0;0;0;2;1;0;28;1;46.28;23.14;14.88;9.92;3.31;0;0;0;0;1.65;0.83;0;17.72;0.83
70099;70;Brotte-lès-Ray;59;54;51;14;4;7;15;3;1;3;2;1;1;0;0;5;2;27.45;7.84;13.73;29.41;5.88;1.96;5.88;3.92;1.96;1.96;0;0;8.47;3.92
70100;70;Broye-les-Loups-et-Verfontaine;87;74;72;19;7;22;11;10;0;0;0;2;1;0;0;13;0;26.39;9.72;30.56;15.28;13.89;0;0;0;2.78;1.39;0;0;14.94;0
70101;70;Broye-Aubigney-Montseugny;400;313;301;111;42;37;61;26;3;8;2;5;5;1;0;87;4;36.88;13.95;12.29;20.27;8.64;1;2.66;0.66;1.66;1.66;0.33;0;21.75;1.33
70102;70;Brussey;227;180;171;66;21;22;37;11;0;9;0;2;3;0;0;47;3;38.6;12.28;12.87;21.64;6.43;0;5.26;0;1.17;1.75;0;0;20.7;1.75
70103;70;La Bruyère;175;145;138;37;18;29;36;2;2;3;0;7;4;0;0;30;1;26.81;13.04;21.01;26.09;1.45;1.45;2.17;0;5.07;2.9;0;0;17.14;0.72
70104;70;Bucey-lès-Gy;498;403;394;138;65;74;65;25;2;18;2;4;1;0;0;95;3;35.03;16.5;18.78;16.5;6.35;0.51;4.57;0.51;1.02;0.25;0;0;19.08;0.76
70105;70;Bucey-lès-Traves;104;92;88;32;14;10;22;5;1;2;1;0;0;1;0;12;4;36.36;15.91;11.36;25;5.68;1.14;2.27;1.14;0;0;1.14;0;11.54;4.55
70106;70;Buffignécourt;94;78;75;27;13;14;10;0;4;1;3;2;0;1;0;16;2;36;17.33;18.67;13.33;0;5.33;1.33;4;2.67;0;1.33;0;17.02;2.67
70107;70;Bussières;294;256;247;65;48;67;28;11;4;15;3;2;1;3;0;38;2;26.32;19.43;27.13;11.34;4.45;1.62;6.07;1.21;0.81;0.4;1.21;0;12.93;0.81
70109;70;Buthiers;220;188;178;45;21;53;38;11;1;5;1;3;0;0;0;32;4;25.28;11.8;29.78;21.35;6.18;0.56;2.81;0.56;1.69;0;0;0;14.55;2.25
70111;70;Calmoutier;195;174;166;51;34;34;25;10;3;6;0;2;1;0;0;21;0;30.72;20.48;20.48;15.06;6.02;1.81;3.61;0;1.2;0.6;0;0;10.77;0
70112;70;Cemboing;154;122;120;39;20;22;22;10;2;2;1;1;1;0;0;32;2;32.5;16.67;18.33;18.33;8.33;1.67;1.67;0.83;0.83;0.83;0;0;20.78;1.67
70113;70;Cenans;105;91;87;20;11;20;28;4;0;0;1;2;0;1;0;14;0;22.99;12.64;22.99;32.18;4.6;0;0;1.15;2.3;0;1.15;0;13.33;0
70114;70;Cendrecourt;169;148;147;51;36;17;23;5;2;7;1;2;3;0;0;21;0;34.69;24.49;11.56;15.65;3.4;1.36;4.76;0.68;1.36;2.04;0;0;12.43;0
70115;70;Cerre-lès-Noroy;187;150;144;41;17;24;53;2;1;2;1;2;0;1;0;37;2;28.47;11.81;16.67;36.81;1.39;0.69;1.39;0.69;1.39;0;0.69;0;19.79;1.39
70116;70;Chagey;526;429;414;143;77;97;42;21;4;17;3;4;5;1;0;97;3;34.54;18.6;23.43;10.14;5.07;0.97;4.11;0.72;0.97;1.21;0.24;0;18.44;0.72
70117;70;Châlonvillars;1009;814;795;218;138;163;176;39;7;22;10;10;11;1;0;195;19;27.42;17.36;20.5;22.14;4.91;0.88;2.77;1.26;1.26;1.38;0.13;0;19.33;2.39
70118;70;Chambornay-lès-Bellevaux;151;122;115;29;24;23;28;2;3;2;0;4;0;0;0;29;1;25.22;20.87;20;24.35;1.74;2.61;1.74;0;3.48;0;0;0;19.21;0.87
70119;70;Chambornay-lès-Pin;279;242;234;95;33;49;27;10;4;8;3;4;0;1;0;37;7;40.6;14.1;20.94;11.54;4.27;1.71;3.42;1.28;1.71;0;0.43;0;13.26;2.99
70120;70;Champagney;2880;2261;2188;873;403;347;265;115;13;81;32;30;20;9;0;619;22;39.9;18.42;15.86;12.11;5.26;0.59;3.7;1.46;1.37;0.91;0.41;0;21.49;1.01
70121;70;Champey;669;540;518;168;92;93;66;38;7;33;7;7;6;1;0;129;2;32.43;17.76;17.95;12.74;7.34;1.35;6.37;1.35;1.35;1.16;0.19;0;19.28;0.39
70122;70;Champlitte;1399;1116;1080;353;170;189;217;66;12;39;7;14;13;0;0;283;12;32.69;15.74;17.5;20.09;6.11;1.11;3.61;0.65;1.3;1.2;0;0;20.23;1.11
70124;70;Champtonnay;63;53;52;24;8;3;9;2;0;5;0;1;0;0;0;10;1;46.15;15.38;5.77;17.31;3.85;0;9.62;0;1.92;0;0;0;15.87;1.92
70125;70;Champvans;157;125;125;39;21;17;33;4;2;3;0;4;2;0;0;32;0;31.2;16.8;13.6;26.4;3.2;1.6;2.4;0;3.2;1.6;0;0;20.38;0
70126;70;Chancey;145;124;119;32;26;12;32;5;0;4;5;3;0;0;0;21;1;26.89;21.85;10.08;26.89;4.2;0;3.36;4.2;2.52;0;0;0;14.48;0.84
70127;70;Chantes;89;73;72;30;9;7;18;3;0;5;0;0;0;0;0;16;0;41.67;12.5;9.72;25;4.17;0;6.94;0;0;0;0;0;17.98;0
70128;70;La Chapelle-lès-Luxeuil;342;262;253;119;33;43;33;6;3;10;2;2;2;0;0;80;6;47.04;13.04;17;13.04;2.37;1.19;3.95;0.79;0.79;0.79;0;0;23.39;2.37
70129;70;La Chapelle-Saint-Quillain;137;96;93;33;8;17;16;13;1;3;0;1;1;0;0;41;1;35.48;8.6;18.28;17.2;13.98;1.08;3.23;0;1.08;1.08;0;0;29.93;1.08
70130;70;Charcenne;257;213;211;48;19;47;62;17;1;9;2;4;2;0;0;44;1;22.75;9;22.27;29.38;8.06;0.47;4.27;0.95;1.9;0.95;0;0;17.12;0.47
70132;70;Chargey-lès-Gray;487;415;403;122;54;100;61;33;6;17;3;4;2;1;0;72;4;30.27;13.4;24.81;15.14;8.19;1.49;4.22;0.74;0.99;0.5;0.25;0;14.78;0.99
70133;70;Chargey-lès-Port;187;157;149;57;25;23;24;10;2;4;0;1;3;0;0;30;0;38.26;16.78;15.44;16.11;6.71;1.34;2.68;0;0.67;2.01;0;0;16.04;0
70134;70;Chariez;161;136;133;32;27;35;16;14;0;2;0;4;2;1;0;25;0;24.06;20.3;26.32;12.03;10.53;0;1.5;0;3.01;1.5;0.75;0;15.53;0
70135;70;Charmes-Saint-Valbert;37;31;30;7;3;5;9;4;0;2;0;0;0;0;0;6;0;23.33;10;16.67;30;13.33;0;6.67;0;0;0;0;0;16.22;0
70136;70;Charmoille;350;306;290;84;42;64;55;18;2;15;1;5;4;0;0;44;8;28.97;14.48;22.07;18.97;6.21;0.69;5.17;0.34;1.72;1.38;0;0;12.57;2.76
70137;70;Chassey-lès-Montbozon;190;164;158;59;20;39;18;13;2;4;0;1;2;0;0;26;1;37.34;12.66;24.68;11.39;8.23;1.27;2.53;0;0.63;1.27;0;0;13.68;0.63
70138;70;Chassey-lès-Scey;91;82;81;29;10;14;21;1;2;0;2;2;0;0;0;9;0;35.8;12.35;17.28;25.93;1.23;2.47;0;2.47;2.47;0;0;0;9.89;0
70140;70;Châteney;48;45;44;15;8;9;6;3;0;0;2;0;1;0;0;3;0;34.09;18.18;20.45;13.64;6.82;0;0;4.55;0;2.27;0;0;6.25;0
70141;70;Châtenois;118;103;99;21;23;23;12;11;0;5;0;3;1;0;0;15;1;21.21;23.23;23.23;12.12;11.11;0;5.05;0;3.03;1.01;0;0;12.71;1.01
70142;70;Chaumercenne;139;119;112;48;15;10;24;3;2;3;0;4;3;0;0;20;6;42.86;13.39;8.93;21.43;2.68;1.79;2.68;0;3.57;2.68;0;0;14.39;5.36
70143;70;Chauvirey-le-Châtel;91;61;59;23;6;5;14;7;1;2;0;1;0;0;0;30;0;38.98;10.17;8.47;23.73;11.86;1.69;3.39;0;1.69;0;0;0;32.97;0
70144;70;Chauvirey-le-Vieil;45;36;35;16;2;4;4;1;2;4;2;0;0;0;0;9;0;45.71;5.71;11.43;11.43;2.86;5.71;11.43;5.71;0;0;0;0;20;0
70145;70;Chaux-la-Lotière;332;284;276;69;68;60;33;16;5;16;2;6;1;0;0;48;2;25;24.64;21.74;11.96;5.8;1.81;5.8;0.72;2.17;0.36;0;0;14.46;0.72
70146;70;Chaux-lès-Port;131;107;104;55;12;17;9;8;0;1;1;1;0;0;0;24;0;52.88;11.54;16.35;8.65;7.69;0;0.96;0.96;0.96;0;0;0;18.32;0
70147;70;Chavanne;179;148;141;41;28;19;24;18;2;4;1;3;1;0;0;31;2;29.08;19.86;13.48;17.02;12.77;1.42;2.84;0.71;2.13;0.71;0;0;17.32;1.42
70148;70;Chemilly;77;65;63;12;7;11;27;1;2;0;0;1;1;1;0;12;1;19.05;11.11;17.46;42.86;1.59;3.17;0;0;1.59;1.59;1.59;0;15.58;1.59
70149;70;Chenebier;601;480;462;181;89;74;48;19;4;31;2;6;7;1;0;121;5;39.18;19.26;16.02;10.39;4.11;0.87;6.71;0.43;1.3;1.52;0.22;0;20.13;1.08
70150;70;Chenevrey-et-Morogne;212;179;171;37;42;24;37;12;0;15;0;3;1;0;0;33;2;21.64;24.56;14.04;21.64;7.02;0;8.77;0;1.75;0.58;0;0;15.57;1.17
70151;70;Chevigney;46;39;39;10;10;3;9;4;0;1;0;0;0;2;0;7;0;25.64;25.64;7.69;23.08;10.26;0;2.56;0;0;0;5.13;0;15.22;0
70152;70;Choye;312;263;252;91;45;29;40;15;2;22;0;5;3;0;0;49;4;36.11;17.86;11.51;15.87;5.95;0.79;8.73;0;1.98;1.19;0;0;15.71;1.59
70153;70;Cintrey;86;75;72;25;7;13;17;7;0;1;0;1;1;0;0;11;0;34.72;9.72;18.06;23.61;9.72;0;1.39;0;1.39;1.39;0;0;12.79;0
70154;70;Cirey;240;213;204;74;28;35;27;19;0;9;1;6;5;0;0;27;4;36.27;13.73;17.16;13.24;9.31;0;4.41;0.49;2.94;2.45;0;0;11.25;1.96
70155;70;Citers;675;550;530;197;90;104;57;38;6;19;4;9;6;0;0;125;13;37.17;16.98;19.62;10.75;7.17;1.13;3.58;0.75;1.7;1.13;0;0;18.52;2.45
70156;70;Citey;90;80;78;38;5;15;13;2;0;2;0;1;2;0;0;10;1;48.72;6.41;19.23;16.67;2.56;0;2.56;0;1.28;2.56;0;0;11.11;1.28
70157;70;Clairegoutte;298;235;229;88;34;29;31;9;1;21;4;9;3;0;0;63;2;38.43;14.85;12.66;13.54;3.93;0.44;9.17;1.75;3.93;1.31;0;0;21.14;0.87
70158;70;Clans;85;71;69;17;12;9;16;8;0;2;3;1;1;0;0;14;0;24.64;17.39;13.04;23.19;11.59;0;2.9;4.35;1.45;1.45;0;0;16.47;0
70159;70;Cognières;89;79;70;23;3;19;14;4;2;5;0;0;0;0;0;10;3;32.86;4.29;27.14;20;5.71;2.86;7.14;0;0;0;0;0;11.24;4.29
70160;70;Coisevaux;271;242;234;75;38;59;23;15;2;14;2;3;3;0;0;29;0;32.05;16.24;25.21;9.83;6.41;0.85;5.98;0.85;1.28;1.28;0;0;10.7;0
70162;70;Colombe-lès-Vesoul;396;337;328;79;48;77;59;29;7;23;0;5;1;0;0;59;1;24.09;14.63;23.48;17.99;8.84;2.13;7.01;0;1.52;0.3;0;0;14.9;0.3
70163;70;Colombier;315;275;263;77;27;42;48;37;5;18;3;3;3;0;0;40;8;29.28;10.27;15.97;18.25;14.07;1.9;6.84;1.14;1.14;1.14;0;0;12.7;3.04
70164;70;Colombotte;50;47;46;12;5;4;20;4;0;0;0;1;0;0;0;3;0;26.09;10.87;8.7;43.48;8.7;0;0;0;2.17;0;0;0;6;0
70165;70;Combeaufontaine;407;335;319;114;46;66;56;23;1;7;1;3;0;2;0;72;5;35.74;14.42;20.69;17.55;7.21;0.31;2.19;0.31;0.94;0;0.63;0;17.69;1.57
70166;70;Comberjon;143;125;120;34;23;24;17;8;4;6;0;1;2;1;0;18;1;28.33;19.17;20;14.17;6.67;3.33;5;0;0.83;1.67;0.83;0;12.59;0.83
70167;70;Conflandey;279;239;229;80;57;41;15;12;2;17;0;4;1;0;0;40;4;34.93;24.89;17.9;6.55;5.24;0.87;7.42;0;1.75;0.44;0;0;14.34;1.75
70168;70;Conflans-sur-Lanterne;510;426;409;149;70;65;80;20;2;14;2;5;0;2;0;84;17;36.43;17.11;15.89;19.56;4.89;0.49;3.42;0.49;1.22;0;0.49;0;16.47;4.16
70169;70;Confracourt;153;130;124;43;24;19;17;12;1;4;1;1;2;0;0;23;4;34.68;19.35;15.32;13.71;9.68;0.81;3.23;0.81;0.81;1.61;0;0;15.03;3.23
70170;70;Contréglise;81;66;63;15;14;12;10;4;0;5;0;3;0;0;0;15;0;23.81;22.22;19.05;15.87;6.35;0;7.94;0;4.76;0;0;0;18.52;0
70171;70;Corbenay;1040;825;801;287;111;159;143;32;13;22;10;10;13;1;0;215;5;35.83;13.86;19.85;17.85;4;1.62;2.75;1.25;1.25;1.62;0.12;0;20.67;0.62
70172;70;La Corbière;85;76;73;28;3;15;9;5;1;11;0;0;1;0;0;9;2;38.36;4.11;20.55;12.33;6.85;1.37;15.07;0;0;1.37;0;0;10.59;2.74
70174;70;Cordonnet;117;102;97;20;16;28;19;6;2;2;1;0;2;1;0;15;3;20.62;16.49;28.87;19.59;6.19;2.06;2.06;1.03;0;2.06;1.03;0;12.82;3.09
70175;70;Cornot;123;103;101;33;8;28;16;4;4;5;0;3;0;0;0;20;0;32.67;7.92;27.72;15.84;3.96;3.96;4.95;0;2.97;0;0;0;16.26;0
70176;70;Corravillers;178;140;137;48;15;17;31;7;6;9;3;0;0;1;0;38;3;35.04;10.95;12.41;22.63;5.11;4.38;6.57;2.19;0;0;0.73;0;21.35;2.19
70177;70;Corre;495;403;385;159;48;57;80;20;7;3;5;3;2;1;0;92;6;41.3;12.47;14.81;20.78;5.19;1.82;0.78;1.3;0.78;0.52;0.26;0;18.59;1.56
70178;70;La Côte;444;381;370;160;57;52;54;21;4;14;1;4;2;1;0;63;11;43.24;15.41;14.05;14.59;5.68;1.08;3.78;0.27;1.08;0.54;0.27;0;14.19;2.97
70179;70;Coulevon;158;136;132;30;25;27;24;9;4;5;1;3;4;0;0;22;3;22.73;18.94;20.45;18.18;6.82;3.03;3.79;0.76;2.27;3.03;0;0;13.92;2.27
70180;70;Courchaton;365;310;306;108;49;51;57;17;5;10;0;4;3;2;0;55;0;35.29;16.01;16.67;18.63;5.56;1.63;3.27;0;1.31;0.98;0.65;0;15.07;0
70181;70;Courcuire;101;87;81;31;7;14;10;7;0;8;0;3;1;0;0;14;1;38.27;8.64;17.28;12.35;8.64;0;9.88;0;3.7;1.23;0;0;13.86;1.23
70182;70;Courmont;91;77;75;27;14;14;11;2;0;0;4;3;0;0;0;14;1;36;18.67;18.67;14.67;2.67;0;0;5.33;4;0;0;0;15.38;1.33
70183;70;Courtesoult-et-Gatey;63;56;56;22;11;7;7;2;1;1;0;3;2;0;0;7;0;39.29;19.64;12.5;12.5;3.57;1.79;1.79;0;5.36;3.57;0;0;11.11;0
70184;70;Couthenans;562;435;422;129;80;96;56;23;5;21;3;4;5;0;0;127;4;30.57;18.96;22.75;13.27;5.45;1.18;4.98;0.71;0.95;1.18;0;0;22.6;0.95
70185;70;Cresancey;137;114;112;37;9;21;29;7;1;6;0;0;2;0;0;23;0;33.04;8.04;18.75;25.89;6.25;0.89;5.36;0;0;1.79;0;0;16.79;0
70186;70;La Creuse;55;45;45;13;8;3;14;2;0;4;1;0;0;0;0;10;0;28.89;17.78;6.67;31.11;4.44;0;8.89;2.22;0;0;0;0;18.18;0
70187;70;Crevans-et-la-Chapelle-lès-Granges;209;182;179;79;23;34;23;10;0;6;0;3;1;0;0;27;2;44.13;12.85;18.99;12.85;5.59;0;3.35;0;1.68;0.56;0;0;12.92;1.12
70188;70;Creveney;54;43;42;15;9;6;10;1;0;1;0;0;0;0;0;11;0;35.71;21.43;14.29;23.81;2.38;0;2.38;0;0;0;0;0;20.37;0
70189;70;Cromary;197;173;167;38;26;43;28;13;1;9;2;4;3;0;0;24;1;22.75;15.57;25.75;16.77;7.78;0.6;5.39;1.2;2.4;1.8;0;0;12.18;0.6
70190;70;Cubry-lès-Faverney;110;94;92;33;16;9;14;9;3;6;2;0;0;0;0;16;0;35.87;17.39;9.78;15.22;9.78;3.26;6.52;2.17;0;0;0;0;14.55;0
70192;70;Cugney;162;136;127;33;3;31;40;15;0;2;0;1;2;0;0;26;3;25.98;2.36;24.41;31.5;11.81;0;1.57;0;0.79;1.57;0;0;16.05;2.36
70193;70;Cult;163;139;137;37;29;32;16;11;1;6;1;2;2;0;0;24;0;27.01;21.17;23.36;11.68;8.03;0.73;4.38;0.73;1.46;1.46;0;0;14.72;0
70194;70;Cuve;125;98;97;38;14;24;13;3;0;4;0;0;1;0;0;27;0;39.18;14.43;24.74;13.4;3.09;0;4.12;0;0;1.03;0;0;21.6;0
70195;70;Dambenoît-lès-Colombe;211;173;166;61;34;20;28;5;1;7;1;7;2;0;0;38;2;36.75;20.48;12.05;16.87;3.01;0.6;4.22;0.6;4.22;1.2;0;0;18.01;1.2
70196;70;Dampierre-lès-Conflans;225;184;179;54;16;32;51;11;3;6;3;2;1;0;0;41;5;30.17;8.94;17.88;28.49;6.15;1.68;3.35;1.68;1.12;0.56;0;0;18.22;2.79
70197;70;Dampierre-sur-Linotte;610;481;468;145;60;86;99;37;7;21;5;8;0;0;0;129;3;30.98;12.82;18.38;21.15;7.91;1.5;4.49;1.07;1.71;0;0;0;21.15;0.64
70198;70;Dampierre-sur-Salon;839;684;668;195;73;118;176;59;9;24;2;6;6;0;0;155;6;29.19;10.93;17.66;26.35;8.83;1.35;3.59;0.3;0.9;0.9;0;0;18.47;0.9
70199;70;Dampvalley-lès-Colombe;89;75;74;25;1;15;13;8;1;8;0;3;0;0;0;14;1;33.78;1.35;20.27;17.57;10.81;1.35;10.81;0;4.05;0;0;0;15.73;1.35
70200;70;Dampvalley-Saint-Pancras;41;29;29;6;7;4;5;2;0;1;2;0;2;0;0;12;0;20.69;24.14;13.79;17.24;6.9;0;3.45;6.9;0;6.9;0;0;29.27;0
70201;70;Delain;165;133;128;67;6;13;33;4;1;1;0;3;0;0;0;32;0;52.34;4.69;10.16;25.78;3.13;0.78;0.78;0;2.34;0;0;0;19.39;0
70202;70;Demangevelle;287;207;194;85;29;30;19;15;1;8;2;2;3;0;0;80;7;43.81;14.95;15.46;9.79;7.73;0.52;4.12;1.03;1.03;1.55;0;0;27.87;3.61
70203;70;La Demie;113;95;87;21;15;23;15;8;0;4;1;0;0;0;0;18;1;24.14;17.24;26.44;17.24;9.2;0;4.6;1.15;0;0;0;0;15.93;1.15
70204;70;Denèvre;115;98;93;24;12;18;25;8;1;1;2;2;0;0;0;17;2;25.81;12.9;19.35;26.88;8.6;1.08;1.08;2.15;2.15;0;0;0;14.78;2.15
70205;70;Echavanne;203;158;153;61;17;26;23;5;3;10;1;3;3;1;0;45;2;39.87;11.11;16.99;15.03;3.27;1.96;6.54;0.65;1.96;1.96;0.65;0;22.17;1.31
70206;70;Echenans-sous-Mont-Vaudois;441;350;338;65;88;85;32;34;3;18;1;4;7;1;0;91;8;19.23;26.04;25.15;9.47;10.06;0.89;5.33;0.3;1.18;2.07;0.3;0;20.63;2.37
70207;70;Echenoz-la-Méline;2510;2003;1945;477;326;443;395;126;12;111;16;26;13;0;0;507;16;24.52;16.76;22.78;20.31;6.48;0.62;5.71;0.82;1.34;0.67;0;0;20.2;0.82
70208;70;Echenoz-le-Sec;232;205;193;55;49;43;21;7;4;10;2;2;0;0;0;27;7;28.5;25.39;22.28;10.88;3.63;2.07;5.18;1.04;1.04;0;0;0;11.64;3.63
70210;70;Ecromagny;142;117;112;31;19;18;32;3;4;1;1;2;1;0;0;25;2;27.68;16.96;16.07;28.57;2.68;3.57;0.89;0.89;1.79;0.89;0;0;17.61;1.79
70211;70;Ecuelle;78;52;51;33;4;0;9;3;1;1;0;0;0;0;0;26;0;64.71;7.84;0;17.65;5.88;1.96;1.96;0;0;0;0;0;33.33;0
70213;70;Ehuns;200;166;163;71;14;21;38;10;1;3;4;0;1;0;0;34;1;43.56;8.59;12.88;23.31;6.13;0.61;1.84;2.45;0;0.61;0;0;17;0.61
70214;70;Equevilley;107;90;88;11;18;18;28;1;0;6;0;4;2;0;0;17;0;12.5;20.45;20.45;31.82;1.14;0;6.82;0;4.55;2.27;0;0;15.89;0
70215;70;Errevet;236;175;171;22;31;47;38;15;3;10;1;3;0;1;0;61;0;12.87;18.13;27.49;22.22;8.77;1.75;5.85;0.58;1.75;0;0.58;0;25.85;0
70216;70;Esboz-Brest;406;320;311;103;56;67;34;16;5;16;3;8;3;0;0;86;5;33.12;18.01;21.54;10.93;5.14;1.61;5.14;0.96;2.57;0.96;0;0;21.18;1.61
70217;70;Esmoulières;111;75;73;20;12;9;24;5;1;1;0;1;0;0;0;36;2;27.4;16.44;12.33;32.88;6.85;1.37;1.37;0;1.37;0;0;0;32.43;2.74
70218;70;Esmoulins;94;77;74;23;8;19;17;1;1;2;0;2;0;1;0;17;1;31.08;10.81;25.68;22.97;1.35;1.35;2.7;0;2.7;0;1.35;0;18.09;1.35
70219;70;Esprels;533;467;450;157;85;68;67;26;7;24;7;2;5;2;0;66;7;34.89;18.89;15.11;14.89;5.78;1.56;5.33;1.56;0.44;1.11;0.44;0;12.38;1.56
70220;70;Essertenne-et-Cecey;294;245;230;76;47;49;28;5;1;9;6;7;2;0;0;49;2;33.04;20.43;21.3;12.17;2.17;0.43;3.91;2.61;3.04;0.87;0;0;16.67;0.87
70221;70;Etobon;258;214;208;69;49;31;25;10;3;12;4;5;0;0;0;44;0;33.17;23.56;14.9;12.02;4.81;1.44;5.77;1.92;2.4;0;0;0;17.05;0
70222;70;Etrelles-et-la-Montbleuse;69;59;56;27;6;12;0;6;0;1;0;3;1;0;0;10;1;48.21;10.71;21.43;0;10.71;0;1.79;0;5.36;1.79;0;0;14.49;1.79
70224;70;Etuz;459;392;389;89;70;95;70;34;0;16;10;4;0;1;0;67;3;22.88;17.99;24.42;17.99;8.74;0;4.11;2.57;1.03;0;0.26;0;14.6;0.77
70225;70;Fahy-lès-Autrey;113;101;99;33;16;17;22;3;4;3;1;0;0;0;0;12;2;33.33;16.16;17.17;22.22;3.03;4.04;3.03;1.01;0;0;0;0;10.62;2.02
70226;70;Fallon;262;224;216;66;37;48;38;9;1;9;1;3;3;1;0;38;8;30.56;17.13;22.22;17.59;4.17;0.46;4.17;0.46;1.39;1.39;0.46;0;14.5;3.7
70227;70;Faucogney-et-la-Mer;425;345;330;72;57;91;58;15;6;19;3;5;4;0;0;80;13;21.82;17.27;27.58;17.58;4.55;1.82;5.76;0.91;1.52;1.21;0;0;18.82;3.94
70228;70;Faverney;664;535;511;141;76;100;109;30;7;36;2;5;5;0;0;129;5;27.59;14.87;19.57;21.33;5.87;1.37;7.05;0.39;0.98;0.98;0;0;19.43;0.98
70229;70;Faymont;218;196;193;70;30;41;21;10;4;14;0;1;1;1;0;22;0;36.27;15.54;21.24;10.88;5.18;2.07;7.25;0;0.52;0.52;0.52;0;10.09;0
70230;70;Fédry;91;72;72;21;8;9;27;2;1;2;1;0;1;0;0;19;0;29.17;11.11;12.5;37.5;2.78;1.39;2.78;1.39;0;1.39;0;0;20.88;0
70231;70;Ferrières-lès-Ray;37;31;29;11;0;3;10;4;0;0;0;1;0;0;0;6;1;37.93;0;10.34;34.48;13.79;0;0;0;3.45;0;0;0;16.22;3.45
70232;70;Ferrières-lès-Scey;121;97;91;17;15;24;24;4;2;3;1;0;1;0;0;24;3;18.68;16.48;26.37;26.37;4.4;2.2;3.3;1.1;0;1.1;0;0;19.83;3.3
70233;70;Les Fessey;98;73;70;24;9;11;23;1;0;0;0;1;1;0;0;25;2;34.29;12.86;15.71;32.86;1.43;0;0;0;1.43;1.43;0;0;25.51;2.86
70234;70;Filain;169;159;150;44;23;24;27;8;6;6;6;6;0;0;0;10;3;29.33;15.33;16;18;5.33;4;4;4;4;0;0;0;5.92;2
70235;70;Flagy;119;103;95;13;17;20;31;4;1;5;0;3;1;0;0;16;4;13.68;17.89;21.05;32.63;4.21;1.05;5.26;0;3.16;1.05;0;0;13.45;4.21
70236;70;Fleurey-lès-Faverney;387;326;315;98;50;67;61;18;7;7;3;2;1;1;0;61;9;31.11;15.87;21.27;19.37;5.71;2.22;2.22;0.95;0.63;0.32;0.32;0;15.76;2.86
70237;70;Fleurey-lès-Lavoncourt;91;79;75;30;6;9;20;3;3;0;0;4;0;0;0;12;2;40;8;12;26.67;4;4;0;0;5.33;0;0;0;13.19;2.67
70238;70;Fleurey-lès-Saint-Loup;136;92;85;33;11;10;18;3;0;4;1;4;1;0;0;44;4;38.82;12.94;11.76;21.18;3.53;0;4.71;1.18;4.71;1.18;0;0;32.35;4.71
70239;70;Fondremand;153;135;131;30;19;35;36;2;1;6;0;2;0;0;0;18;2;22.9;14.5;26.72;27.48;1.53;0.76;4.58;0;1.53;0;0;0;11.76;1.53
70240;70;Fontaine-lès-Luxeuil;1146;915;878;334;120;172;132;48;7;34;7;14;10;0;0;231;17;38.04;13.67;19.59;15.03;5.47;0.8;3.87;0.8;1.59;1.14;0;0;20.16;1.94
70242;70;Fontenois-la-Ville;121;91;84;39;8;2;24;4;0;3;0;2;2;0;0;30;0;46.43;9.52;2.38;28.57;4.76;0;3.57;0;2.38;2.38;0;0;24.79;0
70243;70;Fontenois-lès-Montbozon;212;183;178;48;24;55;33;5;1;8;1;1;2;0;0;29;4;26.97;13.48;30.9;18.54;2.81;0.56;4.49;0.56;0.56;1.12;0;0;13.68;2.25
70244;70;Fouchécourt;85;75;74;20;12;17;14;2;0;7;0;2;0;0;0;10;0;27.03;16.22;22.97;18.92;2.7;0;9.46;0;2.7;0;0;0;11.76;0
70245;70;Fougerolles;2885;2241;2147;661;311;411;427;126;36;94;19;31;29;2;0;644;38;30.79;14.49;19.14;19.89;5.87;1.68;4.38;0.88;1.44;1.35;0.09;0;22.32;1.77
70247;70;Fouvent-Saint-Andoche;186;149;146;41;19;21;40;13;2;4;1;1;3;1;0;37;2;28.08;13.01;14.38;27.4;8.9;1.37;2.74;0.68;0.68;2.05;0.68;0;19.89;1.37
70248;70;Frahier-et-Chatebier;1110;876;843;296;122;161;133;51;8;47;11;7;5;2;0;234;9;35.11;14.47;19.1;15.78;6.05;0.95;5.58;1.3;0.83;0.59;0.24;0;21.08;1.07
70249;70;Francalmont;113;91;87;32;18;11;18;5;0;2;0;0;1;0;0;22;3;36.78;20.69;12.64;20.69;5.75;0;2.3;0;0;1.15;0;0;19.47;3.45
70250;70;Franchevelle;361;289;281;97;44;47;50;16;5;12;2;3;5;0;0;72;4;34.52;15.66;16.73;17.79;5.69;1.78;4.27;0.71;1.07;1.78;0;0;19.94;1.42
70251;70;Francourt;76;62;60;20;12;8;14;2;0;3;0;1;0;0;0;14;1;33.33;20;13.33;23.33;3.33;0;5;0;1.67;0;0;0;18.42;1.67
70252;70;Framont;144;125;123;47;12;15;22;13;2;8;0;0;4;0;0;19;0;38.21;9.76;12.2;17.89;10.57;1.63;6.5;0;0;3.25;0;0;13.19;0
70253;70;Frasne-le-Château;210;174;167;56;26;36;24;13;0;8;2;1;1;0;0;36;7;33.53;15.57;21.56;14.37;7.78;0;4.79;1.2;0.6;0.6;0;0;17.14;4.19
70254;70;Frédéric-Fontaine;199;162;155;44;27;32;19;16;1;9;1;4;2;0;0;37;0;28.39;17.42;20.65;12.26;10.32;0.65;5.81;0.65;2.58;1.29;0;0;18.59;0
70255;70;Fresne-Saint-Mamès;419;313;305;123;48;49;44;20;2;9;3;5;1;1;0;106;3;40.33;15.74;16.07;14.43;6.56;0.66;2.95;0.98;1.64;0.33;0.33;0;25.3;0.98
70256;70;Fresse;605;475;463;177;95;78;48;27;4;20;2;7;5;0;0;130;3;38.23;20.52;16.85;10.37;5.83;0.86;4.32;0.43;1.51;1.08;0;0;21.49;0.65
70257;70;Fretigney-et-Velloreille;551;449;437;185;61;80;57;29;6;8;3;5;2;1;0;102;2;42.33;13.96;18.31;13.04;6.64;1.37;1.83;0.69;1.14;0.46;0.23;0;18.51;0.46
70258;70;Froideconche;1530;1270;1227;399;174;255;228;88;12;44;5;14;7;1;0;260;21;32.52;14.18;20.78;18.58;7.17;0.98;3.59;0.41;1.14;0.57;0.08;0;16.99;1.71
70259;70;Froideterre;319;259;250;90;29;46;43;19;2;10;4;4;2;1;0;60;9;36;11.6;18.4;17.2;7.6;0.8;4;1.6;1.6;0.8;0.4;0;18.81;3.6
70260;70;Frotey-lès-Lure;597;475;464;175;69;76;78;24;3;23;5;8;3;0;0;122;3;37.72;14.87;16.38;16.81;5.17;0.65;4.96;1.08;1.72;0.65;0;0;20.44;0.65
70261;70;Frotey-lès-Vesoul;1008;831;808;157;121;211;204;50;7;43;2;9;4;0;0;177;10;19.43;14.98;26.11;25.25;6.19;0.87;5.32;0.25;1.11;0.5;0;0;17.56;1.24
70262;70;Genevreuille;137;128;123;45;24;18;18;8;2;2;1;2;3;0;0;9;1;36.59;19.51;14.63;14.63;6.5;1.63;1.63;0.81;1.63;2.44;0;0;6.57;0.81
70263;70;Genevrey;227;183;176;67;23;25;39;9;0;8;1;4;0;0;0;44;3;38.07;13.07;14.2;22.16;5.11;0;4.55;0.57;2.27;0;0;0;19.38;1.7
70264;70;Georfans;55;43;43;13;7;11;10;0;0;0;2;0;0;0;0;12;0;30.23;16.28;25.58;23.26;0;0;0;4.65;0;0;0;0;21.82;0
70265;70;Germigney;143;119;111;46;12;18;22;8;0;3;0;1;1;0;0;24;0;41.44;10.81;16.22;19.82;7.21;0;2.7;0;0.9;0.9;0;0;16.78;0
70267;70;Gevigney-et-Mercey;373;317;306;73;51;67;66;31;2;7;4;4;0;1;0;56;1;23.86;16.67;21.9;21.57;10.13;0.65;2.29;1.31;1.31;0;0.33;0;15.01;0.33
70268;70;Gézier-et-Fontenelay;154;129;128;26;30;21;24;12;4;8;0;3;0;0;0;25;0;20.31;23.44;16.41;18.75;9.38;3.13;6.25;0;2.34;0;0;0;16.23;0
70269;70;Girefontaine;35;28;27;12;2;3;6;1;2;0;0;1;0;0;0;7;1;44.44;7.41;11.11;22.22;3.7;7.41;0;0;3.7;0;0;0;20;3.7
70271;70;Gouhenans;305;258;249;103;44;43;27;11;4;13;1;1;0;2;0;47;5;41.37;17.67;17.27;10.84;4.42;1.61;5.22;0.4;0.4;0;0.8;0;15.41;2.01
70272;70;Gourgeon;165;129;128;33;19;28;20;13;0;10;0;1;4;0;0;36;0;25.78;14.84;21.88;15.63;10.16;0;7.81;0;0.78;3.13;0;0;21.82;0
70273;70;Grammont;50;44;37;20;2;4;9;1;0;0;0;0;1;0;0;6;4;54.05;5.41;10.81;24.32;2.7;0;0;0;0;2.7;0;0;12;10.81
70274;70;Grandecourt;33;27;27;14;3;6;1;1;0;1;1;0;0;0;0;6;0;51.85;11.11;22.22;3.7;3.7;0;3.7;3.7;0;0;0;0;18.18;0
70275;70;Grandvelle-et-le-Perrenot;274;250;239;86;27;46;41;17;0;14;0;4;4;0;0;24;2;35.98;11.3;19.25;17.15;7.11;0;5.86;0;1.67;1.67;0;0;8.76;0.84
70276;70;Granges-la-Ville;151;124;120;52;14;17;14;11;2;7;2;1;0;0;0;27;0;43.33;11.67;14.17;11.67;9.17;1.67;5.83;1.67;0.83;0;0;0;17.88;0
70277;70;Granges-le-Bourg;292;259;248;103;36;39;36;12;3;8;7;3;1;0;0;33;4;41.53;14.52;15.73;14.52;4.84;1.21;3.23;2.82;1.21;0.4;0;0;11.3;1.61
70278;70;Grattery;184;161;154;51;24;32;21;11;0;12;0;3;0;0;0;23;6;33.12;15.58;20.78;13.64;7.14;0;7.79;0;1.95;0;0;0;12.5;3.9
70279;70;Gray;3310;2350;2276;630;386;456;449;109;23;132;17;46;24;4;0;960;30;27.68;16.96;20.04;19.73;4.79;1.01;5.8;0.75;2.02;1.05;0.18;0;29;1.32
70280;70;Gray-la-Ville;757;606;585;149;113;133;102;27;4;39;1;11;5;1;0;151;18;25.47;19.32;22.74;17.44;4.62;0.68;6.67;0.17;1.88;0.85;0.17;0;19.95;3.08
70282;70;Gy;716;603;587;181;49;145;117;50;3;22;2;6;9;3;0;113;3;30.83;8.35;24.7;19.93;8.52;0.51;3.75;0.34;1.02;1.53;0.51;0;15.78;0.51
70283;70;Haut-du-Them-Château-Lambert;394;305;296;92;50;65;39;16;4;15;6;5;4;0;0;89;4;31.08;16.89;21.96;13.18;5.41;1.35;5.07;2.03;1.69;1.35;0;0;22.59;1.35
70284;70;Hautevelle;224;188;179;52;34;31;27;10;8;11;0;5;0;1;0;36;9;29.05;18.99;17.32;15.08;5.59;4.47;6.15;0;2.79;0;0.56;0;16.07;5.03
70285;70;Héricourt;7200;5460;5243;1556;1157;1063;619;221;58;358;64;90;53;4;0;1740;81;29.68;22.07;20.27;11.81;4.22;1.11;6.83;1.22;1.72;1.01;0.08;0;24.17;1.54
70286;70;Hugier;93;79;76;15;9;22;14;1;3;5;2;4;1;0;0;14;3;19.74;11.84;28.95;18.42;1.32;3.95;6.58;2.63;5.26;1.32;0;0;15.05;3.95
70287;70;Hurecourt;40;33;33;9;6;10;3;2;1;2;0;0;0;0;0;7;0;27.27;18.18;30.3;9.09;6.06;3.03;6.06;0;0;0;0;0;17.5;0
70288;70;Hyet;78;67;66;12;13;19;9;3;3;6;0;1;0;0;0;11;0;18.18;19.7;28.79;13.64;4.55;4.55;9.09;0;1.52;0;0;0;14.1;0
70289;70;Igny;153;134;132;44;17;27;34;7;1;0;0;2;0;0;0;19;1;33.33;12.88;20.45;25.76;5.3;0.76;0;0;1.52;0;0;0;12.42;0.76
70290;70;Jasney;183;174;162;49;32;40;18;8;3;6;1;4;1;0;0;9;2;30.25;19.75;24.69;11.11;4.94;1.85;3.7;0.62;2.47;0.62;0;0;4.92;1.23
70291;70;Jonvelle;117;90;85;34;2;14;20;8;0;3;1;1;1;1;0;27;1;40;2.35;16.47;23.53;9.41;0;3.53;1.18;1.18;1.18;1.18;0;23.08;1.18
70292;70;Jussey;1149;889;866;239;128;166;211;46;4;42;11;5;13;1;0;260;9;27.6;14.78;19.17;24.36;5.31;0.46;4.85;1.27;0.58;1.5;0.12;0;22.63;1.04
70293;70;Lambrey;65;57;55;18;3;5;15;9;0;3;1;0;1;0;0;8;1;32.73;5.45;9.09;27.27;16.36;0;5.45;1.82;0;1.82;0;0;12.31;1.82
70294;70;Lantenot;295;249;240;84;22;48;47;9;7;10;4;9;0;0;0;46;1;35;9.17;20;19.58;3.75;2.92;4.17;1.67;3.75;0;0;0;15.59;0.42
70295;70;La Lanterne-et-les-Armonts;156;128;121;32;24;26;22;10;0;3;0;3;1;0;0;28;1;26.45;19.83;21.49;18.18;8.26;0;2.48;0;2.48;0.83;0;0;17.95;0.83
70296;70;Larians-et-Munans;188;150;146;49;23;29;30;4;0;4;2;4;1;0;0;38;1;33.56;15.75;19.86;20.55;2.74;0;2.74;1.37;2.74;0.68;0;0;20.21;0.68
70297;70;Larret;52;37;34;15;2;3;8;5;0;0;0;0;1;0;0;15;1;44.12;5.88;8.82;23.53;14.71;0;0;0;0;2.94;0;0;28.85;2.94
70298;70;Lavigney;99;76;72;22;7;20;12;3;1;4;3;0;0;0;0;23;1;30.56;9.72;27.78;16.67;4.17;1.39;5.56;4.17;0;0;0;0;23.23;1.39
70299;70;Lavoncourt;233;196;183;29;20;60;44;8;3;8;2;5;4;0;0;37;1;15.85;10.93;32.79;24.04;4.37;1.64;4.37;1.09;2.73;2.19;0;0;15.88;0.55
70301;70;Lieffrans;46;42;40;16;5;3;9;4;0;2;0;0;1;0;0;4;0;40;12.5;7.5;22.5;10;0;5;0;0;2.5;0;0;8.7;0
70302;70;Lieucourt;62;51;49;14;9;4;9;7;0;5;0;1;0;0;0;11;0;28.57;18.37;8.16;18.37;14.29;0;10.2;0;2.04;0;0;0;17.74;0
70303;70;Liévans;108;94;90;23;11;20;18;11;2;4;0;1;0;0;0;14;3;25.56;12.22;22.22;20;12.22;2.22;4.44;0;1.11;0;0;0;12.96;3.33
70304;70;Linexert;129;101;98;27;13;25;15;3;5;7;0;3;0;0;0;28;0;27.55;13.27;25.51;15.31;3.06;5.1;7.14;0;3.06;0;0;0;21.71;0
70305;70;Loeuilley;84;69;68;20;11;12;19;3;0;3;0;0;0;0;0;15;0;29.41;16.18;17.65;27.94;4.41;0;4.41;0;0;0;0;0;17.86;0
70306;70;Lomont;344;295;288;96;41;49;33;22;3;27;5;9;3;0;0;49;3;33.33;14.24;17.01;11.46;7.64;1.04;9.38;1.74;3.13;1.04;0;0;14.24;1.04
70307;70;Longevelle;100;93;92;31;14;15;8;14;3;4;1;0;1;1;0;7;0;33.7;15.22;16.3;8.7;15.22;3.26;4.35;1.09;0;1.09;1.09;0;7;0
70308;70;La Longine;216;145;138;45;20;18;31;3;2;7;0;7;5;0;0;71;7;32.61;14.49;13.04;22.46;2.17;1.45;5.07;0;5.07;3.62;0;0;32.87;5.07
70309;70;Loulans-Verchamp;355;284;276;72;44;55;43;23;4;21;1;9;3;1;0;71;2;26.09;15.94;19.93;15.58;8.33;1.45;7.61;0.36;3.26;1.09;0.36;0;20;0.72
70310;70;Lure;5012;3770;3651;1011;715;708;610;173;31;263;36;57;41;6;0;1242;51;27.69;19.58;19.39;16.71;4.74;0.85;7.2;0.99;1.56;1.12;0.16;0;24.78;1.4
70311;70;Luxeuil-les-Bains;4611;3460;3366;787;578;742;752;188;26;193;37;37;22;4;0;1151;39;23.38;17.17;22.04;22.34;5.59;0.77;5.73;1.1;1.1;0.65;0.12;0;24.96;1.16
70312;70;Luze;631;536;521;172;86;117;67;28;11;25;0;6;9;0;0;95;2;33.01;16.51;22.46;12.86;5.37;2.11;4.8;0;1.15;1.73;0;0;15.06;0.38
70313;70;Lyoffans;288;237;229;91;35;45;35;10;1;6;0;4;2;0;0;51;6;39.74;15.28;19.65;15.28;4.37;0.44;2.62;0;1.75;0.87;0;0;17.71;2.62
70314;70;Magnivray;145;107;103;41;15;22;21;0;1;1;0;1;0;1;0;38;4;39.81;14.56;21.36;20.39;0;0.97;0.97;0;0.97;0;0.97;0;26.21;3.88
70315;70;Magnoncourt;386;314;301;107;38;51;42;28;1;15;3;9;7;0;0;72;5;35.55;12.62;16.94;13.95;9.3;0.33;4.98;1;2.99;2.33;0;0;18.65;1.66
70316;70;Le Magnoray;83;71;69;19;16;16;8;6;0;2;1;0;1;0;0;12;1;27.54;23.19;23.19;11.59;8.7;0;2.9;1.45;0;1.45;0;0;14.46;1.45
70317;70;Les Magny;116;91;88;32;15;17;16;2;1;2;2;1;0;0;0;25;1;36.36;17.05;19.32;18.18;2.27;1.14;2.27;2.27;1.14;0;0;0;21.55;1.14
70318;70;Magny-Danigon;325;277;268;88;60;38;22;22;2;19;1;11;4;1;0;48;9;32.84;22.39;14.18;8.21;8.21;0.75;7.09;0.37;4.1;1.49;0.37;0;14.77;3.36
70319;70;Magny-Jobert;87;73;73;28;12;9;12;1;0;7;1;1;1;1;0;14;0;38.36;16.44;12.33;16.44;1.37;0;9.59;1.37;1.37;1.37;1.37;0;16.09;0
70320;70;Magny-lès-Jussey;109;89;86;28;13;8;22;10;1;4;0;0;0;0;0;20;2;32.56;15.12;9.3;25.58;11.63;1.16;4.65;0;0;0;0;0;18.35;2.33
70321;70;Magny-Vernois;990;866;837;256;126;221;98;52;6;51;6;14;5;2;0;124;6;30.59;15.05;26.4;11.71;6.21;0.72;6.09;0.72;1.67;0.6;0.24;0;12.53;0.72
70322;70;Mailleroncourt-Charette;248;213;208;67;32;53;34;9;3;5;0;5;0;0;0;35;4;32.21;15.38;25.48;16.35;4.33;1.44;2.4;0;2.4;0;0;0;14.11;1.92
70323;70;Mailleroncourt-Saint-Pancras;162;132;129;61;6;19;28;7;1;2;1;2;2;0;0;30;0;47.29;4.65;14.73;21.71;5.43;0.78;1.55;0.78;1.55;1.55;0;0;18.52;0
70324;70;Mailley-et-Chazelot;502;444;432;91;67;111;100;25;5;18;7;3;5;0;0;58;5;21.06;15.51;25.69;23.15;5.79;1.16;4.17;1.62;0.69;1.16;0;0;11.55;1.16
70325;70;Maizières;250;212;209;47;24;48;53;21;2;10;1;1;1;1;0;38;3;22.49;11.48;22.97;25.36;10.05;0.96;4.78;0.48;0.48;0.48;0.48;0;15.2;1.44
70326;70;La Malachère;230;193;184;63;29;40;28;7;0;13;0;2;1;1;0;37;4;34.24;15.76;21.74;15.22;3.8;0;7.07;0;1.09;0.54;0.54;0;16.09;2.17
70327;70;Malans;131;113;111;15;13;24;35;11;5;4;1;1;0;2;0;18;0;13.51;11.71;21.62;31.53;9.91;4.5;3.6;0.9;0.9;0;1.8;0;13.74;0
70328;70;Malbouhans;295;246;241;93;40;36;37;16;7;7;3;0;2;0;0;49;1;38.59;16.6;14.94;15.35;6.64;2.9;2.9;1.24;0;0.83;0;0;16.61;0.41
70329;70;Malvillers;73;61;60;20;8;15;12;3;0;2;0;0;0;0;0;12;0;33.33;13.33;25;20;5;0;3.33;0;0;0;0;0;16.44;0
70330;70;Mandrevillars;192;164;157;31;20;42;35;14;3;9;1;1;1;0;0;28;2;19.75;12.74;26.75;22.29;8.92;1.91;5.73;0.64;0.64;0.64;0;0;14.58;1.27
70331;70;Mantoche;410;350;336;100;33;89;77;12;5;12;4;3;1;0;0;60;4;29.76;9.82;26.49;22.92;3.57;1.49;3.57;1.19;0.89;0.3;0;0;14.63;1.19
70332;70;Marast;50;47;46;12;9;9;9;1;1;2;0;1;2;0;0;3;0;26.09;19.57;19.57;19.57;2.17;2.17;4.35;0;2.17;4.35;0;0;6;0
70334;70;Marnay;1095;868;848;253;128;178;188;39;12;35;1;9;3;2;0;227;4;29.83;15.09;20.99;22.17;4.6;1.42;4.13;0.12;1.06;0.35;0.24;0;20.73;0.47
70335;70;Maussans;68;47;47;22;5;7;3;6;2;1;1;0;0;0;0;21;0;46.81;10.64;14.89;6.38;12.77;4.26;2.13;2.13;0;0;0;0;30.88;0
70336;70;Mélecey;120;103;100;40;12;15;26;5;0;0;0;2;0;0;0;17;1;40;12;15;26;5;0;0;0;2;0;0;0;14.17;1
70337;70;Melin;63;50;49;6;6;8;20;3;1;4;0;0;1;0;0;13;1;12.24;12.24;16.33;40.82;6.12;2.04;8.16;0;0;2.04;0;0;20.63;2.04
70338;70;Melincourt;193;153;146;60;11;14;36;12;3;7;1;1;1;0;0;40;3;41.1;7.53;9.59;24.66;8.22;2.05;4.79;0.68;0.68;0.68;0;0;20.73;2.05
70339;70;Mélisey;1414;1100;1054;367;194;191;164;53;5;43;11;9;15;2;0;314;23;34.82;18.41;18.12;15.56;5.03;0.47;4.08;1.04;0.85;1.42;0.19;0;22.21;2.18
70340;70;Membrey;172;141;136;39;20;31;26;10;1;5;2;2;0;0;0;31;1;28.68;14.71;22.79;19.12;7.35;0.74;3.68;1.47;1.47;0;0;0;18.02;0.74
70341;70;Menoux;215;186;178;63;32;42;22;8;2;1;2;1;4;1;0;29;0;35.39;17.98;23.6;12.36;4.49;1.12;0.56;1.12;0.56;2.25;0.56;0;13.49;0
70342;70;Mercey-sur-Saône;115;99;94;37;8;10;21;12;0;2;0;2;1;1;0;16;0;39.36;8.51;10.64;22.34;12.77;0;2.13;0;2.13;1.06;1.06;0;13.91;0
70343;70;Mersuay;258;221;213;71;25;58;31;13;1;7;1;2;4;0;0;37;0;33.33;11.74;27.23;14.55;6.1;0.47;3.29;0.47;0.94;1.88;0;0;14.34;0
70344;70;Meurcourt;285;222;210;69;30;37;41;14;1;10;3;3;2;0;0;63;2;32.86;14.29;17.62;19.52;6.67;0.48;4.76;1.43;1.43;0.95;0;0;22.11;0.95
70347;70;Mignavillers;298;240;228;101;24;39;34;14;1;5;1;7;0;2;0;58;11;44.3;10.53;17.11;14.91;6.14;0.44;2.19;0.44;3.07;0;0.88;0;19.46;4.82
70348;70;Moffans-et-Vacheresse;542;421;407;139;87;73;39;23;7;22;3;7;6;1;0;121;6;34.15;21.38;17.94;9.58;5.65;1.72;5.41;0.74;1.72;1.47;0.25;0;22.32;1.47
70349;70;Moimay;157;122;120;38;21;17;23;4;1;9;1;3;3;0;0;35;2;31.67;17.5;14.17;19.17;3.33;0.83;7.5;0.83;2.5;2.5;0;0;22.29;1.67
70350;70;Molay;54;41;40;12;5;4;11;5;0;3;0;0;0;0;0;13;1;30;12.5;10;27.5;12.5;0;7.5;0;0;0;0;0;24.07;2.5
70351;70;Mollans;191;167;162;53;21;25;35;15;1;6;1;3;1;1;0;24;1;32.72;12.96;15.43;21.6;9.26;0.62;3.7;0.62;1.85;0.62;0.62;0;12.57;0.62
70352;70;La Montagne;32;28;28;6;7;4;8;0;3;0;0;0;0;0;0;4;0;21.43;25;14.29;28.57;0;10.71;0;0;0;0;0;0;12.5;0
70353;70;Montagney;315;270;264;73;58;45;60;7;3;11;3;3;1;0;0;45;2;27.65;21.97;17.05;22.73;2.65;1.14;4.17;1.14;1.14;0.38;0;0;14.29;0.76
70355;70;Montarlot-lès-Rioz;199;168;161;58;28;30;22;9;2;7;1;3;1;0;0;31;1;36.02;17.39;18.63;13.66;5.59;1.24;4.35;0.62;1.86;0.62;0;0;15.58;0.62
70356;70;Montboillon;208;170;167;51;20;40;31;4;1;11;4;4;1;0;0;38;0;30.54;11.98;23.95;18.56;2.4;0.6;6.59;2.4;2.4;0.6;0;0;18.27;0
70357;70;Montbozon;389;341;336;112;45;74;55;16;5;14;0;7;7;1;0;48;3;33.33;13.39;22.02;16.37;4.76;1.49;4.17;0;2.08;2.08;0.3;0;12.34;0.89
70358;70;Montcey;197;189;185;56;20;31;32;15;4;15;2;4;5;1;0;8;0;30.27;10.81;16.76;17.3;8.11;2.16;8.11;1.08;2.16;2.7;0.54;0;4.06;0
70359;70;Montcourt;61;42;41;9;6;8;6;3;3;4;0;2;0;0;0;19;1;21.95;14.63;19.51;14.63;7.32;7.32;9.76;0;4.88;0;0;0;31.15;2.44
70360;70;Montdoré;63;51;46;12;7;10;14;1;1;1;0;0;0;0;0;12;0;26.09;15.22;21.74;30.43;2.17;2.17;2.17;0;0;0;0;0;19.05;0
70361;70;Montessaux;160;122;119;41;11;28;14;6;1;12;4;0;2;0;0;38;0;34.45;9.24;23.53;11.76;5.04;0.84;10.08;3.36;0;1.68;0;0;23.75;0
70362;70;Montigny-lès-Cherlieu;135;104;97;25;23;15;15;12;4;1;1;0;1;0;0;31;4;25.77;23.71;15.46;15.46;12.37;4.12;1.03;1.03;0;1.03;0;0;22.96;4.12
70363;70;Montigny-lès-Vesoul;519;420;402;97;68;92;84;25;1;25;6;3;1;0;0;99;5;24.13;16.92;22.89;20.9;6.22;0.25;6.22;1.49;0.75;0.25;0;0;19.08;1.24
70364;70;Montjustin-et-Velotte;103;92;89;13;7;17;35;9;0;2;4;1;1;0;0;11;0;14.61;7.87;19.1;39.33;10.11;0;2.25;4.49;1.12;1.12;0;0;10.68;0
70366;70;Villers-Chemin-et-Mont-lès-Etrelles;93;78;76;20;7;13;29;2;1;3;0;0;0;1;0;15;1;26.32;9.21;17.11;38.16;2.63;1.32;3.95;0;0;0;1.32;0;16.13;1.32
70367;70;Mont-le-Vernois;139;122;119;49;11;18;18;14;0;8;0;1;0;0;0;17;1;41.18;9.24;15.13;15.13;11.76;0;6.72;0;0.84;0;0;0;12.23;0.84
70368;70;Montot;107;90;87;39;14;11;15;3;0;2;0;1;2;0;0;17;0;44.83;16.09;12.64;17.24;3.45;0;2.3;0;1.15;2.3;0;0;15.89;0
70369;70;Mont-Saint-Léger;47;37;36;13;3;5;8;3;0;1;1;2;0;0;0;10;1;36.11;8.33;13.89;22.22;8.33;0;2.78;2.78;5.56;0;0;0;21.28;2.78
70371;70;Montureux-et-Prantigny;168;129;123;48;10;20;26;7;4;3;1;2;1;1;0;39;3;39.02;8.13;16.26;21.14;5.69;3.25;2.44;0.81;1.63;0.81;0.81;0;23.21;2.44
70372;70;Montureux-lès-Baulay;124;106;105;28;13;17;33;7;0;1;1;3;2;0;0;18;1;26.67;12.38;16.19;31.43;6.67;0;0.95;0.95;2.86;1.9;0;0;14.52;0.95
70373;70;La Roche-Morey;233;186;175;44;29;31;33;13;2;10;8;1;3;1;0;47;5;25.14;16.57;17.71;18.86;7.43;1.14;5.71;4.57;0.57;1.71;0.57;0;20.17;2.86
70374;70;Motey-Besuche;102;92;90;27;16;16;20;5;1;2;2;1;0;0;0;10;1;30;17.78;17.78;22.22;5.56;1.11;2.22;2.22;1.11;0;0;0;9.8;1.11
70375;70;Motey-sur-Saône;27;16;15;1;2;9;2;0;0;1;0;0;0;0;0;11;0;6.67;13.33;60;13.33;0;0;6.67;0;0;0;0;0;40.74;0
70376;70;Nantilly;399;320;308;117;38;59;64;11;0;13;0;3;2;1;0;79;5;37.99;12.34;19.16;20.78;3.57;0;4.22;0;0.97;0.65;0.32;0;19.8;1.62
70378;70;Navenne;1205;1025;991;181;127;293;202;72;9;76;10;11;5;5;0;180;8;18.26;12.82;29.57;20.38;7.27;0.91;7.67;1.01;1.11;0.5;0.5;0;14.94;0.81
70380;70;Neurey-en-Vaux;145;120;117;34;28;22;15;5;2;5;2;1;3;0;0;25;2;29.06;23.93;18.8;12.82;4.27;1.71;4.27;1.71;0.85;2.56;0;0;17.24;1.71
70381;70;Neurey-lès-la-Demie;170;139;130;46;18;30;17;10;0;6;0;1;1;1;0;31;4;35.38;13.85;23.08;13.08;7.69;0;4.62;0;0.77;0.77;0.77;0;18.24;3.08
70383;70;Neuvelle-lès-Cromary;267;226;220;75;40;55;24;11;4;9;1;1;0;0;0;41;1;34.09;18.18;25;10.91;5;1.82;4.09;0.45;0.45;0;0;0;15.36;0.45
70384;70;Neuvelle-lès-la-Charité;205;166;162;70;20;29;28;6;0;5;1;3;0;0;0;39;2;43.21;12.35;17.9;17.28;3.7;0;3.09;0.62;1.85;0;0;0;19.02;1.23
70385;70;La Neuvelle-lès-Lure;284;233;225;84;35;35;43;9;3;10;2;2;2;0;0;51;7;37.33;15.56;15.56;19.11;4;1.33;4.44;0.89;0.89;0.89;0;0;17.96;3.11
70386;70;La Neuvelle-lès-Scey;155;132;128;63;7;16;24;7;1;7;2;1;0;0;0;23;3;49.22;5.47;12.5;18.75;5.47;0.78;5.47;1.56;0.78;0;0;0;14.84;2.34
70387;70;Noidans-le-Ferroux;506;423;407;145;53;68;68;40;4;18;3;3;4;1;0;83;5;35.63;13.02;16.71;16.71;9.83;0.98;4.42;0.74;0.74;0.98;0.25;0;16.4;1.23
70388;70;Noidans-lès-Vesoul;1506;1213;1171;278;205;269;198;90;12;83;9;14;12;1;0;293;14;23.74;17.51;22.97;16.91;7.69;1.02;7.09;0.77;1.2;1.02;0.09;0;19.46;1.2
70389;70;Noiron;44;37;35;18;6;5;3;1;0;1;0;0;1;0;0;7;2;51.43;17.14;14.29;8.57;2.86;0;2.86;0;0;2.86;0;0;15.91;5.71
70390;70;Noroy-le-Bourg;371;311;302;85;34;68;61;20;2;18;4;9;1;0;0;60;2;28.15;11.26;22.52;20.2;6.62;0.66;5.96;1.32;2.98;0.33;0;0;16.17;0.66
70392;70;Oigney;43;35;32;9;4;2;11;5;0;0;0;0;1;0;0;8;2;28.13;12.5;6.25;34.38;15.63;0;0;0;0;3.13;0;0;18.6;6.25
70393;70;Oiselay-et-Grachaux;335;270;263;84;55;43;47;18;3;4;1;7;0;1;0;65;6;31.94;20.91;16.35;17.87;6.84;1.14;1.52;0.38;2.66;0;0.38;0;19.4;2.28
70394;70;Onay;65;57;55;21;8;10;9;2;0;0;4;0;0;1;0;8;2;38.18;14.55;18.18;16.36;3.64;0;0;7.27;0;0;1.82;0;12.31;3.64
70395;70;Oppenans;55;42;42;9;9;5;11;3;0;0;1;2;2;0;0;13;0;21.43;21.43;11.9;26.19;7.14;0;0;2.38;4.76;4.76;0;0;23.64;0
70396;70;Oricourt;32;25;24;4;9;4;5;1;1;0;0;0;0;0;0;7;1;16.67;37.5;16.67;20.83;4.17;4.17;0;0;0;0;0;0;21.88;4.17
70397;70;Ormenans;77;63;61;17;13;7;12;8;0;1;1;1;1;0;0;14;0;27.87;21.31;11.48;19.67;13.11;0;1.64;1.64;1.64;1.64;0;0;18.18;0
70398;70;Ormoiche;67;60;60;23;15;5;5;7;0;3;0;0;2;0;0;7;0;38.33;25;8.33;8.33;11.67;0;5;0;0;3.33;0;0;10.45;0
70399;70;Ormoy;177;136;130;50;23;12;24;8;1;6;3;1;1;1;0;41;6;38.46;17.69;9.23;18.46;6.15;0.77;4.62;2.31;0.77;0.77;0.77;0;23.16;4.62
70400;70;Ouge;106;78;74;22;11;14;17;7;1;0;0;2;0;0;0;28;2;29.73;14.86;18.92;22.97;9.46;1.35;0;0;2.7;0;0;0;26.42;2.7
70401;70;Ovanches;109;90;87;24;11;12;26;8;1;2;1;0;1;1;0;19;3;27.59;12.64;13.79;29.89;9.2;1.15;2.3;1.15;0;1.15;1.15;0;17.43;3.45
70402;70;Oyrières;303;230;224;96;18;28;38;17;4;17;1;3;2;0;0;73;5;42.86;8.04;12.5;16.96;7.59;1.79;7.59;0.45;1.34;0.89;0;0;24.09;2.23
70403;70;Palante;172;141;138;55;21;33;14;8;0;4;1;0;1;1;0;31;1;39.86;15.22;23.91;10.14;5.8;0;2.9;0.72;0;0.72;0.72;0;18.02;0.72
70404;70;Passavant-la-Rochère;531;414;390;173;65;70;33;24;5;9;1;4;4;2;0;117;8;44.36;16.67;17.95;8.46;6.15;1.28;2.31;0.26;1.03;1.03;0.51;0;22.03;2.05
70405;70;Pennesières;149;121;116;27;16;23;25;11;1;6;0;6;0;1;0;28;1;23.28;13.79;19.83;21.55;9.48;0.86;5.17;0;5.17;0;0.86;0;18.79;0.86
70406;70;Percey-le-Grand;86;61;59;18;6;10;16;4;1;1;3;0;0;0;0;25;1;30.51;10.17;16.95;27.12;6.78;1.69;1.69;5.08;0;0;0;0;29.07;1.69
70407;70;Perrouse;198;172;168;55;19;36;39;7;1;7;2;2;0;0;0;26;3;32.74;11.31;21.43;23.21;4.17;0.6;4.17;1.19;1.19;0;0;0;13.13;1.79
70408;70;Pesmes;847;703;684;173;116;134;182;27;10;26;5;6;3;2;0;144;17;25.29;16.96;19.59;26.61;3.95;1.46;3.8;0.73;0.88;0.44;0.29;0;17;2.49
70409;70;Pierrecourt;112;91;87;26;11;13;24;6;0;4;1;2;0;0;0;21;3;29.89;12.64;14.94;27.59;6.9;0;4.6;1.15;2.3;0;0;0;18.75;3.45
70410;70;Pin;482;427;417;154;60;78;63;29;7;19;1;2;2;2;0;55;1;36.93;14.39;18.71;15.11;6.95;1.68;4.56;0.24;0.48;0.48;0.48;0;11.41;0.24
70411;70;La Pisseure;37;33;33;18;1;5;4;3;0;0;0;1;1;0;0;4;0;54.55;3.03;15.15;12.12;9.09;0;0;0;3.03;3.03;0;0;10.81;0
70412;70;Plainemont;47;40;39;11;3;13;3;0;1;5;1;2;0;0;0;7;1;28.21;7.69;33.33;7.69;0;2.56;12.82;2.56;5.13;0;0;0;14.89;2.56
70413;70;Plancher-Bas;1610;1226;1178;501;244;172;114;44;8;57;10;18;6;4;0;384;21;42.53;20.71;14.6;9.68;3.74;0.68;4.84;0.85;1.53;0.51;0.34;0;23.85;1.78
70414;70;Plancher-les-Mines;743;545;527;228;115;77;52;16;3;15;4;10;5;2;0;198;8;43.26;21.82;14.61;9.87;3.04;0.57;2.85;0.76;1.9;0.95;0.38;0;26.65;1.52
70415;70;Polaincourt-et-Clairefontaine;441;357;338;112;49;69;62;22;2;7;2;6;7;0;0;84;3;33.14;14.5;20.41;18.34;6.51;0.59;2.07;0.59;1.78;2.07;0;0;19.05;0.89
70416;70;Pomoy;162;141;137;59;11;29;25;5;1;4;0;2;0;1;0;21;4;43.07;8.03;21.17;18.25;3.65;0.73;2.92;0;1.46;0;0.73;0;12.96;2.92
70417;70;Pontcey;240;203;192;51;33;42;45;10;1;8;0;1;1;0;0;37;0;26.56;17.19;21.88;23.44;5.21;0.52;4.17;0;0.52;0.52;0;0;15.42;0
70418;70;La Romaine;337;284;273;131;27;36;42;15;1;14;3;2;2;0;0;53;3;47.99;9.89;13.19;15.38;5.49;0.37;5.13;1.1;0.73;0.73;0;0;15.73;1.1
70419;70;Pont-du-Bois;88;75;70;21;11;13;14;6;0;2;0;2;1;0;0;13;0;30;15.71;18.57;20;8.57;0;2.86;0;2.86;1.43;0;0;14.77;0
70420;70;Pont-sur-l'Ognon;48;42;40;5;8;14;6;4;1;2;0;0;0;0;0;6;1;12.5;20;35;15;10;2.5;5;0;0;0;0;0;12.5;2.5
70421;70;Port-sur-Saône;2315;1779;1730;593;287;319;252;129;12;87;10;25;15;1;0;536;11;34.28;16.59;18.44;14.57;7.46;0.69;5.03;0.58;1.45;0.87;0.06;0;23.15;0.64
70422;70;Poyans;120;100;96;27;16;17;22;8;2;2;1;1;0;0;0;20;0;28.13;16.67;17.71;22.92;8.33;2.08;2.08;1.04;1.04;0;0;0;16.67;0
70423;70;Preigney;96;76;75;16;8;17;18;5;3;5;2;0;1;0;0;20;1;21.33;10.67;22.67;24;6.67;4;6.67;2.67;0;1.33;0;0;20.83;1.33
70425;70;La Proiselière-et-Langle;134;109;100;36;8;18;24;3;3;4;0;2;2;0;0;25;9;36;8;18;24;3;3;4;0;2;2;0;0;18.66;9
70426;70;Provenchère;224;189;179;63;29;30;29;13;1;9;1;1;1;2;0;35;10;35.2;16.2;16.76;16.2;7.26;0.56;5.03;0.56;0.56;0.56;1.12;0;15.63;5.59
70427;70;Purgerot;319;253;246;68;52;49;33;16;1;14;0;8;5;0;0;66;2;27.64;21.14;19.92;13.41;6.5;0.41;5.69;0;3.25;2.03;0;0;20.69;0.81
70428;70;Pusey;1073;911;871;250;102;212;206;49;6;23;8;5;6;4;0;162;13;28.7;11.71;24.34;23.65;5.63;0.69;2.64;0.92;0.57;0.69;0.46;0;15.1;1.49
70429;70;Pusy-et-Epenoux;439;371;361;90;51;75;82;38;3;12;1;5;4;0;0;68;3;24.93;14.13;20.78;22.71;10.53;0.83;3.32;0.28;1.39;1.11;0;0;15.49;0.83
70430;70;La Quarte;62;52;51;11;4;8;19;1;4;3;0;1;0;0;0;10;0;21.57;7.84;15.69;37.25;1.96;7.84;5.88;0;1.96;0;0;0;16.13;0
70431;70;Quenoche;188;162;156;47;20;39;22;11;2;12;0;2;1;0;0;26;1;30.13;12.82;25;14.1;7.05;1.28;7.69;0;1.28;0.64;0;0;13.83;0.64
70432;70;Quers;266;231;222;79;43;38;28;14;1;9;2;5;3;0;0;35;4;35.59;19.37;17.12;12.61;6.31;0.45;4.05;0.9;2.25;1.35;0;0;13.16;1.8
70433;70;Quincey;1124;933;902;195;140;210;198;85;4;49;5;11;5;0;0;191;29;21.62;15.52;23.28;21.95;9.42;0.44;5.43;0.55;1.22;0.55;0;0;16.99;3.22
70435;70;Raddon-et-Chapendu;741;628;605;184;91;95;154;25;4;38;1;4;7;2;0;113;7;30.41;15.04;15.7;25.45;4.13;0.66;6.28;0.17;0.66;1.16;0.33;0;15.25;1.16
70436;70;Raincourt;107;82;81;32;18;13;10;4;1;0;0;1;2;0;0;25;1;39.51;22.22;16.05;12.35;4.94;1.23;0;0;1.23;2.47;0;0;23.36;1.23
70437;70;Ranzevelle;19;16;16;3;3;2;5;0;0;2;0;1;0;0;0;3;0;18.75;18.75;12.5;31.25;0;0;12.5;0;6.25;0;0;0;15.79;0
70438;70;Ray-sur-Saône;167;160;158;45;13;26;48;13;1;5;5;0;1;1;0;7;1;28.48;8.23;16.46;30.38;8.23;0.63;3.16;3.16;0;0.63;0.63;0;4.19;0.63
70439;70;Raze;298;249;241;76;36;35;53;19;6;14;0;0;1;1;0;49;8;31.54;14.94;14.52;21.99;7.88;2.49;5.81;0;0;0.41;0.41;0;16.44;3.32
70440;70;Recologne;29;26;26;5;5;9;3;1;0;1;2;0;0;0;0;3;0;19.23;19.23;34.62;11.54;3.85;0;3.85;7.69;0;0;0;0;10.34;0
70441;70;Recologne-lès-Rioz;180;148;142;46;17;26;30;12;1;8;0;2;0;0;0;32;0;32.39;11.97;18.31;21.13;8.45;0.7;5.63;0;1.41;0;0;0;17.78;0
70442;70;Renaucourt;93;77;75;31;7;7;18;6;1;3;0;0;2;0;0;16;0;41.33;9.33;9.33;24;8;1.33;4;0;0;2.67;0;0;17.2;0
70443;70;La Grande-Résie;69;63;60;25;5;8;17;2;0;3;0;0;0;0;0;6;0;41.67;8.33;13.33;28.33;3.33;0;5;0;0;0;0;0;8.7;0
70444;70;La Résie-Saint-Martin;112;98;94;29;14;18;16;4;3;8;0;1;1;0;0;14;1;30.85;14.89;19.15;17.02;4.26;3.19;8.51;0;1.06;1.06;0;0;12.5;1.06
70445;70;Rignovelle;100;85;84;33;10;18;14;1;4;2;0;0;2;0;0;15;0;39.29;11.9;21.43;16.67;1.19;4.76;2.38;0;0;2.38;0;0;15;0
70446;70;Rigny;519;439;425;124;61;103;90;18;2;15;2;3;7;0;0;80;4;29.18;14.35;24.24;21.18;4.24;0.47;3.53;0.47;0.71;1.65;0;0;15.41;0.94
70447;70;Rioz;1411;1200;1171;265;205;281;230;74;7;70;9;18;9;3;0;211;3;22.63;17.51;24;19.64;6.32;0.6;5.98;0.77;1.54;0.77;0.26;0;14.95;0.26
70448;70;Roche-et-Raucourt;122;100;100;32;4;26;27;5;1;3;0;1;1;0;0;22;0;32;4;26;27;5;1;3;0;1;1;0;0;18.03;0
70449;70;Roche-sur-Linotte-et-Sorans-les-Cordiers;71;59;57;18;6;10;17;4;0;1;0;0;1;0;0;12;1;31.58;10.53;17.54;29.82;7.02;0;1.75;0;0;1.75;0;0;16.9;1.75
70450;70;La Rochelle;40;36;36;9;1;3;16;3;2;1;0;0;1;0;0;4;0;25;2.78;8.33;44.44;8.33;5.56;2.78;0;0;2.78;0;0;10;0
70451;70;Ronchamp;2050;1531;1478;591;296;215;178;68;3;76;9;19;20;3;0;519;18;39.99;20.03;14.55;12.04;4.6;0.2;5.14;0.61;1.29;1.35;0.2;0;25.32;1.22
70452;70;Rosey;231;179;173;71;35;25;24;8;3;5;0;0;2;0;0;52;3;41.04;20.23;14.45;13.87;4.62;1.73;2.89;0;0;1.16;0;0;22.51;1.73
70453;70;La Rosière;88;74;73;17;10;18;16;4;1;6;0;1;0;0;0;14;0;23.29;13.7;24.66;21.92;5.48;1.37;8.22;0;1.37;0;0;0;15.91;0
70454;70;Rosières-sur-Mance;52;38;37;16;4;5;9;1;0;0;0;1;1;0;0;14;0;43.24;10.81;13.51;24.32;2.7;0;0;0;2.7;2.7;0;0;26.92;0
70455;70;Roye;1031;874;844;278;140;156;132;52;3;54;11;10;5;3;0;157;10;32.94;16.59;18.48;15.64;6.16;0.36;6.4;1.3;1.18;0.59;0.36;0;15.23;1.18
70456;70;Ruhans;128;108;106;32;22;24;14;6;1;6;0;1;0;0;0;20;2;30.19;20.75;22.64;13.21;5.66;0.94;5.66;0;0.94;0;0;0;15.63;1.89
70457;70;Rupt-sur-Saône;115;96;92;28;7;18;24;2;1;6;0;5;0;1;0;19;3;30.43;7.61;19.57;26.09;2.17;1.09;6.52;0;5.43;0;1.09;0;16.52;3.26
70459;70;Saint-Barthélemy;966;724;709;281;136;130;59;38;10;27;2;11;15;0;0;242;7;39.63;19.18;18.34;8.32;5.36;1.41;3.81;0.28;1.55;2.12;0;0;25.05;0.99
70460;70;Saint-Bresson;390;313;298;84;21;52;95;15;7;15;2;3;3;1;0;77;6;28.19;7.05;17.45;31.88;5.03;2.35;5.03;0.67;1.01;1.01;0.34;0;19.74;2.01
70461;70;Saint-Broing;114;97;91;26;16;21;19;3;1;5;0;0;0;0;0;17;3;28.57;17.58;23.08;20.88;3.3;1.1;5.49;0;0;0;0;0;14.91;3.3
70462;70;Saint-Ferjeux;66;58;58;22;6;9;12;5;0;3;0;0;1;0;0;8;0;37.93;10.34;15.52;20.69;8.62;0;5.17;0;0;1.72;0;0;12.12;0
70463;70;Saint-Gand;97;78;76;33;8;9;14;4;0;1;2;4;1;0;0;19;2;43.42;10.53;11.84;18.42;5.26;0;1.32;2.63;5.26;1.32;0;0;19.59;2.63
70464;70;Saint-Germain;1094;838;819;302;123;150;113;48;8;48;5;12;9;1;0;256;16;36.87;15.02;18.32;13.8;5.86;0.98;5.86;0.61;1.47;1.1;0.12;0;23.4;1.95
70466;70;Saint-Loup-Nantouard;104;87;85;32;2;18;24;6;0;0;0;1;1;1;0;17;1;37.65;2.35;21.18;28.24;7.06;0;0;0;1.18;1.18;1.18;0;16.35;1.18
70467;70;Saint-Loup-sur-Semouse;2154;1458;1403;426;227;274;237;76;19;92;10;28;9;5;0;696;19;30.36;16.18;19.53;16.89;5.42;1.35;6.56;0.71;2;0.64;0.36;0;32.31;1.35
70468;70;Saint-Marcel;94;71;68;16;14;5;20;7;5;0;1;0;0;0;0;23;3;23.53;20.59;7.35;29.41;10.29;7.35;0;1.47;0;0;0;0;24.47;4.41
70469;70;Sainte-Marie-en-Chanois;197;149;143;48;22;23;38;5;1;3;0;0;2;1;0;48;6;33.57;15.38;16.08;26.57;3.5;0.7;2.1;0;0;1.4;0.7;0;24.37;4.2
70470;70;Sainte-Marie en Chaux;131;109;101;38;11;21;19;6;1;2;1;1;1;0;0;22;3;37.62;10.89;20.79;18.81;5.94;0.99;1.98;0.99;0.99;0.99;0;0;16.79;2.97
70471;70;Sainte-Reine;31;24;22;10;2;1;4;0;2;2;0;1;0;0;0;7;0;45.45;9.09;4.55;18.18;0;9.09;9.09;0;4.55;0;0;0;22.58;0
70472;70;Saint-Remy;226;169;166;49;22;26;29;16;3;5;1;10;4;1;0;57;0;29.52;13.25;15.66;17.47;9.64;1.81;3.01;0.6;6.02;2.41;0.6;0;25.22;0
70473;70;Saint-Sauveur;1296;1077;1032;361;162;169;177;54;8;55;10;22;12;2;0;219;23;34.98;15.7;16.38;17.15;5.23;0.78;5.33;0.97;2.13;1.16;0.19;0;16.9;2.23
70474;70;Saint-Sulpice;100;81;78;28;9;24;8;1;2;2;1;1;2;0;0;19;3;35.9;11.54;30.77;10.26;1.28;2.56;2.56;1.28;1.28;2.56;0;0;19;3.85
70475;70;Saint-Valbert;175;149;146;52;29;30;14;6;1;8;1;2;3;0;0;26;1;35.62;19.86;20.55;9.59;4.11;0.68;5.48;0.68;1.37;2.05;0;0;14.86;0.68
70476;70;Saponcourt;66;58;58;26;2;10;12;4;0;2;2;0;0;0;0;8;0;44.83;3.45;17.24;20.69;6.9;0;3.45;3.45;0;0;0;0;12.12;0
70477;70;Saulnot;611;503;495;192;85;62;90;20;12;14;5;6;8;1;0;108;5;38.79;17.17;12.53;18.18;4.04;2.42;2.83;1.01;1.21;1.62;0.2;0;17.68;1.01
70478;70;Saulx;547;439;425;125;51;100;95;15;4;24;2;6;1;2;0;108;14;29.41;12;23.53;22.35;3.53;0.94;5.65;0.47;1.41;0.24;0.47;0;19.74;3.29
70479;70;Sauvigney-lès-Gray;90;77;73;22;8;10;24;3;0;3;1;1;1;0;0;13;0;30.14;10.96;13.7;32.88;4.11;0;4.11;1.37;1.37;1.37;0;0;14.44;0
70480;70;Sauvigney-lès-Pesmes;128;105;104;25;15;16;27;3;4;5;0;7;1;1;0;23;0;24.04;14.42;15.38;25.96;2.88;3.85;4.81;0;6.73;0.96;0.96;0;17.97;0
70481;70;Savoyeux;171;143;139;38;22;28;33;9;3;1;1;2;2;0;0;28;0;27.34;15.83;20.14;23.74;6.47;2.16;0.72;0.72;1.44;1.44;0;0;16.37;0
70482;70;Scey-sur-Saône-et-Saint-Albin;1152;916;898;279;113;173;165;87;11;34;9;13;11;3;0;236;9;31.07;12.58;19.27;18.37;9.69;1.22;3.79;1;1.45;1.22;0.33;0;20.49;1
70483;70;Scye;103;97;94;33;12;10;22;8;4;1;1;3;0;0;0;6;0;35.11;12.77;10.64;23.4;8.51;4.26;1.06;1.06;3.19;0;0;0;5.83;0
70484;70;Secenans;110;96;96;43;17;16;5;7;4;2;0;2;0;0;0;14;0;44.79;17.71;16.67;5.21;7.29;4.17;2.08;0;2.08;0;0;0;12.73;0
70485;70;Selles;203;164;159;54;22;46;18;5;4;6;0;2;1;1;0;39;0;33.96;13.84;28.93;11.32;3.14;2.52;3.77;0;1.26;0.63;0.63;0;19.21;0
70486;70;Semmadon;102;84;78;29;7;15;13;7;0;5;0;1;0;1;0;18;2;37.18;8.97;19.23;16.67;8.97;0;6.41;0;1.28;0;1.28;0;17.65;2.56
70487;70;Senargent-Mignafans;262;215;208;64;32;46;33;14;1;9;3;3;2;1;0;47;4;30.77;15.38;22.12;15.87;6.73;0.48;4.33;1.44;1.44;0.96;0.48;0;17.94;1.92
70488;70;Senoncourt;167;154;152;54;23;32;28;8;1;1;0;1;2;2;0;13;1;35.53;15.13;21.05;18.42;5.26;0.66;0.66;0;0.66;1.32;1.32;0;7.78;0.66
70489;70;Servance-Miellin;772;629;611;189;66;101;179;29;8;18;4;9;7;1;0;143;9;30.93;10.8;16.53;29.3;4.75;1.31;2.95;0.65;1.47;1.15;0.16;0;18.52;1.47
70490;70;Servigney;94;77;74;27;10;10;9;3;3;7;1;1;1;2;0;17;0;36.49;13.51;13.51;12.16;4.05;4.05;9.46;1.35;1.35;1.35;2.7;0;18.09;0
70491;70;Seveux;381;320;313;110;44;39;86;12;0;13;1;4;4;0;0;61;2;35.14;14.06;12.46;27.48;3.83;0;4.15;0.32;1.28;1.28;0;0;16.01;0.64
70492;70;Soing-Cubry-Charentenay;430;382;372;109;32;82;104;25;5;10;1;3;0;1;0;48;6;29.3;8.6;22.04;27.96;6.72;1.34;2.69;0.27;0.81;0;0.27;0;11.16;1.61
70493;70;Sorans-lès-Breurey;325;299;293;72;47;80;54;14;2;17;4;1;2;0;0;26;1;24.57;16.04;27.3;18.43;4.78;0.68;5.8;1.37;0.34;0.68;0;0;8;0.34
70494;70;Sornay;217;185;178;42;42;40;35;2;5;11;0;1;0;0;0;32;1;23.6;23.6;22.47;19.66;1.12;2.81;6.18;0;0.56;0;0;0;14.75;0.56
70496;70;Tartécourt;34;32;31;15;2;2;6;2;1;0;1;1;0;1;0;2;1;48.39;6.45;6.45;19.35;6.45;3.23;0;3.23;3.23;0;3.23;0;5.88;3.23
70497;70;Tavey;339;299;288;98;41;61;50;19;0;8;0;8;3;0;0;40;6;34.03;14.24;21.18;17.36;6.6;0;2.78;0;2.78;1.04;0;0;11.8;2.08
70498;70;Ternuay-Melay-et-Saint-Hilaire;387;328;318;76;57;77;71;19;4;7;2;2;3;0;0;59;3;23.9;17.92;24.21;22.33;5.97;1.26;2.2;0.63;0.63;0.94;0;0;15.25;0.94
70499;70;Theuley;89;80;76;16;4;22;20;6;1;4;1;1;1;0;0;9;1;21.05;5.26;28.95;26.32;7.89;1.32;5.26;1.32;1.32;1.32;0;0;10.11;1.32
70500;70;Thieffrans;168;133;132;35;23;31;26;9;0;2;1;2;2;1;0;35;1;26.52;17.42;23.48;19.7;6.82;0;1.52;0.76;1.52;1.52;0.76;0;20.83;0.76
70501;70;Thiénans;72;56;55;12;3;8;22;3;3;1;0;0;3;0;0;16;0;21.82;5.45;14.55;40;5.45;5.45;1.82;0;0;5.45;0;0;22.22;0
70502;70;Tincey-et-Pontrebeau;84;63;62;23;4;8;20;4;1;2;0;0;0;0;0;21;1;37.1;6.45;12.9;32.26;6.45;1.61;3.23;0;0;0;0;0;25;1.61
70503;70;Traitiéfontaine;133;108;100;29;18;22;21;5;0;4;0;1;0;0;0;25;4;29;18;22;21;5;0;4;0;1;0;0;0;18.8;4
70504;70;Traves;296;255;248;58;43;64;40;21;7;9;2;4;0;0;0;41;6;23.39;17.34;25.81;16.13;8.47;2.82;3.63;0.81;1.61;0;0;0;13.85;2.42
70505;70;Le Tremblois;121;108;106;39;10;24;23;5;0;5;0;0;0;0;0;13;2;36.79;9.43;22.64;21.7;4.72;0;4.72;0;0;0;0;0;10.74;1.89
70506;70;Trémoins;305;254;249;83;44;32;51;8;1;16;3;9;2;0;0;51;3;33.33;17.67;12.85;20.48;3.21;0.4;6.43;1.2;3.61;0.8;0;0;16.72;1.2
70507;70;Trésilley;184;151;145;38;26;33;21;13;3;4;3;4;0;0;0;33;2;26.21;17.93;22.76;14.48;8.97;2.07;2.76;2.07;2.76;0;0;0;17.93;1.38
70509;70;Tromarey;83;70;64;24;3;8;15;7;2;4;0;0;1;0;0;13;1;37.5;4.69;12.5;23.44;10.94;3.13;6.25;0;0;1.56;0;0;15.66;1.56
70510;70;Vadans;111;94;93;32;16;12;14;9;5;1;1;0;1;2;0;17;0;34.41;17.2;12.9;15.05;9.68;5.38;1.08;1.08;0;1.08;2.15;0;15.32;0
70511;70;Vaite;165;136;133;50;11;19;33;13;3;2;0;0;2;0;0;29;0;37.59;8.27;14.29;24.81;9.77;2.26;1.5;0;0;1.5;0;0;17.58;0
70512;70;La Vaivre;207;158;153;51;34;32;15;4;2;8;2;1;4;0;0;49;4;33.33;22.22;20.92;9.8;2.61;1.31;5.23;1.31;0.65;2.61;0;0;23.67;2.61
70513;70;Vaivre-et-Montoille;2089;1721;1675;434;337;405;260;101;7;70;17;31;10;3;0;368;10;25.91;20.12;24.18;15.52;6.03;0.42;4.18;1.01;1.85;0.6;0.18;0;17.62;0.6
70514;70;Valay;418;349;339;141;47;42;63;23;4;6;1;5;6;1;0;69;2;41.59;13.86;12.39;18.58;6.78;1.18;1.77;0.29;1.47;1.77;0.29;0;16.51;0.59
70515;70;Le Val-de-Gouhenans;58;54;53;13;10;9;12;2;0;7;0;0;0;0;0;4;0;24.53;18.87;16.98;22.64;3.77;0;13.21;0;0;0;0;0;6.9;0
70516;70;Vallerois-le-Bois;222;180;177;44;25;27;47;10;2;12;1;5;4;0;0;42;1;24.86;14.12;15.25;26.55;5.65;1.13;6.78;0.56;2.82;2.26;0;0;18.92;0.56
70517;70;Vallerois-Lorioz;288;260;254;56;35;63;58;12;8;14;1;5;1;1;0;28;2;22.05;13.78;24.8;22.83;4.72;3.15;5.51;0.39;1.97;0.39;0.39;0;9.72;0.79
70518;70;Le Val-Saint-Eloi;92;71;67;19;8;21;13;3;0;2;0;1;0;0;0;21;0;28.36;11.94;31.34;19.4;4.48;0;2.99;0;1.49;0;0;0;22.83;0
70519;70;Vandelans;91;74;68;17;14;8;10;8;5;5;1;0;0;0;0;17;2;25;20.59;11.76;14.71;11.76;7.35;7.35;1.47;0;0;0;0;18.68;2.94
70520;70;Vanne;84;72;71;24;8;14;9;7;0;6;1;2;0;0;0;12;1;33.8;11.27;19.72;12.68;9.86;0;8.45;1.41;2.82;0;0;0;14.29;1.41
70521;70;Vantoux-et-Longevelle;152;125;121;35;24;15;22;8;3;7;1;4;1;1;0;27;2;28.93;19.83;12.4;18.18;6.61;2.48;5.79;0.83;3.31;0.83;0.83;0;17.76;1.65
70522;70;Varogne;111;102;101;28;7;20;30;5;4;3;3;1;0;0;0;9;0;27.72;6.93;19.8;29.7;4.95;3.96;2.97;2.97;0.99;0;0;0;8.11;0
70523;70;Vars;177;150;147;53;17;20;38;6;2;5;6;0;0;0;0;27;1;36.05;11.56;13.61;25.85;4.08;1.36;3.4;4.08;0;0;0;0;15.25;0.68
70524;70;Vauchoux;91;78;77;17;11;19;18;4;0;5;2;1;0;0;0;13;0;22.08;14.29;24.68;23.38;5.19;0;6.49;2.6;1.3;0;0;0;14.29;0
70525;70;Vauconcourt-Nervezain;170;151;149;51;9;26;32;14;2;9;3;3;0;0;0;19;1;34.23;6.04;17.45;21.48;9.4;1.34;6.04;2.01;2.01;0;0;0;11.18;0.67
70526;70;Vauvillers;526;416;404;145;48;66;86;24;7;18;4;3;3;0;0;110;1;35.89;11.88;16.34;21.29;5.94;1.73;4.46;0.99;0.74;0.74;0;0;20.91;0.25
70527;70;Vaux-le-Moncelot;62;49;47;17;6;4;7;4;0;4;2;2;1;0;0;13;0;36.17;12.77;8.51;14.89;8.51;0;8.51;4.26;4.26;2.13;0;0;20.97;0
70528;70;Velesmes-Echevanne;394;348;336;106;30;66;65;39;5;18;1;5;0;1;0;46;9;31.55;8.93;19.64;19.35;11.61;1.49;5.36;0.3;1.49;0;0.3;0;11.68;2.68
70529;70;Velet;316;272;261;78;36;59;59;13;4;5;1;4;1;1;0;44;4;29.89;13.79;22.61;22.61;4.98;1.53;1.92;0.38;1.53;0.38;0.38;0;13.92;1.53
70530;70;Vellechevreux-et-Courbenans;139;107;105;58;14;10;17;2;4;0;0;0;0;0;0;32;2;55.24;13.33;9.52;16.19;1.9;3.81;0;0;0;0;0;0;23.02;1.9
70531;70;Velleclaire;80;67;64;22;8;15;12;2;2;2;1;0;0;0;0;13;2;34.38;12.5;23.44;18.75;3.13;3.13;3.13;1.56;0;0;0;0;16.25;3.13
70532;70;Vellefaux;374;326;318;83;39;87;66;16;7;9;0;6;4;1;0;48;2;26.1;12.26;27.36;20.75;5.03;2.2;2.83;0;1.89;1.26;0.31;0;12.83;0.63
70533;70;Vellefrey-et-Vellefrange;83;72;66;22;7;15;9;4;0;5;1;0;3;0;0;11;4;33.33;10.61;22.73;13.64;6.06;0;7.58;1.52;0;4.55;0;0;13.25;6.06
70534;70;Vellefrie;102;93;89;25;12;23;9;11;0;6;2;1;0;0;0;9;1;28.09;13.48;25.84;10.11;12.36;0;6.74;2.25;1.12;0;0;0;8.82;1.12
70535;70;Velleguindry-et-Levrecey;139;116;111;34;18;30;13;4;0;8;1;2;0;1;0;23;2;30.63;16.22;27.03;11.71;3.6;0;7.21;0.9;1.8;0;0.9;0;16.55;1.8
70536;70;Velle-le-Châtel;109;86;83;20;15;10;14;11;3;2;1;6;1;0;0;23;3;24.1;18.07;12.05;16.87;13.25;3.61;2.41;1.2;7.23;1.2;0;0;21.1;3.61
70537;70;Velleminfroy;225;173;165;62;38;15;17;14;3;9;2;3;2;0;0;52;6;37.58;23.03;9.09;10.3;8.48;1.82;5.45;1.21;1.82;1.21;0;0;23.11;3.64
70538;70;Vellemoz;73;60;57;15;6;12;12;3;0;4;0;4;1;0;0;13;3;26.32;10.53;21.05;21.05;5.26;0;7.02;0;7.02;1.75;0;0;17.81;5.26
70539;70;Vellexon-Queutrey-et-Vaudey;356;310;301;132;34;40;57;14;1;9;2;10;2;0;0;46;5;43.85;11.3;13.29;18.94;4.65;0.33;2.99;0.66;3.32;0.66;0;0;12.92;1.66
70540;70;Velloreille-lès-Choye;60;53;53;19;12;6;8;4;1;1;1;1;0;0;0;7;0;35.85;22.64;11.32;15.09;7.55;1.89;1.89;1.89;1.89;0;0;0;11.67;0
70541;70;Velorcey;154;132;120;55;17;8;17;10;0;10;1;1;1;0;0;22;8;45.83;14.17;6.67;14.17;8.33;0;8.33;0.83;0.83;0.83;0;0;14.29;6.67
70542;70;Venère;148;101;94;44;10;7;27;1;1;3;1;0;0;0;0;47;2;46.81;10.64;7.45;28.72;1.06;1.06;3.19;1.06;0;0;0;0;31.76;2.13
70544;70;La Vergenne;99;87;84;30;18;8;9;4;4;8;2;1;0;0;0;12;0;35.71;21.43;9.52;10.71;4.76;4.76;9.52;2.38;1.19;0;0;0;12.12;0
70545;70;Venisey;129;96;93;34;13;14;22;2;1;4;1;1;1;0;0;33;2;36.56;13.98;15.05;23.66;2.15;1.08;4.3;1.08;1.08;1.08;0;0;25.58;2.15
70546;70;Vereux;174;140;133;47;25;26;12;6;3;11;0;2;1;0;0;34;5;35.34;18.8;19.55;9.02;4.51;2.26;8.27;0;1.5;0.75;0;0;19.54;3.76
70547;70;Verlans;146;112;107;35;20;19;16;4;2;7;2;2;0;0;0;34;0;32.71;18.69;17.76;14.95;3.74;1.87;6.54;1.87;1.87;0;0;0;23.29;0
70548;70;Vernois-sur-Mance;149;112;108;38;16;24;23;2;0;3;0;1;1;0;0;37;1;35.19;14.81;22.22;21.3;1.85;0;2.78;0;0.93;0.93;0;0;24.83;0.93
70549;70;La Vernotte;72;55;54;20;13;8;2;0;1;4;2;4;0;0;0;17;0;37.04;24.07;14.81;3.7;0;1.85;7.41;3.7;7.41;0;0;0;23.61;0
70550;70;Vesoul;9290;6730;6524;1364;1242;1524;1388;272;48;413;105;76;78;14;0;2560;83;20.91;19.04;23.36;21.28;4.17;0.74;6.33;1.61;1.16;1.2;0.21;0;27.56;1.27
70552;70;Villafans;170;131;123;51;31;10;14;5;1;7;3;0;0;1;0;39;2;41.46;25.2;8.13;11.38;4.07;0.81;5.69;2.44;0;0;0.81;0;22.94;1.63
70553;70;Villargent;92;85;81;25;7;14;16;4;2;6;1;2;3;1;0;7;3;30.86;8.64;17.28;19.75;4.94;2.47;7.41;1.23;2.47;3.7;1.23;0;7.61;3.7
70554;70;Villars-le-Pautel;142;119;118;61;23;11;14;3;2;0;0;4;0;0;0;23;1;51.69;19.49;9.32;11.86;2.54;1.69;0;0;3.39;0;0;0;16.2;0.85
70555;70;La Villedieu-en-Fontenette;135;115;111;38;25;22;15;3;0;1;3;2;2;0;0;20;1;34.23;22.52;19.82;13.51;2.7;0;0.9;2.7;1.8;1.8;0;0;14.81;0.9
70557;70;Villefrancon;120;93;89;34;8;12;16;10;3;4;1;0;1;0;0;27;0;38.2;8.99;13.48;17.98;11.24;3.37;4.49;1.12;0;1.12;0;0;22.5;0
70558;70;La Villeneuve-Bellenoye-et-la-Maize;132;111;107;32;23;21;22;5;0;3;0;0;1;0;0;21;1;29.91;21.5;19.63;20.56;4.67;0;2.8;0;0;0.93;0;0;15.91;0.93
70559;70;Villeparois;180;146;142;50;30;25;11;14;1;7;1;2;1;0;0;34;2;35.21;21.13;17.61;7.75;9.86;0.7;4.93;0.7;1.41;0.7;0;0;18.89;1.41
70560;70;Villers-Bouton;135;112;109;36;15;28;9;14;1;4;0;1;1;0;0;23;2;33.03;13.76;25.69;8.26;12.84;0.92;3.67;0;0.92;0.92;0;0;17.04;1.83
70561;70;Villersexel;905;730;715;203;107;128;186;38;4;26;4;5;13;1;0;175;3;28.39;14.97;17.9;26.01;5.31;0.56;3.64;0.56;0.7;1.82;0.14;0;19.34;0.42
70562;70;Villers-la-Ville;130;117;111;54;10;11;20;10;1;1;3;1;0;0;0;13;3;48.65;9.01;9.91;18.02;9.01;0.9;0.9;2.7;0.9;0;0;0;10;2.7
70563;70;Villers-le-Sec;470;398;387;76;44;93;112;32;2;19;3;5;1;0;0;72;4;19.64;11.37;24.03;28.94;8.27;0.52;4.91;0.78;1.29;0.26;0;0;15.32;1.03
70564;70;Villers-lès-Luxeuil;263;218;213;73;25;50;27;21;2;8;2;2;3;0;0;45;4;34.27;11.74;23.47;12.68;9.86;0.94;3.76;0.94;0.94;1.41;0;0;17.11;1.88
70565;70;Villers-Pater;39;29;28;6;6;7;3;2;0;2;0;2;0;0;0;10;0;21.43;21.43;25;10.71;7.14;0;7.14;0;7.14;0;0;0;25.64;0
70566;70;Villers-sur-Port;172;130;127;37;13;37;27;3;0;5;1;3;1;0;0;42;1;29.13;10.24;29.13;21.26;2.36;0;3.94;0.79;2.36;0.79;0;0;24.42;0.79
70567;70;Villers-sur-Saulnot;115;91;91;37;11;9;18;2;7;3;1;1;0;2;0;24;0;40.66;12.09;9.89;19.78;2.2;7.69;3.3;1.1;1.1;0;2.2;0;20.87;0
70568;70;Villers-Vaudey;56;48;47;17;6;6;12;3;1;0;1;1;0;0;0;8;0;36.17;12.77;12.77;25.53;6.38;2.13;0;2.13;2.13;0;0;0;14.29;0
70569;70;Vilory;62;54;53;20;4;11;6;3;0;3;2;3;1;0;0;8;0;37.74;7.55;20.75;11.32;5.66;0;5.66;3.77;5.66;1.89;0;0;12.9;0
70571;70;Visoncourt;37;32;31;17;2;3;7;0;2;0;0;0;0;0;0;5;0;54.84;6.45;9.68;22.58;0;6.45;0;0;0;0;0;0;13.51;0
70572;70;Vitrey-sur-Mance;214;175;168;48;12;37;48;15;0;5;1;1;0;1;0;39;1;28.57;7.14;22.02;28.57;8.93;0;2.98;0.6;0.6;0;0.6;0;18.22;0.6
70573;70;La Voivre;111;92;86;41;7;13;20;3;1;1;0;0;0;0;0;19;3;47.67;8.14;15.12;23.26;3.49;1.16;1.16;0;0;0;0;0;17.12;3.49
70574;70;Volon;69;60;57;22;2;11;7;10;2;2;0;1;0;0;0;9;1;38.6;3.51;19.3;12.28;17.54;3.51;3.51;0;1.75;0;0;0;13.04;1.75
70575;70;Voray-sur-l'Ognon;610;507;495;111;82;106;123;21;8;29;6;6;1;2;0;103;4;22.42;16.57;21.41;24.85;4.24;1.62;5.86;1.21;1.21;0.2;0.4;0;16.89;0.81
70576;70;Vougécourt;151;122;120;55;12;22;14;7;3;4;0;2;1;0;0;29;1;45.83;10;18.33;11.67;5.83;2.5;3.33;0;1.67;0.83;0;0;19.21;0.83
70577;70;Vouhenans;308;255;249;75;51;56;18;13;8;14;2;10;2;0;0;53;2;30.12;20.48;22.49;7.23;5.22;3.21;5.62;0.8;4.02;0.8;0;0;17.21;0.8
70578;70;Vregille;159;135;131;35;17;29;27;9;1;8;1;3;1;0;0;24;2;26.72;12.98;22.14;20.61;6.87;0.76;6.11;0.76;2.29;0.76;0;0;15.09;1.53
70579;70;Vyans-le-Val;342;307;303;73;38;90;43;25;4;18;2;6;3;1;0;35;4;24.09;12.54;29.7;14.19;8.25;1.32;5.94;0.66;1.98;0.99;0.33;0;10.23;1.32
70580;70;Vy-le-Ferroux;123;105;104;44;12;17;21;5;1;4;0;0;0;0;0;18;0;42.31;11.54;16.35;20.19;4.81;0.96;3.85;0;0;0;0;0;14.63;0
70581;70;Vy-lès-Lure;497;416;401;173;61;62;28;26;3;26;2;9;9;2;0;81;4;43.14;15.21;15.46;6.98;6.48;0.75;6.48;0.5;2.24;2.24;0.5;0;16.3;1
70582;70;Vy-lès-Rupt;78;60;60;23;6;4;14;6;1;1;1;2;2;0;0;18;0;38.33;10;6.67;23.33;10;1.67;1.67;1.67;3.33;3.33;0;0;23.08;0
70583;70;Vy-lès-Filain;87;75;74;27;13;6;17;4;0;3;0;2;2;0;0;12;0;36.49;17.57;8.11;22.97;5.41;0;4.05;0;2.7;2.7;0;0;13.79;0