insee;dep;nom;nb_inscrits;nb_votants;nb_exprimes;nb_voix1;nb_voix2;nb_voix3;nb_voix4;nb_voix5;nb_voix6;nb_voix7;nb_voix8;nb_voix9;nb_voix10;nb_voix11;nb_voix12;nb_voix13;nb_voix14;voix_1;voix_2;voix_3;voix_4;voix_5;voix_6;voix_7;voix_8;voix_9;voix_10;voix_11;voix_12;voix_13;voix_14
78003;78;Ablis;2310;1958;1911;433;328;523;274;151;9;131;22;22;12;6;0;352;11;22.66;17.16;27.37;14.34;7.9;0.47;6.86;1.15;1.15;0.63;0.31;0;15.24;0.58
78005;78;Achères;13156;10121;9877;1616;2641;2634;1355;475;66;749;156;108;58;19;0;3035;78;16.36;26.74;26.67;13.72;4.81;0.67;7.58;1.58;1.09;0.59;0.19;0;23.07;0.79
78006;78;Adainville;620;550;536;113;46;124;188;25;3;25;3;4;5;0;0;70;3;21.08;8.58;23.13;35.07;4.66;0.56;4.66;0.56;0.75;0.93;0;0;11.29;0.56
78007;78;Aigremont;839;718;703;63;38;271;288;16;1;22;1;2;1;0;0;121;2;8.96;5.41;38.55;40.97;2.28;0.14;3.13;0.14;0.28;0.14;0;0;14.42;0.28
78009;78;Allainville;219;181;174;55;30;25;39;7;1;5;1;5;6;0;0;38;4;31.61;17.24;14.37;22.41;4.02;0.57;2.87;0.57;2.87;3.45;0;0;17.35;2.3
78010;78;Les Alluets-le-Roi;937;826;818;115;80;228;324;33;1;26;5;5;1;0;0;111;2;14.06;9.78;27.87;39.61;4.03;0.12;3.18;0.61;0.61;0.12;0;0;11.85;0.24
78013;78;Andelu;322;289;284;46;49;71;84;14;4;7;8;1;0;0;0;33;0;16.2;17.25;25;29.58;4.93;1.41;2.46;2.82;0.35;0;0;0;10.25;0
78015;78;Andrésy;9204;7411;7250;976;1269;2241;1648;392;53;495;79;57;31;9;0;1793;45;13.46;17.5;30.91;22.73;5.41;0.73;6.83;1.09;0.79;0.43;0.12;0;19.48;0.62
78020;78;Arnouville-lès-Mantes;706;619;608;142;65;128;192;42;3;28;6;0;2;0;0;87;4;23.36;10.69;21.05;31.58;6.91;0.49;4.61;0.99;0;0.33;0;0;12.32;0.66
78029;78;Aubergenville;7034;5404;5257;1201;1151;1223;836;306;47;295;82;60;46;10;0;1630;52;22.85;21.89;23.26;15.9;5.82;0.89;5.61;1.56;1.14;0.88;0.19;0;23.17;0.99
78030;78;Auffargis;1642;1385;1364;162;185;422;398;63;13;91;16;7;4;3;0;257;7;11.88;13.56;30.94;29.18;4.62;0.95;6.67;1.17;0.51;0.29;0.22;0;15.65;0.51
78031;78;Auffreville-Brasseuil;440;372;367;94;46;67;110;21;2;16;6;4;1;0;0;68;1;25.61;12.53;18.26;29.97;5.72;0.54;4.36;1.63;1.09;0.27;0;0;15.45;0.27
78033;78;Aulnay-sur-Mauldre;846;745;723;188;125;138;166;41;8;40;8;6;3;0;0;101;5;26;17.29;19.09;22.96;5.67;1.11;5.53;1.11;0.83;0.41;0;0;11.94;0.69
78034;78;Auteuil;722;647;637;111;72;181;183;32;5;39;11;3;0;0;0;75;3;17.43;11.3;28.41;28.73;5.02;0.78;6.12;1.73;0.47;0;0;0;10.39;0.47
78036;78;Autouillet;376;331;325;30;54;109;86;19;1;16;5;4;1;0;0;45;1;9.23;16.62;33.54;26.46;5.85;0.31;4.92;1.54;1.23;0.31;0;0;11.97;0.31
78043;78;Bailly;3296;2600;2560;177;191;761;1217;58;20;105;12;14;2;3;0;696;9;6.91;7.46;29.73;47.54;2.27;0.78;4.1;0.47;0.55;0.08;0.12;0;21.12;0.35
78048;78;Bazainville;1178;1003;990;169;135;275;272;54;8;61;7;5;3;1;0;175;2;17.07;13.64;27.78;27.47;5.45;0.81;6.16;0.71;0.51;0.3;0.1;0;14.86;0.2
78049;78;Bazemont;1278;1068;1047;149;106;303;351;49;7;54;17;7;3;1;0;210;4;14.23;10.12;28.94;33.52;4.68;0.67;5.16;1.62;0.67;0.29;0.1;0;16.43;0.38
78050;78;Bazoches-sur-Guyonne;489;438;432;40;53;112;182;10;2;29;4;0;0;0;0;51;1;9.26;12.27;25.93;42.13;2.31;0.46;6.71;0.93;0;0;0;0;10.43;0.23
78053;78;Béhoust;383;339;332;49;45;85;117;14;2;15;1;1;1;2;0;44;1;14.76;13.55;25.6;35.24;4.22;0.6;4.52;0.3;0.3;0.3;0.6;0;11.49;0.3
78057;78;Bennecourt;1302;1078;1052;251;209;245;197;66;10;50;13;6;5;0;0;224;6;23.86;19.87;23.29;18.73;6.27;0.95;4.75;1.24;0.57;0.48;0;0;17.2;0.57
78062;78;Beynes;5841;4874;4769;796;883;1294;971;333;35;307;66;46;25;13;0;967;22;16.69;18.52;27.13;20.36;6.98;0.73;6.44;1.38;0.96;0.52;0.27;0;16.56;0.46
78068;78;Blaru;731;642;633;173;96;129;163;30;5;27;0;5;5;0;0;89;3;27.33;15.17;20.38;25.75;4.74;0.79;4.27;0;0.79;0.79;0;0;12.18;0.47
78070;78;Boinville-en-Mantois;238;208;204;68;21;28;47;20;1;13;3;1;1;1;0;30;1;33.33;10.29;13.73;23.04;9.8;0.49;6.37;1.47;0.49;0.49;0.49;0;12.61;0.49
78071;78;Boinville-le-Gaillard;443;373;366;99;52;88;61;34;3;25;3;1;0;0;0;70;3;27.05;14.21;24.04;16.67;9.29;0.82;6.83;0.82;0.27;0;0;0;15.8;0.82
78072;78;Boinvilliers;223;199;198;41;20;47;62;5;6;7;6;3;1;0;0;24;0;20.71;10.1;23.74;31.31;2.53;3.03;3.54;3.03;1.52;0.51;0;0;10.76;0
78073;78;Bois-d'Arcy;9194;7603;7434;1101;1324;2145;1609;436;44;614;78;47;25;11;0;1591;39;14.81;17.81;28.85;21.64;5.86;0.59;8.26;1.05;0.63;0.34;0.15;0;17.3;0.52
78076;78;Boissets;245;197;193;37;29;26;67;14;2;10;6;0;1;1;0;48;3;19.17;15.03;13.47;34.72;7.25;1.04;5.18;3.11;0;0.52;0.52;0;19.59;1.55
78077;78;La Boissière-Ecole;558;467;461;69;81;136;100;21;11;31;5;4;2;1;0;91;1;14.97;17.57;29.5;21.69;4.56;2.39;6.72;1.08;0.87;0.43;0.22;0;16.31;0.22
78082;78;Boissy-Mauvoisin;426;368;358;104;45;96;52;36;3;12;1;4;3;2;0;58;5;29.05;12.57;26.82;14.53;10.06;0.84;3.35;0.28;1.12;0.84;0.56;0;13.62;1.4
78084;78;Boissy-sans-Avoir;440;398;393;50;59;118;105;26;0;23;4;5;2;1;0;42;1;12.72;15.01;30.03;26.72;6.62;0;5.85;1.02;1.27;0.51;0.25;0;9.55;0.25
78087;78;Bonnelles;1481;1315;1295;177;225;419;257;62;4;110;17;13;7;4;0;166;6;13.67;17.37;32.36;19.85;4.79;0.31;8.49;1.31;1;0.54;0.31;0;11.21;0.46
78089;78;Bonnières-sur-Seine;2799;2139;2079;592;402;419;299;136;20;123;33;25;28;2;0;660;17;28.48;19.34;20.15;14.38;6.54;0.96;5.92;1.59;1.2;1.35;0.1;0;23.58;0.82
78090;78;Bouafle;1441;1158;1139;288;164;251;287;58;6;67;6;6;5;1;0;283;6;25.29;14.4;22.04;25.2;5.09;0.53;5.88;0.53;0.53;0.44;0.09;0;19.64;0.53
78092;78;Bougival;5930;4817;4746;401;529;1536;1761;141;21;272;44;26;9;6;0;1113;21;8.45;11.15;32.36;37.1;2.97;0.44;5.73;0.93;0.55;0.19;0.13;0;18.77;0.44
78096;78;Bourdonné;472;394;392;54;42;113;140;23;5;6;1;4;3;1;0;78;0;13.78;10.71;28.83;35.71;5.87;1.28;1.53;0.26;1.02;0.77;0.26;0;16.53;0
78104;78;Breuil-Bois-Robert;490;432;428;88;55;121;105;25;3;15;6;6;4;0;0;58;2;20.56;12.85;28.27;24.53;5.84;0.7;3.5;1.4;1.4;0.93;0;0;11.84;0.47
78107;78;Bréval;1350;1192;1161;320;168;257;250;80;9;53;7;11;3;3;0;158;7;27.56;14.47;22.14;21.53;6.89;0.78;4.57;0.6;0.95;0.26;0.26;0;11.7;0.6
78108;78;Les Bréviaires;903;760;752;143;86;195;226;38;7;42;9;5;1;0;0;143;1;19.02;11.44;25.93;30.05;5.05;0.93;5.59;1.2;0.66;0.13;0;0;15.84;0.13
78113;78;Brueil-en-Vexin;456;390;382;90;46;73;126;30;3;6;3;3;1;1;0;66;1;23.56;12.04;19.11;32.98;7.85;0.79;1.57;0.79;0.79;0.26;0.26;0;14.47;0.26
78117;78;Buc;4319;3732;3683;289;431;1294;1171;166;23;245;27;21;10;6;0;587;20;7.85;11.7;35.13;31.79;4.51;0.62;6.65;0.73;0.57;0.27;0.16;0;13.59;0.54
78118;78;Buchelay;2001;1642;1593;341;423;362;250;76;11;79;30;14;4;3;0;359;14;21.41;26.55;22.72;15.69;4.77;0.69;4.96;1.88;0.88;0.25;0.19;0;17.94;0.88
78120;78;Bullion;1389;1203;1166;148;201;347;291;60;11;77;6;13;5;7;0;186;8;12.69;17.24;29.76;24.96;5.15;0.94;6.6;0.51;1.11;0.43;0.6;0;13.39;0.69
78123;78;Carrières-sous-Poissy;8818;6313;6170;907;1577;1841;938;251;40;414;86;67;32;17;0;2505;43;14.7;25.56;29.84;15.2;4.07;0.65;6.71;1.39;1.09;0.52;0.28;0;28.41;0.7
78124;78;Carrières-sur-Seine;9245;7663;7525;738;1197;2691;1901;310;52;501;52;38;27;18;0;1582;36;9.81;15.91;35.76;25.26;4.12;0.69;6.66;0.69;0.5;0.36;0.24;0;17.11;0.48
78125;78;La Celle-les-Bordes;756;670;665;66;102;210;209;25;3;39;6;2;3;0;0;86;2;9.92;15.34;31.58;31.43;3.76;0.45;5.86;0.9;0.3;0.45;0;0;11.38;0.3
78126;78;La Celle-Saint-Cloud;14756;11814;11616;949;1651;3616;4114;323;76;666;92;69;40;20;0;2942;52;8.17;14.21;31.13;35.42;2.78;0.65;5.73;0.79;0.59;0.34;0.17;0;19.94;0.45
78128;78;Cernay-la-Ville;1172;1070;1046;116;159;320;312;61;3;61;7;4;1;2;0;102;3;11.09;15.2;30.59;29.83;5.83;0.29;5.83;0.67;0.38;0.1;0.19;0;8.7;0.29
78133;78;Chambourcy;4082;3358;3303;336;320;997;1327;97;24;139;30;21;8;4;0;724;16;10.17;9.69;30.18;40.18;2.94;0.73;4.21;0.91;0.64;0.24;0.12;0;17.74;0.48
78138;78;Chanteloup-les-Vignes;5339;3832;3740;549;1118;931;501;129;22;348;63;45;22;12;0;1507;25;14.68;29.89;24.89;13.4;3.45;0.59;9.3;1.68;1.2;0.59;0.32;0;28.23;0.67
78140;78;Chapet;879;755;747;147;93;186;227;43;1;35;9;3;1;2;0;124;3;19.68;12.45;24.9;30.39;5.76;0.13;4.69;1.2;0.4;0.13;0.27;0;14.11;0.4
78143;78;Châteaufort;1175;1023;1012;83;139;368;267;55;5;78;6;8;1;2;0;152;4;8.2;13.74;36.36;26.38;5.43;0.49;7.71;0.59;0.79;0.1;0.2;0;12.94;0.4
78146;78;Chatou;20558;16989;16714;1381;2021;5573;5773;560;113;979;148;101;41;24;0;3569;60;8.26;12.09;33.34;34.54;3.35;0.68;5.86;0.89;0.6;0.25;0.14;0;17.36;0.36
78147;78;Chaufour-lès-Bonnières;306;267;261;67;28;53;76;17;2;11;2;3;2;0;0;39;5;25.67;10.73;20.31;29.12;6.51;0.77;4.21;0.77;1.15;0.77;0;0;12.75;1.92
78152;78;Chavenay;1408;1241;1226;74;70;376;592;42;9;46;7;2;3;5;0;167;2;6.04;5.71;30.67;48.29;3.43;0.73;3.75;0.57;0.16;0.24;0.41;0;11.86;0.16
78158;78;Le Chesnay;20484;17285;17066;1397;1397;4678;8047;504;84;723;116;73;29;18;0;3199;55;8.19;8.19;27.41;47.15;2.95;0.49;4.24;0.68;0.43;0.17;0.11;0;15.62;0.32
78160;78;Chevreuse;4134;3531;3469;332;444;1124;1159;123;27;204;28;16;6;6;0;603;15;9.57;12.8;32.4;33.41;3.55;0.78;5.88;0.81;0.46;0.17;0.17;0;14.59;0.43
78162;78;Choisel;431;383;378;47;41;103;151;15;3;12;5;0;1;0;0;48;0;12.43;10.85;27.25;39.95;3.97;0.79;3.17;1.32;0;0.26;0;0;11.14;0
78163;78;Civry-la-Forêt;281;248;247;51;47;53;64;17;2;9;1;2;1;0;0;33;1;20.65;19.03;21.46;25.91;6.88;0.81;3.64;0.4;0.81;0.4;0;0;11.74;0.4
78164;78;Clairefontaine-en-Yvelines;630;543;531;56;70;127;218;22;6;21;9;1;1;0;0;87;2;10.55;13.18;23.92;41.05;4.14;1.13;3.95;1.69;0.19;0.19;0;0;13.81;0.38
78165;78;Les Clayes-sous-Bois;11501;9309;9114;1318;1835;2605;1741;513;80;781;81;92;51;17;0;2192;53;14.46;20.13;28.58;19.1;5.63;0.88;8.57;0.89;1.01;0.56;0.19;0;19.06;0.58
78168;78;Coignières;2446;1950;1917;286;438;495;308;111;13;211;23;20;7;5;0;496;9;14.92;22.85;25.82;16.07;5.79;0.68;11.01;1.2;1.04;0.37;0.26;0;20.28;0.47
78171;78;Condé-sur-Vesgre;941;815;798;126;120;209;214;58;5;48;7;6;1;4;0;126;4;15.79;15.04;26.19;26.82;7.27;0.63;6.02;0.88;0.75;0.13;0.5;0;13.39;0.5
78172;78;Conflans-Sainte-Honorine;23861;19203;18771;3007;3905;5366;3211;939;166;1637;214;190;107;29;0;4658;106;16.02;20.8;28.59;17.11;5;0.88;8.72;1.14;1.01;0.57;0.15;0;19.52;0.56
78185;78;Courgent;340;294;287;54;40;70;96;13;2;9;0;1;2;0;0;46;1;18.82;13.94;24.39;33.45;4.53;0.7;3.14;0;0.35;0.7;0;0;13.53;0.35
78188;78;Cravent;333;279;272;65;47;59;60;11;4;18;5;2;1;0;0;54;0;23.9;17.28;21.69;22.06;4.04;1.47;6.62;1.84;0.74;0.37;0;0;16.22;0
78189;78;Crespières;1310;1100;1085;124;83;304;469;34;7;50;8;3;3;0;0;210;2;11.43;7.65;28.02;43.23;3.13;0.65;4.61;0.74;0.28;0.28;0;0;16.03;0.18
78190;78;Croissy-sur-Seine;7310;6320;6247;409;506;2140;2627;159;23;281;51;23;18;10;0;990;19;6.55;8.1;34.26;42.05;2.55;0.37;4.5;0.82;0.37;0.29;0.16;0;13.54;0.3
78192;78;Dammartin-en-Serve;881;769;750;206;141;152;127;67;6;37;5;3;4;2;0;112;3;27.47;18.8;20.27;16.93;8.93;0.8;4.93;0.67;0.4;0.53;0.27;0;12.71;0.4
78193;78;Dampierre-en-Yvelines;803;699;683;66;94;210;247;24;6;29;2;1;2;2;0;104;3;9.66;13.76;30.75;36.16;3.51;0.88;4.25;0.29;0.15;0.29;0.29;0;12.95;0.44
78194;78;Dannemarie;183;160;156;22;26;35;53;9;4;6;0;1;0;0;0;23;0;14.1;16.67;22.44;33.97;5.77;2.56;3.85;0;0.64;0;0;0;12.57;0
78196;78;Davron;228;204;199;13;16;49;109;5;0;4;3;0;0;0;0;24;0;6.53;8.04;24.62;54.77;2.51;0;2.01;1.51;0;0;0;0;10.53;0
78202;78;Drocourt;359;320;313;95;56;52;64;27;4;11;0;2;1;1;0;39;7;30.35;17.89;16.61;20.45;8.63;1.28;3.51;0;0.64;0.32;0.32;0;10.86;2.24
78206;78;Ecquevilly;2812;2197;2128;384;409;569;474;116;17;111;21;16;6;5;0;615;9;18.05;19.22;26.74;22.27;5.45;0.8;5.22;0.99;0.75;0.28;0.23;0;21.87;0.42
78208;78;Elancourt;17131;13549;13225;1548;2716;3834;2482;597;86;1577;195;116;51;23;0;3582;111;11.71;20.54;28.99;18.77;4.51;0.65;11.92;1.47;0.88;0.39;0.17;0;20.91;0.84
78209;78;Emancé;650;567;557;80;78;171;162;27;5;28;1;3;1;1;0;83;3;14.36;14;30.7;29.08;4.85;0.9;5.03;0.18;0.54;0.18;0.18;0;12.77;0.54
78217;78;Epône;4239;3480;3411;677;625;888;730;188;26;194;38;23;18;4;0;759;25;19.85;18.32;26.03;21.4;5.51;0.76;5.69;1.11;0.67;0.53;0.12;0;17.91;0.73
78220;78;Les Essarts-le-Roi;5052;4127;4063;516;704;1239;973;207;32;302;47;21;15;7;0;925;15;12.7;17.33;30.49;23.95;5.09;0.79;7.43;1.16;0.52;0.37;0.17;0;18.31;0.37
78224;78;L'Etang-la-Ville;3657;3143;3106;164;267;1027;1336;84;14;184;14;9;2;5;0;514;8;5.28;8.6;33.07;43.01;2.7;0.45;5.92;0.45;0.29;0.06;0.16;0;14.06;0.26
78227;78;Evecquemont;588;521;508;81;53;140;152;27;3;35;8;4;3;2;0;67;5;15.94;10.43;27.56;29.92;5.31;0.59;6.89;1.57;0.79;0.59;0.39;0;11.39;0.98
78230;78;La Falaise;419;380;372;102;57;81;73;27;1;25;2;3;0;1;0;39;2;27.42;15.32;21.77;19.62;7.26;0.27;6.72;0.54;0.81;0;0.27;0;9.31;0.54
78231;78;Favrieux;124;107;102;20;19;28;25;6;0;3;1;0;0;0;0;17;1;19.61;18.63;27.45;24.51;5.88;0;2.94;0.98;0;0;0;0;13.71;0.98
78233;78;Feucherolles;2293;2025;2002;145;145;689;865;48;15;73;13;7;2;0;0;268;4;7.24;7.24;34.42;43.21;2.4;0.75;3.65;0.65;0.35;0.1;0;0;11.69;0.2
78234;78;Flacourt;139;122;121;52;8;20;33;1;0;3;3;1;0;0;0;17;0;42.98;6.61;16.53;27.27;0.83;0;2.48;2.48;0.83;0;0;0;12.23;0
78236;78;Flexanville;485;433;426;60;70;105;134;23;2;25;4;0;3;0;0;52;1;14.08;16.43;24.65;31.46;5.4;0.47;5.87;0.94;0;0.7;0;0;10.72;0.23
78237;78;Flins-Neuve-Eglise;116;95;94;29;12;22;21;3;1;3;2;1;0;0;0;21;1;30.85;12.77;23.4;22.34;3.19;1.06;3.19;2.13;1.06;0;0;0;18.1;1.06
78238;78;Flins-sur-Seine;1632;1336;1308;370;220;289;234;90;8;59;12;13;10;3;0;296;7;28.29;16.82;22.09;17.89;6.88;0.61;4.51;0.92;0.99;0.76;0.23;0;18.14;0.54
78239;78;Follainville-Dennemont;1312;1112;1082;363;167;214;192;69;11;42;7;7;9;1;0;200;10;33.55;15.43;19.78;17.74;6.38;1.02;3.88;0.65;0.65;0.83;0.09;0;15.24;0.92
78242;78;Fontenay-le-Fleury;8458;6830;6711;757;1287;1923;1605;331;65;603;66;37;22;15;0;1628;38;11.28;19.18;28.65;23.92;4.93;0.97;8.99;0.98;0.55;0.33;0.22;0;19.25;0.57
78245;78;Fontenay-Mauvoisin;350;315;311;55;43;81;92;25;1;10;3;1;0;0;0;35;1;17.68;13.83;26.05;29.58;8.04;0.32;3.22;0.96;0.32;0;0;0;10;0.32
78246;78;Fontenay-Saint-Père;792;671;656;151;122;145;141;44;5;30;7;6;5;0;0;121;4;23.02;18.6;22.1;21.49;6.71;0.76;4.57;1.07;0.91;0.76;0;0;15.28;0.61
78251;78;Fourqueux;3209;2566;2534;105;202;911;1122;63;12;90;10;13;2;4;0;643;8;4.14;7.97;35.95;44.28;2.49;0.47;3.55;0.39;0.51;0.08;0.16;0;20.04;0.32
78255;78;Freneuse;2833;2200;2150;609;459;384;350;129;18;122;30;28;20;1;0;633;21;28.33;21.35;17.86;16.28;6;0.84;5.67;1.4;1.3;0.93;0.05;0;22.34;0.98
78261;78;Gaillon-sur-Montcient;524;453;438;92;74;98;94;26;3;31;10;5;4;1;0;71;2;21;16.89;22.37;21.46;5.94;0.68;7.08;2.28;1.14;0.91;0.23;0;13.55;0.46
78262;78;Galluis;911;772;751;113;98;212;218;47;7;39;6;7;3;1;0;139;8;15.05;13.05;28.23;29.03;6.26;0.93;5.19;0.8;0.93;0.4;0.13;0;15.26;1.07
78263;78;Gambais;2067;1763;1727;251;182;489;561;106;13;90;12;14;5;4;0;304;3;14.53;10.54;28.31;32.48;6.14;0.75;5.21;0.69;0.81;0.29;0.23;0;14.71;0.17
78264;78;Gambaiseuil;57;49;48;4;1;13;28;0;0;1;1;0;0;0;0;8;0;8.33;2.08;27.08;58.33;0;0;2.08;2.08;0;0;0;0;14.04;0
78265;78;Garancières;1784;1550;1513;254;214;377;413;107;15;98;14;14;5;2;0;234;4;16.79;14.14;24.92;27.3;7.07;0.99;6.48;0.93;0.93;0.33;0.13;0;13.12;0.26
78267;78;Gargenville;5293;4010;3891;1107;693;844;654;251;44;184;39;36;26;13;0;1283;33;28.45;17.81;21.69;16.81;6.45;1.13;4.73;1;0.93;0.67;0.33;0;24.24;0.85
78269;78;Gazeran;938;819;801;121;117;209;234;51;3;46;10;5;5;0;0;119;6;15.11;14.61;26.09;29.21;6.37;0.37;5.74;1.25;0.62;0.62;0;0;12.69;0.75
78276;78;Gommecourt;461;405;399;112;73;75;74;25;6;17;2;3;12;0;0;56;2;28.07;18.3;18.8;18.55;6.27;1.5;4.26;0.5;0.75;3.01;0;0;12.15;0.5
78278;78;Goupillières;386;332;330;46;29;81;134;14;3;13;6;3;1;0;0;54;0;13.94;8.79;24.55;40.61;4.24;0.91;3.94;1.82;0.91;0.3;0;0;13.99;0
78281;78;Goussonville;481;394;384;91;46;95;91;29;3;22;0;3;4;0;0;87;0;23.7;11.98;24.74;23.7;7.55;0.78;5.73;0;0.78;1.04;0;0;18.09;0
78283;78;Grandchamp;218;200;194;42;23;44;53;15;1;8;4;0;2;2;0;18;3;21.65;11.86;22.68;27.32;7.73;0.52;4.12;2.06;0;1.03;1.03;0;8.26;1.55
78285;78;Gressey;444;390;380;61;39;108;122;29;2;14;1;4;0;0;0;54;0;16.05;10.26;28.42;32.11;7.63;0.53;3.68;0.26;1.05;0;0;0;12.16;0
78289;78;Grosrouvre;800;688;681;66;54;173;327;18;2;34;3;2;0;2;0;112;2;9.69;7.93;25.4;48.02;2.64;0.29;4.99;0.44;0.29;0;0.29;0;14;0.29
78290;78;Guernes;728;629;609;209;109;101;97;41;3;35;9;2;3;0;0;99;5;34.32;17.9;16.58;15.93;6.73;0.49;5.75;1.48;0.33;0.49;0;0;13.6;0.82
78291;78;Guerville;1598;1338;1311;360;199;255;282;102;11;62;12;14;10;4;0;260;8;27.46;15.18;19.45;21.51;7.78;0.84;4.73;0.92;1.07;0.76;0.31;0;16.27;0.61
78296;78;Guitrancourt;502;433;423;152;57;65;79;29;2;16;3;12;5;3;0;69;8;35.93;13.48;15.37;18.68;6.86;0.47;3.78;0.71;2.84;1.18;0.71;0;13.75;1.89
78297;78;Guyancourt;17573;14343;13995;1506;3267;4369;2068;575;90;1664;211;150;67;28;0;3230;95;10.76;23.34;31.22;14.78;4.11;0.64;11.89;1.51;1.07;0.48;0.2;0;18.38;0.68
78299;78;Hardricourt;1417;1173;1149;241;196;287;247;42;34;66;10;11;12;3;0;244;16;20.97;17.06;24.98;21.5;3.66;2.96;5.74;0.87;0.96;1.04;0.26;0;17.22;1.39
78300;78;Hargeville;275;245;241;49;28;61;74;15;1;8;2;3;0;0;0;30;1;20.33;11.62;25.31;30.71;6.22;0.41;3.32;0.83;1.24;0;0;0;10.91;0.41
78302;78;La Hauteville;197;174;171;22;9;40;76;13;1;4;4;1;0;1;0;23;0;12.87;5.26;23.39;44.44;7.6;0.58;2.34;2.34;0.58;0;0.58;0;11.68;0
78305;78;Herbeville;223;195;193;17;31;56;73;3;0;8;4;0;1;0;0;28;0;8.81;16.06;29.02;37.82;1.55;0;4.15;2.07;0;0.52;0;0;12.56;0
78307;78;Hermeray;795;710;702;82;107;163;236;44;3;46;9;9;2;1;0;85;2;11.68;15.24;23.22;33.62;6.27;0.43;6.55;1.28;1.28;0.28;0.14;0;10.69;0.28
78310;78;Houdan;2330;1897;1857;345;307;461;444;125;14;104;16;24;13;4;0;433;7;18.58;16.53;24.82;23.91;6.73;0.75;5.6;0.86;1.29;0.7;0.22;0;18.58;0.38
78311;78;Houilles;20996;17398;17070;1988;3220;5811;3393;802;118;1362;171;116;62;27;0;3598;87;11.65;18.86;34.04;19.88;4.7;0.69;7.98;1;0.68;0.36;0.16;0;17.14;0.51
78314;78;Issou;2892;2420;2361;686;490;537;246;175;24;116;32;32;20;3;0;472;17;29.06;20.75;22.74;10.42;7.41;1.02;4.91;1.36;1.36;0.85;0.13;0;16.32;0.72
78317;78;Jambville;554;478;469;114;97;94;101;24;6;20;5;4;3;1;0;76;6;24.31;20.68;20.04;21.54;5.12;1.28;4.26;1.07;0.85;0.64;0.21;0;13.72;1.28
78320;78;Jeufosse;363;305;296;92;50;54;69;13;3;8;3;4;0;0;0;58;3;31.08;16.89;18.24;23.31;4.39;1.01;2.7;1.01;1.35;0;0;0;15.98;1.01
78321;78;Jouars-Pontchartrain;4050;3420;3355;420;455;988;989;191;38;224;26;11;6;7;0;630;12;12.52;13.56;29.45;29.48;5.69;1.13;6.68;0.77;0.33;0.18;0.21;0;15.56;0.36
78322;78;Jouy-en-Josas;5133;4473;4403;295;559;1569;1487;150;24;259;21;26;7;6;0;660;12;6.7;12.7;35.63;33.77;3.41;0.55;5.88;0.48;0.59;0.16;0.14;0;12.86;0.27
78324;78;Jouy-Mauvoisin;411;354;350;91;67;84;57;20;6;17;6;2;0;0;0;57;0;26;19.14;24;16.29;5.71;1.71;4.86;1.71;0.57;0;0;0;13.87;0
78325;78;Jumeauville;466;400;392;89;43;101;107;17;6;19;5;3;2;0;0;66;1;22.7;10.97;25.77;27.3;4.34;1.53;4.85;1.28;0.77;0.51;0;0;14.16;0.26
78327;78;Juziers;2797;2271;2229;607;375;469;448;147;14;119;22;11;14;3;0;526;8;27.23;16.82;21.04;20.1;6.59;0.63;5.34;0.99;0.49;0.63;0.13;0;18.81;0.36
78329;78;Lainville-en-Vexin;663;580;568;133;71;121;167;33;4;24;8;3;2;2;0;83;3;23.42;12.5;21.3;29.4;5.81;0.7;4.23;1.41;0.53;0.35;0.35;0;12.52;0.53
78334;78;Lévis-Saint-Nom;1353;1170;1141;154;185;341;320;50;6;56;16;6;3;4;0;183;6;13.5;16.21;29.89;28.05;4.38;0.53;4.91;1.4;0.53;0.26;0.35;0;13.53;0.53
78335;78;Limay;9681;7563;7365;1728;2264;1487;808;340;47;418;106;93;57;17;0;2118;49;23.46;30.74;20.19;10.97;4.62;0.64;5.68;1.44;1.26;0.77;0.23;0;21.88;0.67
78337;78;Limetz-Villez;1525;1240;1222;387;211;233;206;69;8;56;14;18;18;2;0;285;7;31.67;17.27;19.07;16.86;5.65;0.65;4.58;1.15;1.47;1.47;0.16;0;18.69;0.57
78343;78;Les Loges-en-Josas;1213;1076;1065;60;81;340;465;38;5;57;10;4;3;2;0;137;3;5.63;7.61;31.92;43.66;3.57;0.47;5.35;0.94;0.38;0.28;0.19;0;11.29;0.28
78344;78;Lommoye;528;437;432;119;63;87;107;26;3;15;4;7;1;0;0;91;0;27.55;14.58;20.14;24.77;6.02;0.69;3.47;0.93;1.62;0.23;0;0;17.23;0
78346;78;Longnes;1137;936;912;266;107;192;187;66;5;61;5;14;6;3;0;201;3;29.17;11.73;21.05;20.5;7.24;0.55;6.69;0.55;1.54;0.66;0.33;0;17.68;0.33
78349;78;Longvilliers;363;317;313;51;39;76;96;14;8;15;9;5;0;0;0;46;3;16.29;12.46;24.28;30.67;4.47;2.56;4.79;2.88;1.6;0;0;0;12.67;0.96
78350;78;Louveciennes;5073;4388;4336;318;373;1301;1996;89;24;186;26;15;7;1;0;685;21;7.33;8.6;30;46.03;2.05;0.55;4.29;0.6;0.35;0.16;0.02;0;13.5;0.48
78354;78;Magnanville;4108;3294;3226;785;702;774;423;170;27;235;45;39;23;3;0;814;28;24.33;21.76;23.99;13.11;5.27;0.84;7.28;1.39;1.21;0.71;0.09;0;19.81;0.87
78356;78;Magny-les-Hameaux;6620;5524;5411;681;1168;1598;1044;296;56;438;48;43;31;8;0;1096;28;12.59;21.59;29.53;19.29;5.47;1.03;8.09;0.89;0.79;0.57;0.15;0;16.56;0.52
78358;78;Maisons-Laffitte;16573;14001;13829;1026;1377;4742;5252;375;79;759;116;59;22;22;0;2572;43;7.42;9.96;34.29;37.98;2.71;0.57;5.49;0.84;0.43;0.16;0.16;0;15.52;0.31
78361;78;Mantes-la-Jolie;22009;15180;14748;1818;5060;3379;2090;439;83;1297;311;166;71;34;0;6829;121;12.33;34.31;22.91;14.17;2.98;0.56;8.79;2.11;1.13;0.48;0.23;0;31.03;0.82
78362;78;Mantes-la-Ville;11849;8410;8191;1830;2339;1806;954;361;59;543;138;96;51;14;0;3439;56;22.34;28.56;22.05;11.65;4.41;0.72;6.63;1.68;1.17;0.62;0.17;0;29.02;0.68
78364;78;Marcq;524;476;465;69;64;116;150;25;1;28;6;4;0;2;0;48;3;14.84;13.76;24.95;32.26;5.38;0.22;6.02;1.29;0.86;0;0.43;0;9.16;0.65
78366;78;Mareil-le-Guyon;309;259;252;29;36;78;79;14;1;9;3;2;1;0;0;50;1;11.51;14.29;30.95;31.35;5.56;0.4;3.57;1.19;0.79;0.4;0;0;16.18;0.4
78367;78;Mareil-Marly;2606;2280;2259;162;174;753;983;57;13;98;10;4;2;3;0;326;10;7.17;7.7;33.33;43.51;2.52;0.58;4.34;0.44;0.18;0.09;0.13;0;12.51;0.44
78368;78;Mareil-sur-Mauldre;1268;1149;1137;131;92;385;415;44;8;41;14;2;2;3;0;119;1;11.52;8.09;33.86;36.5;3.87;0.7;3.61;1.23;0.18;0.18;0.26;0;9.38;0.09
78372;78;Marly-le-Roi;12133;10190;10024;853;1243;3415;3196;399;63;674;100;50;18;13;0;1943;47;8.51;12.4;34.07;31.88;3.98;0.63;6.72;1;0.5;0.18;0.13;0;16.01;0.47
78380;78;Maule;4135;3516;3430;557;516;895;950;203;22;193;45;26;15;8;0;619;33;16.24;15.04;26.09;27.7;5.92;0.64;5.63;1.31;0.76;0.44;0.23;0;14.97;0.96
78381;78;Maulette;640;560;540;119;77;125;129;35;6;35;7;2;5;0;0;80;1;22.04;14.26;23.15;23.89;6.48;1.11;6.48;1.3;0.37;0.93;0;0;12.5;0.19
78382;78;Maurecourt;2890;2498;2451;448;447;693;479;117;24;180;23;24;10;6;0;392;16;18.28;18.24;28.27;19.54;4.77;0.98;7.34;0.94;0.98;0.41;0.24;0;13.56;0.65
78383;78;Maurepas;13781;10860;10649;1257;1984;3219;2334;543;75;968;126;84;43;16;0;2921;60;11.8;18.63;30.23;21.92;5.1;0.7;9.09;1.18;0.79;0.4;0.15;0;21.2;0.56
78384;78;Médan;1067;887;874;118;91;270;298;39;9;31;9;8;0;1;0;180;1;13.5;10.41;30.89;34.1;4.46;1.03;3.55;1.03;0.92;0;0.11;0;16.87;0.11
78385;78;Ménerville;166;146;144;56;15;31;29;10;2;1;0;0;0;0;0;20;0;38.89;10.42;21.53;20.14;6.94;1.39;0.69;0;0;0;0;0;12.05;0
78389;78;Méré;1421;1214;1185;132;133;303;449;49;13;89;6;7;2;2;0;207;5;11.14;11.22;25.57;37.89;4.14;1.1;7.51;0.51;0.59;0.17;0.17;0;14.57;0.42
78391;78;Méricourt;283;235;227;74;32;33;47;15;3;15;1;3;4;0;0;48;2;32.6;14.1;14.54;20.7;6.61;1.32;6.61;0.44;1.32;1.76;0;0;16.96;0.88
78396;78;Le Mesnil-le-Roi;4824;3872;3815;378;438;1159;1435;120;25;194;24;24;11;7;0;952;15;9.91;11.48;30.38;37.61;3.15;0.66;5.09;0.63;0.63;0.29;0.18;0;19.73;0.39
78397;78;Le Mesnil-Saint-Denis;5284;4459;4398;401;578;1409;1364;237;35;301;35;24;7;7;0;825;15;9.12;13.14;32.04;31.01;5.39;0.8;6.84;0.8;0.55;0.16;0.16;0;15.61;0.34
78398;78;Les Mesnuls;738;631;621;52;84;168;247;23;2;34;4;2;2;3;0;107;2;8.37;13.53;27.05;39.77;3.7;0.32;5.48;0.64;0.32;0.32;0.48;0;14.5;0.32
78401;78;Meulan-en-Yvelines;5668;4007;3920;863;822;873;735;216;27;264;53;47;15;5;0;1661;14;22.02;20.97;22.27;18.75;5.51;0.69;6.73;1.35;1.2;0.38;0.13;0;29.3;0.36
78402;78;Mézières-sur-Seine;2671;2152;2097;479;343;534;374;148;20;138;24;20;7;10;0;519;23;22.84;16.36;25.46;17.84;7.06;0.95;6.58;1.14;0.95;0.33;0.48;0;19.43;1.1
78403;78;Mézy-sur-Seine;1317;1145;1129;243;162;302;280;60;7;54;8;4;7;2;0;172;4;21.52;14.35;26.75;24.8;5.31;0.62;4.78;0.71;0.35;0.62;0.18;0;13.06;0.35
78404;78;Millemont;177;160;158;16;17;42;67;4;0;5;5;2;0;0;0;17;0;10.13;10.76;26.58;42.41;2.53;0;3.16;3.16;1.27;0;0;0;9.6;0
78406;78;Milon-la-Chapelle;260;223;222;17;20;63;109;5;0;7;1;0;0;0;0;37;1;7.66;9.01;28.38;49.1;2.25;0;3.15;0.45;0;0;0;0;14.23;0.45
78407;78;Mittainville;511;452;447;75;67;102;126;31;3;34;4;2;3;0;0;59;3;16.78;14.99;22.82;28.19;6.94;0.67;7.61;0.89;0.45;0.67;0;0;11.55;0.67
78410;78;Moisson;735;614;592;121;109;126;148;35;6;33;4;7;2;1;0;121;2;20.44;18.41;21.28;25;5.91;1.01;5.57;0.68;1.18;0.34;0.17;0;16.46;0.34
78413;78;Mondreville;274;247;232;63;44;39;44;22;2;12;1;2;3;0;0;27;6;27.16;18.97;16.81;18.97;9.48;0.86;5.17;0.43;0.86;1.29;0;0;9.85;2.59
78415;78;Montainville;463;405;398;59;44;97;146;17;6;24;5;0;0;0;0;58;1;14.82;11.06;24.37;36.68;4.27;1.51;6.03;1.26;0;0;0;0;12.53;0.25
78416;78;Montalet-le-Bois;244;214;209;66;34;36;47;16;1;7;0;2;0;0;0;30;1;31.58;16.27;17.22;22.49;7.66;0.48;3.35;0;0.96;0;0;0;12.3;0.48
78417;78;Montchauvet;231;202;201;27;27;44;66;22;5;7;1;1;0;1;0;29;1;13.43;13.43;21.89;32.84;10.95;2.49;3.48;0.5;0.5;0;0.5;0;12.55;0.5
78418;78;Montesson;10201;8569;8415;879;1179;2785;2557;345;51;450;70;62;23;14;0;1632;38;10.45;14.01;33.1;30.39;4.1;0.61;5.35;0.83;0.74;0.27;0.17;0;16;0.45
78420;78;Montfort-l'Amaury;2063;1788;1753;192;177;492;681;84;19;84;13;4;4;3;0;275;10;10.95;10.1;28.07;38.85;4.79;1.08;4.79;0.74;0.23;0.23;0.17;0;13.33;0.57
78423;78;Montigny-le-Bretonneux;23833;19654;19258;1797;3470;6772;3840;924;139;1889;206;119;60;42;0;4179;84;9.33;18.02;35.16;19.94;4.8;0.72;9.81;1.07;0.62;0.31;0.22;0;17.53;0.44
78431;78;Morainvilliers;2031;1790;1767;193;140;527;750;75;10;49;14;8;1;0;0;241;6;10.92;7.92;29.82;42.44;4.24;0.57;2.77;0.79;0.45;0.06;0;0;11.87;0.34
78437;78;Mousseaux-sur-Seine;545;438;430;122;48;100;90;38;4;20;6;1;0;1;0;107;1;28.37;11.16;23.26;20.93;8.84;0.93;4.65;1.4;0.23;0;0.23;0;19.63;0.23
78439;78;Mulcent;78;70;66;14;6;16;25;3;1;1;0;0;0;0;0;8;3;21.21;9.09;24.24;37.88;4.55;1.52;1.52;0;0;0;0;0;10.26;4.55
78440;78;Les Mureaux;15377;10701;10358;1458;3788;2363;931;302;35;1005;267;117;69;23;0;4676;114;14.08;36.57;22.81;8.99;2.92;0.34;9.7;2.58;1.13;0.67;0.22;0;30.41;1.1
78442;78;Neauphle-le-Château;2228;1931;1897;202;260;557;621;102;18;106;18;8;3;2;0;297;10;10.65;13.71;29.36;32.74;5.38;0.95;5.59;0.95;0.42;0.16;0.11;0;13.33;0.53
78443;78;Neauphle-le-Vieux;652;562;551;58;67;145;210;31;8;18;8;2;2;2;0;90;2;10.53;12.16;26.32;38.11;5.63;1.45;3.27;1.45;0.36;0.36;0.36;0;13.8;0.36
78444;78;Neauphlette;633;532;523;150;86;104;100;45;3;22;4;3;4;2;0;101;3;28.68;16.44;19.89;19.12;8.6;0.57;4.21;0.76;0.57;0.76;0.38;0;15.96;0.57
78451;78;Nézel;727;631;606;165;115;114;120;46;5;29;9;2;1;0;0;96;4;27.23;18.98;18.81;19.8;7.59;0.83;4.79;1.49;0.33;0.17;0;0;13.2;0.66
78455;78;Noisy-le-Roi;6432;5200;5158;352;383;1413;2587;149;23;203;26;12;4;6;0;1232;17;6.82;7.43;27.39;50.16;2.89;0.45;3.94;0.5;0.23;0.08;0.12;0;19.15;0.33
78460;78;Oinville-sur-Montcient;881;753;736;146;112;164;184;45;12;53;6;7;7;0;0;128;6;19.84;15.22;22.28;25;6.11;1.63;7.2;0.82;0.95;0.95;0;0;14.53;0.82
78464;78;Orcemont;666;615;609;84;81;164;182;43;11;35;3;4;1;1;0;51;2;13.79;13.3;26.93;29.89;7.06;1.81;5.75;0.49;0.66;0.16;0.16;0;7.66;0.33
78465;78;Orgerus;1913;1631;1602;260;269;419;400;79;17;115;26;9;6;2;0;282;3;16.23;16.79;26.15;24.97;4.93;1.06;7.18;1.62;0.56;0.37;0.12;0;14.74;0.19
78466;78;Orgeval;4884;3867;3798;392;305;1152;1623;122;20;153;18;9;1;3;0;1017;9;10.32;8.03;30.33;42.73;3.21;0.53;4.03;0.47;0.24;0.03;0.08;0;20.82;0.24
78470;78;Orphin;693;594;577;100;87;136;173;30;8;35;3;4;1;0;0;99;3;17.33;15.08;23.57;29.98;5.2;1.39;6.07;0.52;0.69;0.17;0;0;14.29;0.52
78472;78;Orsonville;232;203;200;57;19;43;54;6;3;13;3;1;0;1;0;29;2;28.5;9.5;21.5;27;3;1.5;6.5;1.5;0.5;0;0.5;0;12.5;1
78474;78;Orvilliers;594;538;526;109;84;102;132;24;10;50;4;7;1;3;0;56;5;20.72;15.97;19.39;25.1;4.56;1.9;9.51;0.76;1.33;0.19;0.57;0;9.43;0.95
78475;78;Osmoy;277;258;255;42;31;72;63;26;1;16;1;1;0;2;0;19;0;16.47;12.16;28.24;24.71;10.2;0.39;6.27;0.39;0.39;0;0.78;0;6.86;0
78478;78;Paray-Douaville;151;132;130;32;20;25;32;13;0;5;1;1;1;0;0;19;0;24.62;15.38;19.23;24.62;10;0;3.85;0.77;0.77;0.77;0;0;12.58;0
78481;78;Le Pecq;11012;8825;8675;857;1215;2677;2811;345;66;529;69;54;37;15;0;2187;32;9.88;14.01;30.86;32.4;3.98;0.76;6.1;0.8;0.62;0.43;0.17;0;19.86;0.37
78484;78;Perdreauville;453;409;398;110;72;74;89;23;6;16;2;2;3;1;0;44;3;27.64;18.09;18.59;22.36;5.78;1.51;4.02;0.5;0.5;0.75;0.25;0;9.71;0.75
78486;78;Le Perray-en-Yvelines;5181;4302;4227;694;671;1222;958;258;32;304;39;30;16;3;0;879;20;16.42;15.87;28.91;22.66;6.1;0.76;7.19;0.92;0.71;0.38;0.07;0;16.97;0.47
78490;78;Plaisir;19461;15509;15172;1889;3375;4517;2808;785;102;1241;201;159;62;33;0;3952;86;12.45;22.24;29.77;18.51;5.17;0.67;8.18;1.32;1.05;0.41;0.22;0;20.31;0.57
78497;78;Poigny-la-Forêt;712;630;624;96;62;148;248;30;3;24;4;3;4;2;0;82;1;15.38;9.94;23.72;39.74;4.81;0.48;3.85;0.64;0.48;0.64;0.32;0;11.52;0.16
78498;78;Poissy;21981;17352;16958;2023;3460;5026;3805;690;134;1291;231;164;95;39;0;4629;89;11.93;20.4;29.64;22.44;4.07;0.79;7.61;1.36;0.97;0.56;0.23;0;21.06;0.52
78499;78;Ponthévrard;428;364;359;60;49;104;82;30;4;21;2;1;4;2;0;64;1;16.71;13.65;28.97;22.84;8.36;1.11;5.85;0.56;0.28;1.11;0.56;0;14.95;0.28
78501;78;Porcheville;1799;1490;1448;464;305;250;210;96;10;65;23;13;8;4;0;309;10;32.04;21.06;17.27;14.5;6.63;0.69;4.49;1.59;0.9;0.55;0.28;0;17.18;0.69
78502;78;Le Port-Marly;3080;2408;2360;298;340;749;618;120;12;176;27;12;5;3;0;672;10;12.63;14.41;31.74;26.19;5.08;0.51;7.46;1.14;0.51;0.21;0.13;0;21.82;0.42
78503;78;Port-Villez;190;164;159;50;20;35;37;5;1;6;0;3;1;1;0;26;0;31.45;12.58;22.01;23.27;3.14;0.63;3.77;0;1.89;0.63;0.63;0;13.68;0
78505;78;Prunay-le-Temple;363;294;285;61;43;66;75;15;5;13;2;1;3;1;0;69;1;21.4;15.09;23.16;26.32;5.26;1.75;4.56;0.7;0.35;1.05;0.35;0;19.01;0.35
78506;78;Prunay-en-Yvelines;654;574;559;99;90;132;140;48;5;27;9;6;2;1;0;80;2;17.71;16.1;23.61;25.04;8.59;0.89;4.83;1.61;1.07;0.36;0.18;0;12.23;0.36
78513;78;La Queue-les-Yvelines;1454;1242;1218;169;164;359;355;71;8;64;10;10;5;3;0;212;8;13.88;13.46;29.47;29.15;5.83;0.66;5.25;0.82;0.82;0.41;0.25;0;14.58;0.66
78516;78;Raizeux;682;579;569;92;106;136;168;27;2;22;8;4;2;2;0;103;2;16.17;18.63;23.9;29.53;4.75;0.35;3.87;1.41;0.7;0.35;0.35;0;15.1;0.35
78517;78;Rambouillet;18077;15362;15084;2044;2340;4190;4249;730;123;1005;188;105;74;36;0;2715;82;13.55;15.51;27.78;28.17;4.84;0.82;6.66;1.25;0.7;0.49;0.24;0;15.02;0.54
78518;78;Rennemoulin;101;93;93;9;13;23;40;3;2;3;0;0;0;0;0;8;0;9.68;13.98;24.73;43.01;3.23;2.15;3.23;0;0;0;0;0;7.92;0
78520;78;Richebourg;951;801;780;125;113;207;207;57;6;45;6;8;4;2;0;150;5;16.03;14.49;26.54;26.54;7.31;0.77;5.77;0.77;1.03;0.51;0.26;0;15.77;0.64
78522;78;Rochefort-en-Yvelines;699;634;620;66;85;167;223;17;6;48;2;1;2;3;0;65;2;10.65;13.71;26.94;35.97;2.74;0.97;7.74;0.32;0.16;0.32;0.48;0;9.3;0.32
78524;78;Rocquencourt;2504;2093;2071;151;132;513;1118;60;8;69;12;5;0;3;0;411;4;7.29;6.37;24.77;53.98;2.9;0.39;3.33;0.58;0.24;0;0.14;0;16.41;0.19
78528;78;Rolleboise;214;179;173;58;21;35;37;7;3;9;1;2;0;0;0;35;1;33.53;12.14;20.23;21.39;4.05;1.73;5.2;0.58;1.16;0;0;0;16.36;0.58
78530;78;Rosay;293;262;257;44;30;68;87;8;2;14;3;1;0;0;0;31;0;17.12;11.67;26.46;33.85;3.11;0.78;5.45;1.17;0.39;0;0;0;10.58;0
78531;78;Rosny-sur-Seine;3866;3126;3031;704;694;711;425;156;35;186;54;34;21;11;0;740;27;23.23;22.9;23.46;14.02;5.15;1.15;6.14;1.78;1.12;0.69;0.36;0;19.14;0.89
78536;78;Sailly;291;241;236;80;22;47;66;9;1;9;1;1;0;0;0;50;2;33.9;9.32;19.92;27.97;3.81;0.42;3.81;0.42;0.42;0;0;0;17.18;0.85
78537;78;Saint-Arnoult-en-Yvelines;4588;3923;3836;602;626;1002;1032;219;38;233;33;33;12;6;0;665;24;15.69;16.32;26.12;26.9;5.71;0.99;6.07;0.86;0.86;0.31;0.16;0;14.49;0.63
78545;78;Saint-Cyr-l'Ecole;11150;8646;8477;1090;1626;2363;1895;387;71;827;94;72;32;20;0;2504;44;12.86;19.18;27.88;22.35;4.57;0.84;9.76;1.11;0.85;0.38;0.24;0;22.46;0.52
78548;78;Saint-Forget;397;355;351;34;47;105;129;15;2;12;2;5;0;0;0;42;1;9.69;13.39;29.91;36.75;4.27;0.57;3.42;0.57;1.42;0;0;0;10.58;0.28
78550;78;Saint-Germain-de-la-Grange;1474;1298;1279;111;173;434;367;96;7;64;18;7;1;1;0;176;3;8.68;13.53;33.93;28.69;7.51;0.55;5;1.41;0.55;0.08;0.08;0;11.94;0.23
78551;78;Saint-Germain-en-Laye;26714;21620;21273;1767;2444;6818;7844;663;145;1202;203;104;43;40;0;5094;86;8.31;11.49;32.05;36.87;3.12;0.68;5.65;0.95;0.49;0.2;0.19;0;19.07;0.4
78557;78;Saint-Hilarion;691;607;595;114;87;159;135;36;3;47;7;2;0;5;0;84;0;19.16;14.62;26.72;22.69;6.05;0.5;7.9;1.18;0.34;0;0.84;0;12.16;0
78558;78;Saint-Illiers-la-Ville;273;225;219;74;43;38;34;16;2;9;1;2;0;0;0;48;0;33.79;19.63;17.35;15.53;7.31;0.91;4.11;0.46;0.91;0;0;0;17.58;0
78559;78;Saint-Illiers-le-Bois;319;283;277;94;32;66;59;15;5;2;1;0;0;3;0;36;0;33.94;11.55;23.83;21.3;5.42;1.81;0.72;0.36;0;0;1.08;0;11.29;0
78561;78;Saint-Lambert;330;304;291;18;19;74;141;13;2;18;1;3;0;2;0;26;6;6.19;6.53;25.43;48.45;4.47;0.69;6.19;0.34;1.03;0;0.69;0;7.88;2.06
78562;78;Saint-Léger-en-Yvelines;1138;1017;1002;116;165;241;346;44;7;64;9;7;1;2;0;121;5;11.58;16.47;24.05;34.53;4.39;0.7;6.39;0.9;0.7;0.1;0.2;0;10.63;0.5
78564;78;Saint-Martin-de-Bréthencourt;484;425;417;81;82;97;92;29;2;23;6;2;2;1;0;59;2;19.42;19.66;23.26;22.06;6.95;0.48;5.52;1.44;0.48;0.48;0.24;0;12.19;0.48
78565;78;Saint-Martin-des-Champs;245;217;213;12;23;52;96;11;4;11;2;2;0;0;0;28;1;5.63;10.8;24.41;45.07;5.16;1.88;5.16;0.94;0.94;0;0;0;11.43;0.47
78567;78;Saint-Martin-la-Garenne;683;604;590;169;85;133;129;35;0;19;9;3;6;2;0;79;2;28.64;14.41;22.54;21.86;5.93;0;3.22;1.53;0.51;1.02;0.34;0;11.57;0.34
78569;78;Sainte-Mesme;642;557;541;87;87;154;110;25;6;46;15;9;2;0;0;85;6;16.08;16.08;28.47;20.33;4.62;1.11;8.5;2.77;1.66;0.37;0;0;13.24;1.11
78571;78;Saint-Nom-la-Bretèche;3820;3351;3317;178;165;949;1804;82;19;91;13;9;3;4;0;469;10;5.37;4.97;28.61;54.39;2.47;0.57;2.74;0.39;0.27;0.09;0.12;0;12.28;0.3
78575;78;Saint-Rémy-lès-Chevreuse;5883;5073;5000;428;742;1784;1405;202;41;292;58;29;7;12;0;810;16;8.56;14.84;35.68;28.1;4.04;0.82;5.84;1.16;0.58;0.14;0.24;0;13.77;0.32
78576;78;Saint-Rémy-l'Honoré;1130;999;986;173;89;249;365;54;4;25;19;5;3;0;0;131;5;17.55;9.03;25.25;37.02;5.48;0.41;2.54;1.93;0.51;0.3;0;0;11.59;0.51
78586;78;Sartrouville;30266;22783;22285;2902;5247;6636;4035;920;143;1761;276;209;113;43;0;7483;150;13.02;23.54;29.78;18.11;4.13;0.64;7.9;1.24;0.94;0.51;0.19;0;24.72;0.67
78588;78;Saulx-Marchais;611;535;525;92;89;147;112;37;3;35;4;1;3;2;0;76;4;17.52;16.95;28;21.33;7.05;0.57;6.67;0.76;0.19;0.57;0.38;0;12.44;0.76
78590;78;Senlisse;422;358;354;47;49;93;106;17;4;32;3;2;1;0;0;64;1;13.28;13.84;26.27;29.94;4.8;1.13;9.04;0.85;0.56;0.28;0;0;15.17;0.28
78591;78;Septeuil;1561;1287;1253;259;157;280;359;77;10;70;16;11;10;4;0;274;14;20.67;12.53;22.35;28.65;6.15;0.8;5.59;1.28;0.88;0.8;0.32;0;17.55;1.12
78597;78;Soindres;481;394;379;78;57;104;70;44;2;18;2;0;4;0;0;87;2;20.58;15.04;27.44;18.47;11.61;0.53;4.75;0.53;0;1.06;0;0;18.09;0.53
78601;78;Sonchamp;1197;1046;1022;177;155;249;269;70;14;72;3;5;5;3;0;151;8;17.32;15.17;24.36;26.32;6.85;1.37;7.05;0.29;0.49;0.49;0.29;0;12.61;0.78
78605;78;Tacoignières;800;711;696;139;123;185;137;39;9;47;9;6;1;1;0;89;2;19.97;17.67;26.58;19.68;5.6;1.29;6.75;1.29;0.86;0.14;0.14;0;11.13;0.29
78606;78;Le Tartre-Gaudran;43;34;32;6;0;5;18;2;0;1;0;0;0;0;0;9;0;18.75;0;15.63;56.25;6.25;0;3.13;0;0;0;0;0;20.93;0
78608;78;Le Tertre-Saint-Denis;93;79;76;28;8;7;21;10;0;0;0;0;2;0;0;14;0;36.84;10.53;9.21;27.63;13.16;0;0;0;0;2.63;0;0;15.05;0
78609;78;Tessancourt-sur-Aubette;754;672;656;179;91;139;150;42;6;39;3;6;1;0;0;82;1;27.29;13.87;21.19;22.87;6.4;0.91;5.95;0.46;0.91;0.15;0;0;10.88;0.15
78615;78;Thiverval-Grignon;598;489;484;62;79;174;89;21;5;46;2;3;3;0;0;109;3;12.81;16.32;35.95;18.39;4.34;1.03;9.5;0.41;0.62;0.62;0;0;18.23;0.62
78616;78;Thoiry;998;865;853;120;125;198;275;59;3;61;4;4;4;0;0;133;5;14.07;14.65;23.21;32.24;6.92;0.35;7.15;0.47;0.47;0.47;0;0;13.33;0.59
78618;78;Tilly;417;368;353;99;35;83;95;19;5;6;2;5;4;0;0;49;2;28.05;9.92;23.51;26.91;5.38;1.42;1.7;0.57;1.42;1.13;0;0;11.75;0.57
78620;78;Toussus-le-Noble;833;756;742;118;76;247;211;45;3;29;8;0;2;3;0;77;2;15.9;10.24;33.29;28.44;6.06;0.4;3.91;1.08;0;0.27;0.4;0;9.24;0.27
78621;78;Trappes;13952;9892;9584;1126;3126;1692;663;248;54;2322;187;98;51;17;0;4060;85;11.75;32.62;17.65;6.92;2.59;0.56;24.23;1.95;1.02;0.53;0.18;0;29.1;0.89
78623;78;Le Tremblay-sur-Mauldre;654;559;543;80;67;154;172;23;2;31;5;4;2;3;0;95;1;14.73;12.34;28.36;31.68;4.24;0.37;5.71;0.92;0.74;0.37;0.55;0;14.53;0.18
78624;78;Triel-sur-Seine;8521;6889;6771;1102;1004;2009;1762;322;55;353;73;49;28;14;0;1632;27;16.28;14.83;29.67;26.02;4.76;0.81;5.21;1.08;0.72;0.41;0.21;0;19.15;0.4
78638;78;Vaux-sur-Seine;3190;2674;2609;467;390;716;655;143;18;163;29;16;6;6;0;516;8;17.9;14.95;27.44;25.11;5.48;0.69;6.25;1.11;0.61;0.23;0.23;0;16.18;0.31
78640;78;Vélizy-Villacoublay;14289;12066;11818;1727;1886;3480;2895;617;98;804;128;95;61;27;0;2223;72;14.61;15.96;29.45;24.5;5.22;0.83;6.8;1.08;0.8;0.52;0.23;0;15.56;0.61
78642;78;Verneuil-sur-Seine;11045;8852;8687;1069;1381;2551;2433;441;77;550;76;51;44;14;0;2193;45;12.31;15.9;29.37;28.01;5.08;0.89;6.33;0.87;0.59;0.51;0.16;0;19.86;0.52
78643;78;Vernouillet;6211;5086;4997;533;849;1600;1316;217;33;337;51;40;16;5;0;1125;19;10.67;16.99;32.02;26.34;4.34;0.66;6.74;1.02;0.8;0.32;0.1;0;18.11;0.38
78644;78;La Verrière;3069;2100;2042;249;620;428;228;67;8;378;30;23;9;2;0;969;16;12.19;30.36;20.96;11.17;3.28;0.39;18.51;1.47;1.13;0.44;0.1;0;31.57;0.78
78646;78;Versailles;57898;48200;47653;4670;4622;12894;20486;1371;312;2546;411;187;90;64;0;9698;146;9.8;9.7;27.06;42.99;2.88;0.65;5.34;0.86;0.39;0.19;0.13;0;16.75;0.31
78647;78;Vert;590;494;483;130;71;94;121;26;5;28;4;2;1;1;0;96;4;26.92;14.7;19.46;25.05;5.38;1.04;5.8;0.83;0.41;0.21;0.21;0;16.27;0.83
78650;78;Le Vésinet;11809;10164;10078;559;705;3204;4824;228;39;413;57;20;15;14;0;1645;18;5.55;7;31.79;47.87;2.26;0.39;4.1;0.57;0.2;0.15;0.14;0;13.93;0.18
78653;78;Vicq;204;185;182;20;23;46;75;10;1;3;3;0;0;1;0;19;1;10.99;12.64;25.27;41.21;5.49;0.55;1.65;1.65;0;0;0.55;0;9.31;0.55
78655;78;Vieille-Eglise-en-Yvelines;574;514;501;56;89;143;151;17;5;31;2;5;2;0;0;60;2;11.18;17.76;28.54;30.14;3.39;1;6.19;0.4;1;0.4;0;0;10.45;0.4
78668;78;La Villeneuve-en-Chevrie;474;424;418;119;51;103;95;24;3;13;2;3;5;0;0;50;1;28.47;12.2;24.64;22.73;5.74;0.72;3.11;0.48;0.72;1.2;0;0;10.55;0.24
78672;78;Villennes-sur-Seine;4259;3442;3409;264;287;1072;1474;100;22;146;23;14;5;2;0;817;4;7.74;8.42;31.45;43.24;2.93;0.65;4.28;0.67;0.41;0.15;0.06;0;19.18;0.12
78674;78;Villepreux;7310;5993;5896;842;916;1844;1303;286;45;522;49;49;29;11;0;1317;42;14.28;15.54;31.28;22.1;4.85;0.76;8.85;0.83;0.83;0.49;0.19;0;18.02;0.71
78677;78;Villette;435;372;358;70;48;84;106;24;2;19;1;2;2;0;0;63;3;19.55;13.41;23.46;29.61;6.7;0.56;5.31;0.28;0.56;0.56;0;0;14.48;0.84
78681;78;Villiers-le-Mahieu;560;497;487;92;60;110;153;35;5;28;4;0;0;0;0;63;5;18.89;12.32;22.59;31.42;7.19;1.03;5.75;0.82;0;0;0;0;11.25;1.03
78683;78;Villiers-Saint-Fréderic;2025;1786;1748;228;238;551;460;95;13;130;11;17;4;1;0;239;6;13.04;13.62;31.52;26.32;5.43;0.74;7.44;0.63;0.97;0.23;0.06;0;11.8;0.34
78686;78;Viroflay;11246;9849;9712;550;1178;3490;3193;297;74;738;96;51;19;26;0;1397;34;5.66;12.13;35.93;32.88;3.06;0.76;7.6;0.99;0.53;0.2;0.27;0;12.42;0.35
78688;78;Voisins-le-Bretonneux;9372;7935;7818;620;973;2829;2407;324;55;489;55;32;18;16;0;1437;20;7.93;12.45;36.19;30.79;4.14;0.7;6.25;0.7;0.41;0.23;0.2;0;15.33;0.26