insee;dep;nom;nb_inscrits;nb_votants;nb_exprimes;nb_voix1;nb_voix2;nb_voix3;nb_voix4;nb_voix5;nb_voix6;nb_voix7;nb_voix8;nb_voix9;nb_voix10;nb_voix11;nb_voix12;nb_voix13;nb_voix14;voix_1;voix_2;voix_3;voix_4;voix_5;voix_6;voix_7;voix_8;voix_9;voix_10;voix_11;voix_12;voix_13;voix_14
79001;79;L'Absie;715;533;510;102;70;135;140;17;7;27;2;5;2;3;0;182;13;20;13.73;26.47;27.45;3.33;1.37;5.29;0.39;0.98;0.39;0.59;0;25.45;2.55
79002;79;Adilly;236;200;192;21;33;42;58;13;5;12;3;1;4;0;0;36;5;10.94;17.19;21.88;30.21;6.77;2.6;6.25;1.56;0.52;2.08;0;0;15.25;2.6
79003;79;Aiffres;4236;3516;3417;453;753;1065;536;178;47;275;31;47;29;3;0;720;27;13.26;22.04;31.17;15.69;5.21;1.38;8.05;0.91;1.38;0.85;0.09;0;17;0.79
79004;79;Aigonnay;497;411;400;82;99;97;40;22;10;34;2;10;3;1;0;86;3;20.5;24.75;24.25;10;5.5;2.5;8.5;0.5;2.5;0.75;0.25;0;17.3;0.75
79005;79;Airvault;2239;1856;1789;409;303;431;370;105;17;72;18;36;24;4;0;383;20;22.86;16.94;24.09;20.68;5.87;0.95;4.02;1.01;2.01;1.34;0.22;0;17.11;1.12
79007;79;Allonne;458;388;377;75;74;79;100;20;4;13;4;7;1;0;0;70;4;19.89;19.63;20.95;26.53;5.31;1.06;3.45;1.06;1.86;0.27;0;0;15.28;1.06
79008;79;Amailloux;557;450;428;100;75;90;93;28;5;16;3;14;3;1;0;107;9;23.36;17.52;21.03;21.73;6.54;1.17;3.74;0.7;3.27;0.7;0.23;0;19.21;2.1
79009;79;Amuré;325;274;267;66;56;64;28;14;7;22;2;7;1;0;0;51;1;24.72;20.97;23.97;10.49;5.24;2.62;8.24;0.75;2.62;0.37;0;0;15.69;0.37
79010;79;Arçais;499;390;384;87;91;85;55;21;7;28;5;4;1;0;0;109;1;22.66;23.7;22.14;14.32;5.47;1.82;7.29;1.3;1.04;0.26;0;0;21.84;0.26
79011;79;Ardilleux;132;120;115;24;38;19;19;4;2;7;0;2;0;0;0;12;1;20.87;33.04;16.52;16.52;3.48;1.74;6.09;0;1.74;0;0;0;9.09;0.87
79012;79;Ardin;961;791;770;158;159;204;103;46;18;62;6;9;4;1;0;170;7;20.52;20.65;26.49;13.38;5.97;2.34;8.05;0.78;1.17;0.52;0.13;0;17.69;0.91
79013;79;Argentonnay;2370;1887;1819;349;247;414;513;113;29;102;10;28;13;1;0;483;19;19.19;13.58;22.76;28.2;6.21;1.59;5.61;0.55;1.54;0.71;0.05;0;20.38;1.04
79014;79;Argenton-l'Eglise;1215;960;932;279;181;183;150;61;12;32;7;19;7;1;0;255;9;29.94;19.42;19.64;16.09;6.55;1.29;3.43;0.75;2.04;0.75;0.11;0;20.99;0.97
79015;79;Asnières-en-Poitou;145;108;102;19;19;31;18;4;1;8;0;0;2;0;0;37;0;18.63;18.63;30.39;17.65;3.92;0.98;7.84;0;0;1.96;0;0;25.52;0
79016;79;Assais-les-Jumeaux;623;532;505;152;63;73;135;39;6;17;3;10;4;3;0;91;8;30.1;12.48;14.46;26.73;7.72;1.19;3.37;0.59;1.98;0.79;0.59;0;14.61;1.58
79018;79;Aubigné;155;120;116;40;15;29;21;3;0;7;1;0;0;0;0;35;1;34.48;12.93;25;18.1;2.59;0;6.03;0.86;0;0;0;0;22.58;0.86
79019;79;Aubigny;133;106;102;27;26;17;20;2;2;6;1;0;1;0;0;27;3;26.47;25.49;16.67;19.61;1.96;1.96;5.88;0.98;0;0.98;0;0;20.3;2.94
79020;79;Augé;663;560;532;114;124;116;86;25;7;43;2;10;3;2;0;103;9;21.43;23.31;21.8;16.17;4.7;1.32;8.08;0.38;1.88;0.56;0.38;0;15.54;1.69
79022;79;Availles-Thouarsais;170;128;121;29;15;32;32;6;1;4;0;0;2;0;0;42;0;23.97;12.4;26.45;26.45;4.96;0.83;3.31;0;0;1.65;0;0;24.71;0
79023;79;Avon;57;43;41;5;2;13;16;1;1;2;0;0;1;0;0;14;1;12.2;4.88;31.71;39.02;2.44;2.44;4.88;0;0;2.44;0;0;24.56;2.44
79024;79;Azay-le-Brûlé;1475;1238;1192;257;215;328;154;84;22;87;14;20;10;1;0;237;11;21.56;18.04;27.52;12.92;7.05;1.85;7.3;1.17;1.68;0.84;0.08;0;16.07;0.92
79025;79;Azay-sur-Thouet;813;674;654;99;109;172;169;34;8;31;11;12;8;1;0;139;6;15.14;16.67;26.3;25.84;5.2;1.22;4.74;1.68;1.83;1.22;0.15;0;17.1;0.92
79027;79;La Bataille;72;52;49;12;9;15;5;5;1;2;0;0;0;0;0;20;2;24.49;18.37;30.61;10.2;10.2;2.04;4.08;0;0;0;0;0;27.78;4.08
79029;79;Beaulieu-sous-Parthenay;482;410;399;73;93;84;83;21;6;23;1;10;4;1;0;72;0;18.3;23.31;21.05;20.8;5.26;1.5;5.76;0.25;2.51;1;0.25;0;14.94;0
79030;79;Beaussais-Vitré;824;673;649;128;170;158;63;26;13;55;8;22;6;0;0;151;7;19.72;26.19;24.35;9.71;4.01;2;8.47;1.23;3.39;0.92;0;0;18.33;1.08
79031;79;Beauvoir-sur-Niort;1243;1014;992;181;244;248;156;46;11;70;10;20;6;0;0;229;5;18.25;24.6;25;15.73;4.64;1.11;7.06;1.01;2.02;0.6;0;0;18.42;0.5
79032;79;Béceleuf;448;363;346;79;79;90;39;12;6;27;3;2;5;4;0;85;6;22.83;22.83;26.01;11.27;3.47;1.73;7.8;0.87;0.58;1.45;1.16;0;18.97;1.73
79033;79;Belleville;99;81;77;22;20;12;12;4;1;3;0;3;0;0;0;18;2;28.57;25.97;15.58;15.58;5.19;1.3;3.9;0;3.9;0;0;0;18.18;2.6
79034;79;Bessines;1374;1155;1126;127;194;404;245;44;10;78;3;15;6;0;0;219;9;11.28;17.23;35.88;21.76;3.91;0.89;6.93;0.27;1.33;0.53;0;0;15.94;0.8
79035;79;Le Beugnon;206;181;175;22;52;37;33;7;1;19;1;3;0;0;0;25;6;12.57;29.71;21.14;18.86;4;0.57;10.86;0.57;1.71;0;0;0;12.14;3.43
79038;79;Boismé;886;730;697;135;104;163;171;38;10;37;8;21;7;3;0;156;17;19.37;14.92;23.39;24.53;5.45;1.43;5.31;1.15;3.01;1;0.43;0;17.61;2.44
79039;79;Boisserolles;46;34;33;9;8;8;7;1;0;0;0;0;0;0;0;12;0;27.27;24.24;24.24;21.21;3.03;0;0;0;0;0;0;0;26.09;0
79040;79;La Boissière-en-Gâtine;176;149;140;21;18;32;53;5;2;6;1;1;1;0;0;27;0;15;12.86;22.86;37.86;3.57;1.43;4.29;0.71;0.71;0.71;0;0;15.34;0
79042;79;Bougon;152;121;116;29;18;34;9;10;2;10;1;2;0;1;0;31;2;25;15.52;29.31;7.76;8.62;1.72;8.62;0.86;1.72;0;0.86;0;20.39;1.72
79043;79;Bouillé-Loretz;733;565;546;159;80;104;124;31;4;25;2;10;6;1;0;168;2;29.12;14.65;19.05;22.71;5.68;0.73;4.58;0.37;1.83;1.1;0.18;0;22.92;0.37
79045;79;Bouin;94;76;73;20;16;10;22;4;0;0;1;0;0;0;0;18;1;27.4;21.92;13.7;30.14;5.48;0;0;1.37;0;0;0;0;19.15;1.37
79046;79;Le Bourdet;418;331;322;74;77;59;45;21;7;25;4;4;6;0;0;87;0;22.98;23.91;18.32;13.98;6.52;2.17;7.76;1.24;1.24;1.86;0;0;20.81;0
79047;79;Boussais;352;287;277;62;46;54;73;18;2;16;1;4;1;0;0;65;4;22.38;16.61;19.49;26.35;6.5;0.72;5.78;0.36;1.44;0.36;0;0;18.47;1.44
79048;79;La Crèche;4649;3709;3584;555;713;1135;515;184;38;328;19;60;31;6;0;940;35;15.49;19.89;31.67;14.37;5.13;1.06;9.15;0.53;1.67;0.86;0.17;0;20.22;0.98
79049;79;Bressuire;13761;11265;10932;1751;1745;3293;2381;638;110;675;86;161;77;15;0;2496;112;16.02;15.96;30.12;21.78;5.84;1.01;6.17;0.79;1.47;0.7;0.14;0;18.14;1.02
79050;79;Bretignolles;470;402;386;72;85;99;59;40;2;13;1;11;2;2;0;68;2;18.65;22.02;25.65;15.28;10.36;0.52;3.37;0.26;2.85;0.52;0.52;0;14.47;0.52
79051;79;Le Breuil-Bernard;387;331;314;47;42;108;63;31;4;11;0;4;3;1;0;56;9;14.97;13.38;34.39;20.06;9.87;1.27;3.5;0;1.27;0.96;0.32;0;14.47;2.87
79054;79;Brie;161;138;135;28;17;26;39;6;3;9;2;3;2;0;0;23;0;20.74;12.59;19.26;28.89;4.44;2.22;6.67;1.48;2.22;1.48;0;0;14.29;0
79055;79;Brieuil-sur-Chizé;47;42;42;7;8;9;7;5;3;2;1;0;0;0;0;5;0;16.67;19.05;21.43;16.67;11.9;7.14;4.76;2.38;0;0;0;0;10.64;0
79056;79;Brion-près-Thouet;533;442;432;106;85;95;85;21;5;24;3;6;2;0;0;91;2;24.54;19.68;21.99;19.68;4.86;1.16;5.56;0.69;1.39;0.46;0;0;17.07;0.46
79057;79;Brioux-sur-Boutonne;1082;865;841;173;153;176;192;38;11;59;3;19;12;5;0;217;8;20.57;18.19;20.93;22.83;4.52;1.31;7.02;0.36;2.26;1.43;0.59;0;20.06;0.95
79058;79;Brûlain;573;448;432;103;84;113;50;34;6;22;3;11;6;0;0;125;16;23.84;19.44;26.16;11.57;7.87;1.39;5.09;0.69;2.55;1.39;0;0;21.82;3.7
79059;79;Le Busseau;548;419;398;118;43;68;95;18;6;29;6;10;5;0;0;129;4;29.65;10.8;17.09;23.87;4.52;1.51;7.29;1.51;2.51;1.26;0;0;23.54;1.01
79060;79;Caunay;128;114;109;19;21;28;18;11;1;9;0;0;1;1;0;14;1;17.43;19.27;25.69;16.51;10.09;0.92;8.26;0;0;0.92;0.92;0;10.94;0.92
79061;79;Celles-sur-Belle;2844;2270;2187;418;528;545;297;111;26;179;12;50;17;4;0;574;29;19.11;24.14;24.92;13.58;5.08;1.19;8.18;0.55;2.29;0.78;0.18;0;20.18;1.33
79062;79;Cerizay;3324;2608;2512;451;435;790;464;130;21;135;16;41;23;6;0;716;30;17.95;17.32;31.45;18.47;5.18;0.84;5.37;0.64;1.63;0.92;0.24;0;21.54;1.19
79063;79;Val en Vignes;1490;1187;1159;336;175;227;250;67;13;55;4;17;10;5;0;303;10;28.99;15.1;19.59;21.57;5.78;1.12;4.75;0.35;1.47;0.86;0.43;0;20.34;0.86
79064;79;Chail;403;343;330;70;79;67;62;23;1;20;1;6;0;1;0;60;6;21.21;23.94;20.3;18.79;6.97;0.3;6.06;0.3;1.82;0;0.3;0;14.89;1.82
79066;79;Champdeniers-Saint-Denis;1202;935;898;176;166;239;155;61;13;48;9;14;13;4;0;267;16;19.6;18.49;26.61;17.26;6.79;1.45;5.35;1;1.56;1.45;0.45;0;22.21;1.78
79068;79;Chantecorps;249;194;186;63;49;18;24;15;5;9;0;2;0;1;0;55;1;33.87;26.34;9.68;12.9;8.06;2.69;4.84;0;1.08;0;0.54;0;22.09;0.54
79069;79;Chanteloup;739;596;564;104;73;167;130;32;12;28;2;12;4;0;0;143;7;18.44;12.94;29.61;23.05;5.67;2.13;4.96;0.35;2.13;0.71;0;0;19.35;1.24
79070;79;La Chapelle-Bâton;272;246;244;36;62;49;45;12;6;21;3;7;2;1;0;26;0;14.75;25.41;20.08;18.44;4.92;2.46;8.61;1.23;2.87;0.82;0.41;0;9.56;0
79071;79;La Chapelle-Bertrand;386;336;327;56;62;78;70;20;11;22;1;2;3;2;0;50;4;17.13;18.96;23.85;21.41;6.12;3.36;6.73;0.31;0.61;0.92;0.61;0;12.95;1.22
79074;79;La Chapelle-Pouilloux;142;113;106;21;28;26;14;4;2;9;0;1;1;0;0;29;3;19.81;26.42;24.53;13.21;3.77;1.89;8.49;0;0.94;0.94;0;0;20.42;2.83
79075;79;La Chapelle-Saint-Etienne;239;193;191;25;38;60;39;6;4;11;1;6;1;0;0;46;0;13.09;19.9;31.41;20.42;3.14;2.09;5.76;0.52;3.14;0.52;0;0;19.25;0
79076;79;La Chapelle-Saint-Laurent;1447;1203;1150;220;135;312;286;78;24;50;1;26;14;4;0;244;13;19.13;11.74;27.13;24.87;6.78;2.09;4.35;0.09;2.26;1.22;0.35;0;16.86;1.13
79077;79;La Chapelle-Thireuil;296;240;218;54;23;51;56;12;5;11;4;2;0;0;0;56;12;24.77;10.55;23.39;25.69;5.5;2.29;5.05;1.83;0.92;0;0;0;18.92;5.5
79078;79;Prissé-la-Charrière;451;362;356;80;87;65;59;15;4;28;1;10;6;1;0;89;0;22.47;24.44;18.26;16.57;4.21;1.12;7.87;0.28;2.81;1.69;0.28;0;19.73;0
79079;79;Mauléon;5737;4993;4820;839;698;1257;1267;346;40;228;28;80;30;7;0;744;43;17.41;14.48;26.08;26.29;7.18;0.83;4.73;0.58;1.66;0.62;0.15;0;12.97;0.89
79080;79;Châtillon-sur-Thouet;2188;1744;1661;276;261;447;397;97;18;88;15;36;22;4;0;444;31;16.62;15.71;26.91;23.9;5.84;1.08;5.3;0.9;2.17;1.32;0.24;0;20.29;1.87
79081;79;Chauray;4984;4242;4118;538;787;1417;702;258;28;286;29;50;19;4;0;742;30;13.06;19.11;34.41;17.05;6.27;0.68;6.95;0.7;1.21;0.46;0.1;0;14.89;0.73
79083;79;Chef-Boutonne;1488;1144;1105;238;208;258;201;52;11;89;7;20;17;4;0;344;15;21.54;18.82;23.35;18.19;4.71;1;8.05;0.63;1.81;1.54;0.36;0;23.12;1.36
79084;79;Chenay;356;280;271;73;41;44;61;17;3;22;0;4;5;1;0;76;5;26.94;15.13;16.24;22.51;6.27;1.11;8.12;0;1.48;1.85;0.37;0;21.35;1.85
79085;79;Chérigné;131;111;108;22;14;27;21;5;2;12;3;0;1;1;0;20;2;20.37;12.96;25;19.44;4.63;1.85;11.11;2.78;0;0.93;0.93;0;15.27;1.85
79086;79;Cherveux;1293;1072;1043;141;216;329;153;66;11;89;9;15;12;2;0;221;11;13.52;20.71;31.54;14.67;6.33;1.05;8.53;0.86;1.44;1.15;0.19;0;17.09;1.05
79087;79;Chey;413;346;331;78;71;50;55;21;5;32;3;12;3;1;0;67;4;23.56;21.45;15.11;16.62;6.34;1.51;9.67;0.91;3.63;0.91;0.3;0;16.22;1.21
79088;79;Chiché;1247;1051;1019;211;112;270;256;58;9;63;10;14;16;0;0;196;7;20.71;10.99;26.5;25.12;5.69;0.88;6.18;0.98;1.37;1.57;0;0;15.72;0.69
79089;79;Le Chillou;149;122;118;34;26;29;16;2;3;5;1;1;1;0;0;27;1;28.81;22.03;24.58;13.56;1.69;2.54;4.24;0.85;0.85;0.85;0;0;18.12;0.85
79090;79;Chizé;607;494;482;74;117;132;77;15;9;47;4;4;3;0;0;113;3;15.35;24.27;27.39;15.98;3.11;1.87;9.75;0.83;0.83;0.62;0;0;18.62;0.62
79091;79;Cirières;687;567;544;96;101;165;103;27;9;25;1;10;6;1;0;120;5;17.65;18.57;30.33;18.93;4.96;1.65;4.6;0.18;1.84;1.1;0.18;0;17.47;0.92
79092;79;Clavé;257;202;194;53;61;32;18;11;3;6;2;5;2;1;0;55;1;27.32;31.44;16.49;9.28;5.67;1.55;3.09;1.03;2.58;1.03;0.52;0;21.4;0.52
79094;79;Clessé;707;587;558;157;60;124;134;39;5;22;0;14;3;0;0;120;8;28.14;10.75;22.22;24.01;6.99;0.9;3.94;0;2.51;0.54;0;0;16.97;1.43
79095;79;Clussais-la-Pommeraie;405;333;322;102;56;49;69;17;10;9;1;2;7;0;0;72;11;31.68;17.39;15.22;21.43;5.28;3.11;2.8;0.31;0.62;2.17;0;0;17.78;3.42
79096;79;Combrand;918;786;741;91;156;210;164;52;7;38;2;16;4;1;0;132;8;12.28;21.05;28.34;22.13;7.02;0.94;5.13;0.27;2.16;0.54;0.13;0;14.38;1.08
79098;79;La Couarde;215;187;183;40;49;36;22;10;4;16;1;2;3;0;0;28;1;21.86;26.78;19.67;12.02;5.46;2.19;8.74;0.55;1.09;1.64;0;0;13.02;0.55
79100;79;Coulon;1767;1509;1470;244;302;439;245;63;18;116;8;17;17;1;0;258;13;16.6;20.54;29.86;16.67;4.29;1.22;7.89;0.54;1.16;1.16;0.07;0;14.6;0.88
79101;79;Coulonges-sur-l'Autize;1636;1302;1254;222;215;333;261;69;27;87;8;20;8;4;0;334;15;17.7;17.15;26.56;20.81;5.5;2.15;6.94;0.64;1.59;0.64;0.32;0;20.42;1.2
79102;79;Coulonges-Thouarsais;301;240;235;74;31;52;38;14;7;9;4;2;4;0;0;61;1;31.49;13.19;22.13;16.17;5.96;2.98;3.83;1.7;0.85;1.7;0;0;20.27;0.43
79103;79;Courlay;1792;1469;1397;269;203;410;279;92;13;79;21;26;4;1;0;323;36;19.26;14.53;29.35;19.97;6.59;0.93;5.65;1.5;1.86;0.29;0.07;0;18.02;2.58
79104;79;Cours;391;330;318;45;64;117;40;11;5;27;1;3;5;0;0;61;1;14.15;20.13;36.79;12.58;3.46;1.57;8.49;0.31;0.94;1.57;0;0;15.6;0.31
79105;79;Coutières;132;113;112;34;20;12;13;7;4;17;0;4;1;0;0;19;0;30.36;17.86;10.71;11.61;6.25;3.57;15.18;0;3.57;0.89;0;0;14.39;0
79106;79;Couture-d'Argenson;276;234;229;60;35;49;63;10;2;5;2;1;1;1;0;42;1;26.2;15.28;21.4;27.51;4.37;0.87;2.18;0.87;0.44;0.44;0.44;0;15.22;0.44
79107;79;Crézières;35;26;26;8;3;6;3;2;0;1;1;1;0;1;0;9;0;30.77;11.54;23.08;11.54;7.69;0;3.85;3.85;3.85;0;3.85;0;25.71;0
79108;79;Doux;165;147;139;15;20;31;43;9;5;6;1;3;5;1;0;18;1;10.79;14.39;22.3;30.94;6.47;3.6;4.32;0.72;2.16;3.6;0.72;0;10.91;0.72
79109;79;Echiré;2769;2351;2279;301;465;793;341;108;24;181;7;30;20;9;0;418;18;13.21;20.4;34.8;14.96;4.74;1.05;7.94;0.31;1.32;0.88;0.39;0;15.1;0.79
79111;79;Ensigné;228;181;172;42;27;32;34;8;8;13;0;3;4;1;0;47;6;24.42;15.7;18.6;19.77;4.65;4.65;7.56;0;1.74;2.33;0.58;0;20.61;3.49
79112;79;Epannes;646;527;514;86;120;142;77;24;3;41;1;10;10;0;0;119;5;16.73;23.35;27.63;14.98;4.67;0.58;7.98;0.19;1.95;1.95;0;0;18.42;0.97
79114;79;Exireuil;1083;912;881;235;140;191;174;55;11;41;6;17;11;0;0;171;7;26.67;15.89;21.68;19.75;6.24;1.25;4.65;0.68;1.93;1.25;0;0;15.79;0.79
79115;79;Exoudun;438;357;342;80;57;73;60;12;5;34;5;11;5;0;0;81;5;23.39;16.67;21.35;17.54;3.51;1.46;9.94;1.46;3.22;1.46;0;0;18.49;1.46
79116;79;Faye-l'Abbesse;712;614;593;120;86;160;138;38;8;29;1;11;2;0;0;98;6;20.24;14.5;26.98;23.27;6.41;1.35;4.89;0.17;1.85;0.34;0;0;13.76;1.01
79117;79;Faye-sur-Ardin;416;360;351;63;69;97;62;21;4;21;1;9;4;0;0;56;1;17.95;19.66;27.64;17.66;5.98;1.14;5.98;0.28;2.56;1.14;0;0;13.46;0.28
79118;79;Fénery;219;181;178;41;38;57;22;10;0;7;0;3;0;0;0;38;1;23.03;21.35;32.02;12.36;5.62;0;3.93;0;1.69;0;0;0;17.35;0.56
79119;79;Fenioux;531;418;411;95;77;78;83;27;5;21;12;8;3;2;0;113;3;23.11;18.73;18.98;20.19;6.57;1.22;5.11;2.92;1.95;0.73;0.49;0;21.28;0.73
79120;79;La Ferrière-en-Parthenay;570;496;482;155;74;94;99;29;3;19;2;5;1;1;0;74;4;32.16;15.35;19.5;20.54;6.02;0.62;3.94;0.41;1.04;0.21;0.21;0;12.98;0.83
79121;79;Fomperron;291;242;232;64;46;38;44;17;6;10;3;2;2;0;0;49;2;27.59;19.83;16.38;18.97;7.33;2.59;4.31;1.29;0.86;0.86;0;0;16.84;0.86
79122;79;Fontenille-Saint-Martin-d'Entraigues;428;339;329;96;67;78;43;19;4;11;0;5;6;0;0;89;4;29.18;20.36;23.71;13.07;5.78;1.22;3.34;0;1.52;1.82;0;0;20.79;1.22
79123;79;La Forêt-sur-Sèvre;1740;1494;1434;277;216;333;382;88;17;64;14;29;13;1;0;246;17;19.32;15.06;23.22;26.64;6.14;1.19;4.46;0.98;2.02;0.91;0.07;0;14.14;1.19
79124;79;Les Forges;93;76;76;24;11;11;12;8;1;6;0;1;2;0;0;17;0;31.58;14.47;14.47;15.79;10.53;1.32;7.89;0;1.32;2.63;0;0;18.28;0
79125;79;Fors;1302;1130;1090;173;238;331;158;57;20;89;5;13;6;0;0;172;8;15.87;21.83;30.37;14.5;5.23;1.83;8.17;0.46;1.19;0.55;0;0;13.21;0.73
79126;79;Les Fosses;324;266;258;60;59;51;43;13;9;11;2;7;3;0;0;58;6;23.26;22.87;19.77;16.67;5.04;3.49;4.26;0.78;2.71;1.16;0;0;17.9;2.33
79127;79;La Foye-Monjault;600;523;508;138;99;108;68;35;7;37;6;3;5;2;0;77;9;27.17;19.49;21.26;13.39;6.89;1.38;7.28;1.18;0.59;0.98;0.39;0;12.83;1.77
79128;79;François;748;641;618;82;137;201;85;32;5;51;6;11;6;2;0;107;5;13.27;22.17;32.52;13.75;5.18;0.81;8.25;0.97;1.78;0.97;0.32;0;14.3;0.81
79129;79;Fressines;1232;1067;1034;125;214;372;132;48;8;105;7;15;7;1;0;165;7;12.09;20.7;35.98;12.77;4.64;0.77;10.15;0.68;1.45;0.68;0.1;0;13.39;0.68
79130;79;Frontenay-Rohan-Rohan;2188;1835;1790;263;388;540;271;78;33;156;9;32;16;4;0;353;12;14.69;21.68;30.17;15.14;4.36;1.84;8.72;0.5;1.79;0.89;0.22;0;16.13;0.67
79131;79;Geay;252;198;192;53;30;41;42;18;1;5;0;1;1;0;0;54;0;27.6;15.63;21.35;21.88;9.38;0.52;2.6;0;0.52;0.52;0;0;21.43;0
79132;79;Genneton;259;198;187;37;27;35;40;10;10;10;5;10;1;2;0;61;9;19.79;14.44;18.72;21.39;5.35;5.35;5.35;2.67;5.35;0.53;1.07;0;23.55;4.81
79133;79;Germond-Rouvre;847;740;720;136;155;218;80;35;15;59;5;9;6;2;0;107;6;18.89;21.53;30.28;11.11;4.86;2.08;8.19;0.69;1.25;0.83;0.28;0;12.63;0.83
79134;79;Glénay;443;376;361;86;58;66;79;27;7;26;5;3;3;1;0;67;3;23.82;16.07;18.28;21.88;7.48;1.94;7.2;1.39;0.83;0.83;0.28;0;15.12;0.83
79135;79;Gourgé;727;596;574;113;107;131;132;36;5;33;1;9;7;0;0;131;12;19.69;18.64;22.82;23;6.27;0.87;5.75;0.17;1.57;1.22;0;0;18.02;2.09
79136;79;Alloinay;654;528;513;128;79;104;125;25;7;25;2;12;6;0;0;126;9;24.95;15.4;20.27;24.37;4.87;1.36;4.87;0.39;2.34;1.17;0;0;19.27;1.75
79137;79;Granzay-Gript;688;592;574;91;143;153;78;46;12;32;6;7;5;1;0;96;2;15.85;24.91;26.66;13.59;8.01;2.09;5.57;1.05;1.22;0.87;0.17;0;13.95;0.35
79139;79;Les Groseillers;49;42;42;5;6;15;9;4;0;1;1;1;0;0;0;7;0;11.9;14.29;35.71;21.43;9.52;0;2.38;2.38;2.38;0;0;0;14.29;0
79140;79;Hanc;160;121;118;27;17;23;27;5;2;12;0;3;2;0;0;39;1;22.88;14.41;19.49;22.88;4.24;1.69;10.17;0;2.54;1.69;0;0;24.38;0.85
79141;79;Irais;175;138;134;36;21;24;35;5;2;5;0;4;1;1;0;37;2;26.87;15.67;17.91;26.12;3.73;1.49;3.73;0;2.99;0.75;0.75;0;21.14;1.49
79142;79;Juillé;77;61;60;11;3;18;11;10;3;2;0;1;1;0;0;16;1;18.33;5;30;18.33;16.67;5;3.33;0;1.67;1.67;0;0;20.78;1.67
79144;79;Juscorps;285;235;220;46;47;40;47;18;5;9;2;4;2;0;0;50;5;20.91;21.36;18.18;21.36;8.18;2.27;4.09;0.91;1.82;0.91;0;0;17.54;2.27
79145;79;Lageon;277;227;215;59;52;41;26;12;3;15;2;5;0;0;0;50;4;27.44;24.19;19.07;12.09;5.58;1.4;6.98;0.93;2.33;0;0;0;18.05;1.86
79147;79;Largeasse;557;442;433;81;48;105;123;33;3;26;2;4;7;1;0;115;3;18.71;11.09;24.25;28.41;7.62;0.69;6;0.46;0.92;1.62;0.23;0;20.65;0.69
79148;79;Lezay;1512;1150;1095;215;195;275;215;45;19;81;7;21;22;0;0;362;28;19.63;17.81;25.11;19.63;4.11;1.74;7.4;0.64;1.92;2.01;0;0;23.94;2.56
79149;79;Lhoumois;101;87;82;21;10;14;23;6;4;2;0;0;2;0;0;14;2;25.61;12.2;17.07;28.05;7.32;4.88;2.44;0;0;2.44;0;0;13.86;2.44
79150;79;Limalonges;551;443;431;99;100;106;61;15;4;27;7;6;6;0;0;108;4;22.97;23.2;24.59;14.15;3.48;0.93;6.26;1.62;1.39;1.39;0;0;19.6;0.93
79152;79;Lorigné;183;166;157;32;26;30;38;6;3;14;2;5;1;0;0;17;6;20.38;16.56;19.11;24.2;3.82;1.91;8.92;1.27;3.18;0.64;0;0;9.29;3.82
79153;79;Loubigné;129;109;105;33;14;12;17;9;0;15;1;2;2;0;0;20;4;31.43;13.33;11.43;16.19;8.57;0;14.29;0.95;1.9;1.9;0;0;15.5;3.81
79154;79;Loubillé;260;190;184;55;33;38;28;10;2;14;0;1;3;0;0;70;1;29.89;17.93;20.65;15.22;5.43;1.09;7.61;0;0.54;1.63;0;0;26.92;0.54
79156;79;Louin;547;458;447;104;71;95;92;23;8;26;1;20;7;0;0;89;4;23.27;15.88;21.25;20.58;5.15;1.79;5.82;0.22;4.47;1.57;0;0;16.27;0.89
79157;79;Louzy;975;831;807;209;144;166;153;56;4;47;2;12;9;5;0;144;9;25.9;17.84;20.57;18.96;6.94;0.5;5.82;0.25;1.49;1.12;0.62;0;14.77;1.12
79158;79;Luché-sur-Brioux;107;86;84;21;20;13;11;9;1;5;0;2;2;0;0;21;0;25;23.81;15.48;13.1;10.71;1.19;5.95;0;2.38;2.38;0;0;19.63;0
79159;79;Luché-Thouarsais;346;278;273;83;37;65;49;12;3;17;2;3;2;0;0;68;1;30.4;13.55;23.81;17.95;4.4;1.1;6.23;0.73;1.1;0.73;0;0;19.65;0.37
79160;79;Lusseray;147;121;118;23;30;14;19;7;6;14;2;2;1;0;0;26;1;19.49;25.42;11.86;16.1;5.93;5.08;11.86;1.69;1.69;0.85;0;0;17.69;0.85
79161;79;Luzay;495;400;389;84;87;103;55;22;2;19;0;10;7;0;0;95;3;21.59;22.37;26.48;14.14;5.66;0.51;4.88;0;2.57;1.8;0;0;19.19;0.77
79162;79;Magné;2312;1950;1905;265;358;647;357;70;19;144;12;22;10;1;0;362;18;13.91;18.79;33.96;18.74;3.67;1;7.56;0.63;1.15;0.52;0.05;0;15.66;0.94
79163;79;Mairé-Levescault;406;317;306;55;89;61;47;17;6;23;2;5;1;0;0;89;4;17.97;29.08;19.93;15.36;5.56;1.96;7.52;0.65;1.63;0.33;0;0;21.92;1.31
79164;79;Maisonnais;191;164;159;41;30;37;29;12;1;6;0;2;1;0;0;27;2;25.79;18.87;23.27;18.24;7.55;0.63;3.77;0;1.26;0.63;0;0;14.14;1.26
79165;79;Maisontiers;122;103;100;14;12;23;42;2;1;2;2;1;1;0;0;19;1;14;12;23;42;2;1;2;2;1;1;0;0;15.57;1
79166;79;Marigny;652;550;535;114;122;150;70;24;8;33;3;8;3;0;0;102;3;21.31;22.8;28.04;13.08;4.49;1.5;6.17;0.56;1.5;0.56;0;0;15.64;0.56
79167;79;Marnes;209;176;171;71;33;26;22;3;4;8;0;3;1;0;0;33;1;41.52;19.3;15.2;12.87;1.75;2.34;4.68;0;1.75;0.58;0;0;15.79;0.58
79170;79;Mauzé-sur-le-Mignon;2034;1669;1633;314;388;419;267;67;25;107;10;21;12;3;0;365;7;19.23;23.76;25.66;16.35;4.1;1.53;6.55;0.61;1.29;0.73;0.18;0;17.94;0.43
79171;79;Mauzé-Thouarsais;1768;1385;1338;334;268;281;232;97;22;47;5;38;9;5;0;383;12;24.96;20.03;21;17.34;7.25;1.64;3.51;0.37;2.84;0.67;0.37;0;21.66;0.9
79172;79;Mazières-en-Gâtine;782;636;624;104;117;155;142;41;5;33;11;13;3;0;0;146;4;16.67;18.75;24.84;22.76;6.57;0.8;5.29;1.76;2.08;0.48;0;0;18.67;0.64
79173;79;Mazières-sur-Béronne;304;258;247;44;52;60;32;19;8;21;1;3;7;0;0;46;6;17.81;21.05;24.29;12.96;7.69;3.24;8.5;0.4;1.21;2.83;0;0;15.13;2.43
79174;79;Melle;2480;1843;1789;281;462;497;241;64;21;159;9;36;16;3;0;637;21;15.71;25.82;27.78;13.47;3.58;1.17;8.89;0.5;2.01;0.89;0.17;0;25.69;1.17
79175;79;Melleran;367;299;294;84;54;40;59;17;6;22;4;6;1;1;0;68;1;28.57;18.37;13.61;20.07;5.78;2.04;7.48;1.36;2.04;0.34;0.34;0;18.53;0.34
79176;79;Ménigoute;629;517;493;114;81;123;90;32;4;29;5;7;4;4;0;112;6;23.12;16.43;24.95;18.26;6.49;0.81;5.88;1.01;1.42;0.81;0.81;0;17.81;1.22
79177;79;Messé;135;104;101;25;21;13;18;7;2;5;2;6;1;1;0;31;0;24.75;20.79;12.87;17.82;6.93;1.98;4.95;1.98;5.94;0.99;0.99;0;22.96;0
79178;79;Missé;727;627;610;117;116;151;132;42;3;30;5;6;6;2;0;100;4;19.18;19.02;24.75;21.64;6.89;0.49;4.92;0.82;0.98;0.98;0.33;0;13.76;0.66
79179;79;Moncoutant;2341;1922;1861;261;253;522;522;94;23;113;9;39;21;4;0;419;22;14.02;13.59;28.05;28.05;5.05;1.24;6.07;0.48;2.1;1.13;0.21;0;17.9;1.18
79180;79;Montalembert;229;188;183;46;46;34;29;13;6;5;2;2;0;0;0;41;2;25.14;25.14;18.58;15.85;7.1;3.28;2.73;1.09;1.09;0;0;0;17.9;1.09
79183;79;Montravers;237;204;199;15;40;72;30;17;1;22;0;2;0;0;0;33;3;7.54;20.1;36.18;15.08;8.54;0.5;11.06;0;1.01;0;0;0;13.92;1.51
79184;79;La Mothe-Saint-Héray;1174;963;937;192;188;221;145;69;8;85;3;15;9;2;0;211;12;20.49;20.06;23.59;15.47;7.36;0.85;9.07;0.32;1.6;0.96;0.21;0;17.97;1.28
79185;79;Mougon-Thorigné;2538;2090;2025;307;519;607;209;97;27;179;17;32;23;8;0;448;20;15.16;25.63;29.98;10.32;4.79;1.33;8.84;0.84;1.58;1.14;0.4;0;17.65;0.99
79188;79;Moutiers-sous-Chantemerle;445;383;376;67;42;96;105;39;5;11;2;7;2;0;0;62;2;17.82;11.17;25.53;27.93;10.37;1.33;2.93;0.53;1.86;0.53;0;0;13.93;0.53
79189;79;Nanteuil;1199;1057;1030;258;194;250;176;58;15;47;6;21;5;0;0;142;16;25.05;18.83;24.27;17.09;5.63;1.46;4.56;0.58;2.04;0.49;0;0;11.84;1.55
79190;79;Neuvy-Bouin;350;282;273;60;40;67;70;15;6;9;0;3;3;0;0;68;4;21.98;14.65;24.54;25.64;5.49;2.2;3.3;0;1.1;1.1;0;0;19.43;1.47
79191;79;Niort;39962;30557;29913;3155;7033;9559;4935;1071;246;3076;231;378;190;39;0;9405;194;10.55;23.51;31.96;16.5;3.58;0.82;10.28;0.77;1.26;0.64;0.13;0;23.53;0.65
79195;79;Nueil-les-Aubiers;3876;3167;3066;660;469;711;782;193;26;123;23;44;33;2;0;709;29;21.53;15.3;23.19;25.51;6.29;0.85;4.01;0.75;1.44;1.08;0.07;0;18.29;0.95
79196;79;Oiron;605;498;484;135;87;93;105;27;4;16;1;10;5;1;0;107;1;27.89;17.98;19.21;21.69;5.58;0.83;3.31;0.21;2.07;1.03;0.21;0;17.69;0.21
79197;79;Oroux;84;71;71;26;7;14;21;2;0;1;0;0;0;0;0;13;0;36.62;9.86;19.72;29.58;2.82;0;1.41;0;0;0;0;0;15.48;0
79198;79;Paizay-le-Chapt;176;143;135;46;21;30;17;2;3;8;3;1;3;1;0;33;1;34.07;15.56;22.22;12.59;1.48;2.22;5.93;2.22;0.74;2.22;0.74;0;18.75;0.74
79199;79;Paizay-le-Tort;365;285;279;55;59;79;32;14;4;23;2;9;1;1;0;80;1;19.71;21.15;28.32;11.47;5.02;1.43;8.24;0.72;3.23;0.36;0.36;0;21.92;0.36
79200;79;Pamplie;188;159;156;31;26;39;36;6;1;12;0;2;3;0;0;29;0;19.87;16.67;25;23.08;3.85;0.64;7.69;0;1.28;1.92;0;0;15.43;0
79201;79;Pamproux;1278;1016;986;227;183;248;152;49;12;75;7;20;10;3;0;262;10;23.02;18.56;25.15;15.42;4.97;1.22;7.61;0.71;2.03;1.01;0.3;0;20.5;1.01
79202;79;Parthenay;7256;5586;5415;850;1130;1540;1047;210;51;392;42;75;69;9;0;1670;58;15.7;20.87;28.44;19.34;3.88;0.94;7.24;0.78;1.39;1.27;0.17;0;23.02;1.07
79203;79;Pas-de-Jeu;308;235;232;97;38;29;33;7;5;9;2;7;4;1;0;73;1;41.81;16.38;12.5;14.22;3.02;2.16;3.88;0.86;3.02;1.72;0.43;0;23.7;0.43
79204;79;Périgné;812;656;635;106;140;133;127;39;10;54;4;14;4;4;0;156;6;16.69;22.05;20.94;20;6.14;1.57;8.5;0.63;2.2;0.63;0.63;0;19.21;0.94
79205;79;Pers;39;28;26;4;1;2;12;4;0;3;0;0;0;0;0;11;0;15.38;3.85;7.69;46.15;15.38;0;11.54;0;0;0;0;0;28.21;0
79207;79;La Petite-Boissière;516;459;445;77;58;120;120;30;8;20;3;8;1;0;0;57;6;17.3;13.03;26.97;26.97;6.74;1.8;4.49;0.67;1.8;0.22;0;0;11.05;1.35
79208;79;La Peyratte;814;687;661;146;99;148;162;49;4;28;5;9;9;2;0;127;8;22.09;14.98;22.39;24.51;7.41;0.61;4.24;0.76;1.36;1.36;0.3;0;15.6;1.21
79209;79;Pierrefitte;222;190;180;46;33;27;41;15;1;4;4;7;2;0;0;32;1;25.56;18.33;15;22.78;8.33;0.56;2.22;2.22;3.89;1.11;0;0;14.41;0.56
79210;79;Le Pin;756;637;615;109;111;164;157;24;5;24;5;9;5;2;0;119;6;17.72;18.05;26.67;25.53;3.9;0.81;3.9;0.81;1.46;0.81;0.33;0;15.74;0.98
79211;79;Pioussay;213;168;155;33;30;26;37;7;4;9;0;6;3;0;0;45;7;21.29;19.35;16.77;23.87;4.52;2.58;5.81;0;3.87;1.94;0;0;21.13;4.52
79212;79;Plibou;149;116;112;29;10;25;29;6;0;6;4;1;2;0;0;33;1;25.89;8.93;22.32;25.89;5.36;0;5.36;3.57;0.89;1.79;0;0;22.15;0.89
79213;79;Pompaire;1698;1440;1398;206;246;458;268;87;22;69;10;15;14;3;0;258;10;14.74;17.6;32.76;19.17;6.22;1.57;4.94;0.72;1.07;1;0.21;0;15.19;0.72
79214;79;Pouffonds;282;246;235;40;62;34;39;10;6;26;2;5;9;2;0;36;5;17.02;26.38;14.47;16.6;4.26;2.55;11.06;0.85;2.13;3.83;0.85;0;12.77;2.13
79215;79;Pougne-Hérisson;273;225;217;60;35;46;35;18;4;11;1;4;2;1;0;48;5;27.65;16.13;21.2;16.13;8.29;1.84;5.07;0.46;1.84;0.92;0.46;0;17.58;2.3
79216;79;Prahecq;1617;1344;1307;195;271;398;209;76;20;94;3;27;13;1;0;273;19;14.92;20.73;30.45;15.99;5.81;1.53;7.19;0.23;2.07;0.99;0.08;0;16.88;1.45
79217;79;Prailles;506;429;415;54;118;97;49;18;7;55;5;10;2;0;0;77;5;13.01;28.43;23.37;11.81;4.34;1.69;13.25;1.2;2.41;0.48;0;0;15.22;1.2
79218;79;Pressigny;154;121;119;29;15;25;23;10;3;9;0;4;1;0;0;33;0;24.37;12.61;21.01;19.33;8.4;2.52;7.56;0;3.36;0.84;0;0;21.43;0
79219;79;Priaires;98;80;78;16;10;15;20;5;3;3;1;5;0;0;0;18;0;20.51;12.82;19.23;25.64;6.41;3.85;3.85;1.28;6.41;0;0;0;18.37;0
79220;79;Prin-Deyrançon;431;350;337;61;79;86;43;27;4;23;2;3;7;2;0;81;3;18.1;23.44;25.52;12.76;8.01;1.19;6.82;0.59;0.89;2.08;0.59;0;18.79;0.89
79222;79;Pugny;169;140;136;20;25;44;26;10;0;7;1;2;1;0;0;29;4;14.71;18.38;32.35;19.12;7.35;0;5.15;0.74;1.47;0.74;0;0;17.16;2.94
79223;79;Puihardy;33;28;28;1;13;2;2;3;2;3;0;2;0;0;0;5;0;3.57;46.43;7.14;7.14;10.71;7.14;10.71;0;7.14;0;0;0;15.15;0
79225;79;Reffannes;257;223;211;67;44;29;35;12;4;13;0;5;2;0;0;34;2;31.75;20.85;13.74;16.59;5.69;1.9;6.16;0;2.37;0.95;0;0;13.23;0.95
79226;79;Le Retail;204;171;166;30;37;33;36;12;2;7;1;7;1;0;0;33;1;18.07;22.29;19.88;21.69;7.23;1.2;4.22;0.6;4.22;0.6;0;0;16.18;0.6
79229;79;La Rochénard;343;277;270;48;63;75;39;11;0;22;3;5;3;1;0;66;3;17.78;23.33;27.78;14.44;4.07;0;8.15;1.11;1.85;1.11;0.37;0;19.24;1.11
79230;79;Rom;591;498;472;114;69;81;110;26;15;27;4;18;7;1;0;93;12;24.15;14.62;17.16;23.31;5.51;3.18;5.72;0.85;3.81;1.48;0.21;0;15.74;2.54
79231;79;Romans;509;443;430;101;89;92;66;31;7;32;1;8;2;1;0;66;3;23.49;20.7;21.4;15.35;7.21;1.63;7.44;0.23;1.86;0.47;0.23;0;12.97;0.7
79235;79;Saint-Amand-sur-Sèvre;1004;865;834;158;92;188;285;56;8;14;9;15;7;2;0;139;5;18.94;11.03;22.54;34.17;6.71;0.96;1.68;1.08;1.8;0.84;0.24;0;13.84;0.6
79236;79;Saint-André-sur-Sèvre;489;415;398;76;63;101;81;23;10;28;4;7;5;0;0;74;4;19.1;15.83;25.38;20.35;5.78;2.51;7.04;1.01;1.76;1.26;0;0;15.13;1.01
79238;79;Saint-Aubin-du-Plain;426;386;367;63;53;65;98;49;6;25;4;2;2;0;0;40;2;17.17;14.44;17.71;26.7;13.35;1.63;6.81;1.09;0.54;0.54;0;0;9.39;0.54
79239;79;Saint-Aubin-le-Cloud;1397;1130;1073;206;206;285;200;60;16;69;4;13;11;3;0;267;14;19.2;19.2;26.56;18.64;5.59;1.49;6.43;0.37;1.21;1.03;0.28;0;19.11;1.3
79240;79;Sainte-Blandine;522;433;417;98;112;83;51;18;6;39;3;4;2;1;0;89;2;23.5;26.86;19.9;12.23;4.32;1.44;9.35;0.72;0.96;0.48;0.24;0;17.05;0.48
79241;79;Saint-Christophe-sur-Roc;435;364;352;61;73;86;63;17;6;38;1;3;3;1;0;71;5;17.33;20.74;24.43;17.9;4.83;1.7;10.8;0.28;0.85;0.85;0.28;0;16.32;1.42
79242;79;Voulmentin;791;659;635;130;93;157;143;42;10;35;5;16;4;0;0;132;7;20.47;14.65;24.72;22.52;6.61;1.57;5.51;0.79;2.52;0.63;0;0;16.69;1.1
79243;79;Saint-Coutant;187;148;144;33;26;30;26;5;6;12;3;0;2;1;0;39;0;22.92;18.06;20.83;18.06;3.47;4.17;8.33;2.08;0;1.39;0.69;0;20.86;0
79244;79;Saint-Cyr-la-Lande;293;218;210;67;34;41;39;13;2;12;1;1;0;0;0;75;2;31.9;16.19;19.52;18.57;6.19;0.95;5.71;0.48;0.48;0;0;0;25.6;0.95
79246;79;Sainte-Eanne;463;398;383;121;86;81;53;15;3;11;2;8;2;1;0;65;5;31.59;22.45;21.15;13.84;3.92;0.78;2.87;0.52;2.09;0.52;0.26;0;14.04;1.31
79247;79;Saint-Etienne-la-Cigogne;106;95;90;15;25;17;16;4;2;5;1;4;1;0;0;11;0;16.67;27.78;18.89;17.78;4.44;2.22;5.56;1.11;4.44;1.11;0;0;10.38;0
79249;79;Saint-Gelais;1661;1412;1374;174;282;437;228;68;6;149;3;15;9;3;0;249;14;12.66;20.52;31.8;16.59;4.95;0.44;10.84;0.22;1.09;0.66;0.22;0;14.99;1.02
79250;79;Sainte-Gemme;282;232;228;61;44;39;45;14;4;16;1;3;1;0;0;50;0;26.75;19.3;17.11;19.74;6.14;1.75;7.02;0.44;1.32;0.44;0;0;17.73;0
79251;79;Saint-Génard;304;274;265;33;49;55;67;19;7;17;1;12;3;2;0;30;1;12.45;18.49;20.75;25.28;7.17;2.64;6.42;0.38;4.53;1.13;0.75;0;9.87;0.38
79252;79;Saint-Généroux;283;217;210;35;46;53;46;16;2;4;2;2;4;0;0;66;1;16.67;21.9;25.24;21.9;7.62;0.95;1.9;0.95;0.95;1.9;0;0;23.32;0.48
79253;79;Saint-Georges-de-Noisné;541;451;434;95;95;73;101;19;11;28;6;4;2;0;0;90;5;21.89;21.89;16.82;23.27;4.38;2.53;6.45;1.38;0.92;0.46;0;0;16.64;1.15
79254;79;Saint-Georges-de-Rex;340;281;272;54;68;64;37;15;4;25;3;1;0;1;0;59;1;19.85;25;23.53;13.6;5.51;1.47;9.19;1.1;0.37;0;0.37;0;17.35;0.37
79255;79;Saint-Germain-de-Longue-Chaume;277;220;212;56;29;47;50;11;2;11;0;4;2;0;0;57;2;26.42;13.68;22.17;23.58;5.19;0.94;5.19;0;1.89;0.94;0;0;20.58;0.94
79256;79;Saint-Germier;154;136;136;38;24;33;20;7;5;7;0;1;1;0;0;18;0;27.94;17.65;24.26;14.71;5.15;3.68;5.15;0;0.74;0.74;0;0;11.69;0
79257;79;Saint-Hilaire-la-Palud;1271;1006;982;260;206;200;140;76;15;53;7;16;6;3;0;265;8;26.48;20.98;20.37;14.26;7.74;1.53;5.4;0.71;1.63;0.61;0.31;0;20.85;0.81
79258;79;Saint-Jacques-de-Thouars;357;295;281;59;53;60;66;16;2;20;2;3;0;0;0;62;8;21;18.86;21.35;23.49;5.69;0.71;7.12;0.71;1.07;0;0;0;17.37;2.85
79259;79;Saint-Jean-de-Thouars;1067;901;874;167;141;270;171;39;15;54;2;9;3;3;0;166;9;19.11;16.13;30.89;19.57;4.46;1.72;6.18;0.23;1.03;0.34;0.34;0;15.56;1.03
79260;79;Saint-Jouin-de-Marnes;441;361;352;105;46;73;65;23;4;21;6;5;3;1;0;80;1;29.83;13.07;20.74;18.47;6.53;1.14;5.97;1.7;1.42;0.85;0.28;0;18.14;0.28
79261;79;Saint-Jouin-de-Milly;141;118;114;27;12;40;19;2;1;12;0;0;1;0;0;23;1;23.68;10.53;35.09;16.67;1.75;0.88;10.53;0;0;0.88;0;0;16.31;0.88
79263;79;Saint-Laurs;417;347;335;87;65;68;57;19;6;19;3;4;6;1;0;70;0;25.97;19.4;20.3;17.01;5.67;1.79;5.67;0.9;1.19;1.79;0.3;0;16.79;0
79264;79;Saint-Léger-de-la-Martinière;789;663;638;93;147;166;118;31;10;48;6;12;7;0;0;126;9;14.58;23.04;26.02;18.5;4.86;1.57;7.52;0.94;1.88;1.1;0;0;15.97;1.41
79265;79;Saint-Léger-de-Montbrun;991;837;817;222;132;234;119;48;6;27;3;9;15;2;0;154;5;27.17;16.16;28.64;14.57;5.88;0.73;3.3;0.37;1.1;1.84;0.24;0;15.54;0.61
79267;79;Saint-Lin;247;202;197;49;35;35;43;16;0;12;1;4;1;1;0;45;1;24.87;17.77;17.77;21.83;8.12;0;6.09;0.51;2.03;0.51;0.51;0;18.22;0.51
79268;79;Saint-Loup-Lamairé;743;612;592;138;112;130;100;39;11;40;1;16;5;0;0;131;7;23.31;18.92;21.96;16.89;6.59;1.86;6.76;0.17;2.7;0.84;0;0;17.63;1.18
79269;79;Saint-Maixent-de-Beugné;334;273;269;63;27;61;62;23;3;17;3;5;2;3;0;61;3;23.42;10.04;22.68;23.05;8.55;1.12;6.32;1.12;1.86;0.74;1.12;0;18.26;1.12
79270;79;Saint-Maixent-l'Ecole;3945;3033;2940;685;510;683;612;157;31;182;21;33;20;6;0;912;31;23.3;17.35;23.23;20.82;5.34;1.05;6.19;0.71;1.12;0.68;0.2;0;23.12;1.05
79271;79;Saint-Marc-la-Lande;210;162;156;26;34;37;31;7;0;10;3;3;4;1;0;48;2;16.67;21.79;23.72;19.87;4.49;0;6.41;1.92;1.92;2.56;0.64;0;22.86;1.28
79273;79;Saint-Martin-de-Bernegoue;649;535;522;97;142;128;52;25;7;39;10;14;7;1;0;114;5;18.58;27.2;24.52;9.96;4.79;1.34;7.47;1.92;2.68;1.34;0.19;0;17.57;0.96
79274;79;Saint-Martin-de-Mâcon;264;206;204;73;27;32;49;9;0;7;1;2;4;0;0;58;0;35.78;13.24;15.69;24.02;4.41;0;3.43;0.49;0.98;1.96;0;0;21.97;0
79276;79;Saint-Martin-de-Saint-Maixent;784;646;623;151;138;129;115;33;5;36;1;7;8;0;0;138;4;24.24;22.15;20.71;18.46;5.3;0.8;5.78;0.16;1.12;1.28;0;0;17.6;0.64
79277;79;Saint-Martin-de-Sanzay;718;598;568;191;75;104;101;38;4;35;1;12;5;2;0;120;7;33.63;13.2;18.31;17.78;6.69;0.7;6.16;0.18;2.11;0.88;0.35;0;16.71;1.23
79278;79;Saint-Martin-du-Fouilloux;181;141;135;31;27;22;29;7;2;10;4;3;0;0;0;40;4;22.96;20;16.3;21.48;5.19;1.48;7.41;2.96;2.22;0;0;0;22.1;2.96
79279;79;Saint-Martin-lès-Melle;594;522;506;82;77;153;100;29;4;41;1;12;5;2;0;72;4;16.21;15.22;30.24;19.76;5.73;0.79;8.1;0.2;2.37;0.99;0.4;0;12.12;0.79
79280;79;Saint-Maurice Etusson;613;516;508;95;59;92;182;40;8;14;5;6;4;3;0;97;3;18.7;11.61;18.11;35.83;7.87;1.57;2.76;0.98;1.18;0.79;0.59;0;15.82;0.59
79281;79;Saint-Maxire;1060;927;906;134;179;262;144;50;8;100;1;21;6;1;0;133;2;14.79;19.76;28.92;15.89;5.52;0.88;11.04;0.11;2.32;0.66;0.11;0;12.55;0.22
79282;79;Saint-Médard;98;79;74;16;13;16;13;7;1;1;2;3;2;0;0;19;1;21.62;17.57;21.62;17.57;9.46;1.35;1.35;2.7;4.05;2.7;0;0;19.39;1.35
79283;79;Sainte-Néomaye;974;793;777;143;160;252;85;54;4;51;4;14;9;1;0;181;3;18.4;20.59;32.43;10.94;6.95;0.51;6.56;0.51;1.8;1.16;0.13;0;18.58;0.39
79284;79;Sainte-Ouenne;567;479;462;82;92;145;67;32;10;15;2;11;4;2;0;88;4;17.75;19.91;31.39;14.5;6.93;2.16;3.25;0.43;2.38;0.87;0.43;0;15.52;0.87
79285;79;Saint-Pardoux;1153;947;907;165;183;217;185;52;13;59;6;14;8;5;0;206;10;18.19;20.18;23.93;20.4;5.73;1.43;6.5;0.66;1.54;0.88;0.55;0;17.87;1.1
79286;79;Saint-Paul-en-Gâtine;341;273;264;54;24;60;87;12;5;14;2;4;2;0;0;68;0;20.45;9.09;22.73;32.95;4.55;1.89;5.3;0.76;1.52;0.76;0;0;19.94;0
79289;79;Saint-Pierre-des-Echaubrognes;958;835;804;142;100;201;241;43;13;40;4;14;5;1;0;123;5;17.66;12.44;25;29.98;5.35;1.62;4.98;0.5;1.74;0.62;0.12;0;12.84;0.62
79290;79;Saint-Pompain;734;614;588;113;116;165;104;26;6;46;3;4;4;1;0;120;4;19.22;19.73;28.06;17.69;4.42;1.02;7.82;0.51;0.68;0.68;0.17;0;16.35;0.68
79292;79;Sainte-Radegonde;1431;1203;1174;240;247;308;214;56;15;58;5;15;14;2;0;228;8;20.44;21.04;26.24;18.23;4.77;1.28;4.94;0.43;1.28;1.19;0.17;0;15.93;0.68
79293;79;Saint-Rémy;774;668;652;114;116;211;89;34;10;56;7;8;5;2;0;106;8;17.48;17.79;32.36;13.65;5.21;1.53;8.59;1.07;1.23;0.77;0.31;0;13.7;1.23
79294;79;Saint-Romans-des-Champs;139;120;112;19;32;28;17;12;1;2;1;0;0;0;0;19;3;16.96;28.57;25;15.18;10.71;0.89;1.79;0.89;0;0;0;0;13.67;2.68
79295;79;Saint-Romans-lès-Melle;544;466;450;119;95;100;56;26;3;32;3;9;7;0;0;78;5;26.44;21.11;22.22;12.44;5.78;0.67;7.11;0.67;2;1.56;0;0;14.34;1.11
79297;79;Sainte-Soline;290;229;218;45;23;55;54;11;6;15;3;3;2;1;0;61;1;20.64;10.55;25.23;24.77;5.05;2.75;6.88;1.38;1.38;0.92;0.46;0;21.03;0.46
79298;79;Saint-Symphorien;1497;1275;1240;216;211;407;215;68;14;79;6;12;11;1;0;222;11;17.42;17.02;32.82;17.34;5.48;1.13;6.37;0.48;0.97;0.89;0.08;0;14.83;0.89
79299;79;Saint-Varent;1778;1440;1382;350;257;268;278;82;22;73;9;28;12;3;0;338;23;25.33;18.6;19.39;20.12;5.93;1.59;5.28;0.65;2.03;0.87;0.22;0;19.01;1.66
79300;79;Sainte-Verge;1112;947;925;201;209;209;165;62;10;48;1;13;7;0;0;165;8;21.73;22.59;22.59;17.84;6.7;1.08;5.19;0.11;1.41;0.76;0;0;14.84;0.86
79301;79;Saint-Vincent-la-Châtre;481;418;401;74;106;82;54;15;0;43;9;12;5;1;0;63;9;18.45;26.43;20.45;13.47;3.74;0;10.72;2.24;2.99;1.25;0.25;0;13.1;2.24
79302;79;Saivres;1053;917;894;183;186;230;129;58;14;60;8;19;7;0;0;136;2;20.47;20.81;25.73;14.43;6.49;1.57;6.71;0.89;2.13;0.78;0;0;12.92;0.22
79303;79;Salles;253;211;202;58;36;28;30;18;4;18;2;5;2;1;0;42;5;28.71;17.82;13.86;14.85;8.91;1.98;8.91;0.99;2.48;0.99;0.5;0;16.6;2.48
79304;79;Sansais;539;476;465;56;120;136;80;19;8;37;2;5;0;2;0;63;6;12.04;25.81;29.25;17.2;4.09;1.72;7.96;0.43;1.08;0;0.43;0;11.69;1.29
79306;79;Saurais;142;125;124;28;22;21;33;12;3;3;0;1;1;0;0;17;0;22.58;17.74;16.94;26.61;9.68;2.42;2.42;0;0.81;0.81;0;0;11.97;0
79307;79;Sauzé-Vaussais;1161;899;867;207;174;201;153;40;6;51;11;13;5;6;0;262;10;23.88;20.07;23.18;17.65;4.61;0.69;5.88;1.27;1.5;0.58;0.69;0;22.57;1.15
79308;79;Sciecq;452;384;377;41;48;150;67;13;7;39;0;8;4;0;0;68;1;10.88;12.73;39.79;17.77;3.45;1.86;10.34;0;2.12;1.06;0;0;15.04;0.27
79309;79;Scillé;285;231;226;59;21;61;45;15;3;16;0;5;0;1;0;54;2;26.11;9.29;26.99;19.91;6.64;1.33;7.08;0;2.21;0;0.44;0;18.95;0.88
79310;79;Secondigné-sur-Belle;396;320;311;64;72;71;37;20;4;33;4;4;2;0;0;76;3;20.58;23.15;22.83;11.9;6.43;1.29;10.61;1.29;1.29;0.64;0;0;19.19;0.96
79311;79;Secondigny;1329;1094;1039;206;138;279;285;61;15;25;6;11;10;3;0;235;18;19.83;13.28;26.85;27.43;5.87;1.44;2.41;0.58;1.06;0.96;0.29;0;17.68;1.73
79312;79;Séligné;86;66;62;18;10;18;4;5;1;3;0;2;1;0;0;20;0;29.03;16.13;29.03;6.45;8.06;1.61;4.84;0;3.23;1.61;0;0;23.26;0
79313;79;Sepvret;470;385;371;72;97;88;45;16;9;35;4;2;3;0;0;85;3;19.41;26.15;23.72;12.13;4.31;2.43;9.43;1.08;0.54;0.81;0;0;18.09;0.81
79314;79;Sompt;207;172;164;36;40;25;34;7;3;12;0;6;1;0;0;35;3;21.95;24.39;15.24;20.73;4.27;1.83;7.32;0;3.66;0.61;0;0;16.91;1.83
79316;79;Soudan;306;260;254;82;44;61;21;15;8;14;0;4;5;0;0;46;1;32.28;17.32;24.02;8.27;5.91;3.15;5.51;0;1.57;1.97;0;0;15.03;0.39
79318;79;Soutiers;215;169;163;25;30;38;38;10;2;12;0;7;0;1;0;46;0;15.34;18.4;23.31;23.31;6.13;1.23;7.36;0;4.29;0;0.61;0;21.4;0
79319;79;Souvigné;728;597;578;131;133;134;81;19;8;51;0;15;6;0;0;131;4;22.66;23.01;23.18;14.01;3.29;1.38;8.82;0;2.6;1.04;0;0;17.99;0.69
79320;79;Surin;457;379;365;72;94;92;51;17;3;19;0;14;2;1;0;78;7;19.73;25.75;25.21;13.97;4.66;0.82;5.21;0;3.84;0.55;0.27;0;17.07;1.92
79321;79;Taizé-Maulais;605;512;487;117;88;103;95;30;4;32;1;13;3;1;0;93;2;24.02;18.07;21.15;19.51;6.16;0.82;6.57;0.21;2.67;0.62;0.21;0;15.37;0.41
79322;79;Le Tallud;1663;1407;1372;224;267;369;281;82;19;81;3;24;17;5;0;256;10;16.33;19.46;26.9;20.48;5.98;1.38;5.9;0.22;1.75;1.24;0.36;0;15.39;0.73
79325;79;Tessonnière;234;186;181;34;26;40;49;17;1;8;0;5;1;0;0;48;1;18.78;14.36;22.1;27.07;9.39;0.55;4.42;0;2.76;0.55;0;0;20.51;0.55
79326;79;Thénezay;1039;835;808;230;124;170;173;42;6;38;5;10;8;2;0;204;9;28.47;15.35;21.04;21.41;5.2;0.74;4.7;0.62;1.24;0.99;0.25;0;19.63;1.11
79328;79;Thorigny sur le Mignon;66;60;57;15;8;18;9;2;0;4;1;0;0;0;0;6;1;26.32;14.04;31.58;15.79;3.51;0;7.02;1.75;0;0;0;0;9.09;1.75
79329;79;Thouars;6271;4575;4435;802;914;1169;869;190;39;305;25;66;45;11;0;1696;54;18.08;20.61;26.36;19.59;4.28;0.88;6.88;0.56;1.49;1.01;0.25;0;27.05;1.22
79330;79;Tillou;228;183;179;27;40;36;49;4;2;14;2;1;3;1;0;45;4;15.08;22.35;20.11;27.37;2.23;1.12;7.82;1.12;0.56;1.68;0.56;0;19.74;2.23
79331;79;Tourtenay;101;85;84;23;19;13;15;5;2;5;0;0;2;0;0;16;0;27.38;22.62;15.48;17.86;5.95;2.38;5.95;0;0;2.38;0;0;15.84;0
79332;79;Trayes;92;78;76;20;17;10;20;6;0;1;0;0;2;0;0;14;1;26.32;22.37;13.16;26.32;7.89;0;1.32;0;0;2.63;0;0;15.22;1.32
79334;79;Usseau;697;581;562;136;108;130;80;30;14;34;7;16;5;2;0;116;4;24.2;19.22;23.13;14.23;5.34;2.49;6.05;1.25;2.85;0.89;0.36;0;16.64;0.71
79335;79;Vallans;604;500;492;86;132;136;42;17;8;43;5;15;7;1;0;104;3;17.48;26.83;27.64;8.54;3.46;1.63;8.74;1.02;3.05;1.42;0.2;0;17.22;0.61
79336;79;Vançais;198;161;153;24;31;34;36;7;5;9;2;3;2;0;0;37;2;15.69;20.26;22.22;23.53;4.58;3.27;5.88;1.31;1.96;1.31;0;0;18.69;1.31
79337;79;Le Vanneau-Irleau;728;584;577;114;140;141;83;35;7;36;1;12;7;1;0;144;1;19.76;24.26;24.44;14.38;6.07;1.21;6.24;0.17;2.08;1.21;0.17;0;19.78;0.17
79338;79;Vanzay;161;137;134;26;24;25;46;6;1;3;0;0;2;1;0;24;0;19.4;17.91;18.66;34.33;4.48;0.75;2.24;0;0;1.49;0.75;0;14.91;0
79339;79;Vasles;1283;1068;1028;226;189;198;232;60;9;63;11;20;16;4;0;215;11;21.98;18.39;19.26;22.57;5.84;0.88;6.13;1.07;1.95;1.56;0.39;0;16.76;1.07
79340;79;Vausseroux;257;207;193;56;33;42;32;10;2;8;1;5;3;1;0;50;12;29.02;17.1;21.76;16.58;5.18;1.04;4.15;0.52;2.59;1.55;0.52;0;19.46;6.22
79341;79;Vautebis;89;74;74;10;10;23;20;7;0;2;0;0;2;0;0;15;0;13.51;13.51;31.08;27.03;9.46;0;2.7;0;0;2.7;0;0;16.85;0
79342;79;Vernoux-en-Gâtine;428;355;345;69;51;85;99;14;8;9;1;7;1;1;0;73;3;20;14.78;24.64;28.7;4.06;2.32;2.61;0.29;2.03;0.29;0.29;0;17.06;0.87
79343;79;Vernoux-sur-Boutonne;168;138;131;23;13;44;25;7;7;4;0;4;4;0;0;30;3;17.56;9.92;33.59;19.08;5.34;5.34;3.05;0;3.05;3.05;0;0;17.86;2.29
79345;79;Verruyes;731;623;605;96;150;144;110;38;11;34;6;8;7;1;0;108;7;15.87;24.79;23.8;18.18;6.28;1.82;5.62;0.99;1.32;1.16;0.17;0;14.77;1.16
79346;79;Le Vert;102;85;80;12;16;29;11;3;0;6;0;3;0;0;0;17;2;15;20;36.25;13.75;3.75;0;7.5;0;3.75;0;0;0;16.67;2.5
79347;79;Viennay;827;707;675;135;122;178;129;33;7;49;6;9;7;0;0;120;8;20;18.07;26.37;19.11;4.89;1.04;7.26;0.89;1.33;1.04;0;0;14.51;1.19
79348;79;Villefollet;174;134;131;23;22;28;24;12;4;7;0;8;2;1;0;40;1;17.56;16.79;21.37;18.32;9.16;3.05;5.34;0;6.11;1.53;0.76;0;22.99;0.76
79349;79;Villemain;104;86;81;26;11;23;17;1;0;2;0;1;0;0;0;18;2;32.1;13.58;28.4;20.99;1.23;0;2.47;0;1.23;0;0;0;17.31;2.47
79350;79;Villiers-en-Bois;109;95;89;16;26;22;12;7;0;5;0;1;0;0;0;14;2;17.98;29.21;24.72;13.48;7.87;0;5.62;0;1.12;0;0;0;12.84;2.25
79351;79;Villiers-en-Plaine;1250;1003;980;203;174;283;150;44;14;77;8;23;3;1;0;247;3;20.71;17.76;28.88;15.31;4.49;1.43;7.86;0.82;2.35;0.31;0.1;0;19.76;0.31
79352;79;Villiers-sur-Chizé;146;116;111;22;24;26;18;4;4;9;0;2;1;1;0;30;0;19.82;21.62;23.42;16.22;3.6;3.6;8.11;0;1.8;0.9;0.9;0;20.55;0
79354;79;Vouhé;289;237;231;33;72;54;43;8;1;15;3;2;0;0;0;52;2;14.29;31.17;23.38;18.61;3.46;0.43;6.49;1.3;0.87;0;0;0;17.99;0.87
79355;79;Vouillé;2686;2237;2183;270;451;765;319;116;23;179;14;27;15;4;0;449;14;12.37;20.66;35.04;14.61;5.31;1.05;8.2;0.64;1.24;0.69;0.18;0;16.72;0.64
79357;79;Xaintray;179;152;145;14;32;38;20;11;3;20;5;1;1;0;0;27;0;9.66;22.07;26.21;13.79;7.59;2.07;13.79;3.45;0.69;0.69;0;0;15.08;0