insee;dep;nom;nb_inscrits;nb_votants;nb_exprimes;nb_voix1;nb_voix2;nb_voix3;nb_voix4;nb_voix5;nb_voix6;nb_voix7;nb_voix8;nb_voix9;nb_voix10;nb_voix11;nb_voix12;nb_voix13;nb_voix14;voix_1;voix_2;voix_3;voix_4;voix_5;voix_6;voix_7;voix_8;voix_9;voix_10;voix_11;voix_12;voix_13;voix_14
88001;88;Les Ableuvenettes;57;43;43;16;4;10;8;3;2;0;0;0;0;0;0;14;0;37.21;9.3;23.26;18.6;6.98;4.65;0;0;0;0;0;0;24.56;0
88002;88;Ahéville;52;42;39;16;5;3;11;0;1;2;0;0;0;1;0;10;0;41.03;12.82;7.69;28.21;0;2.56;5.13;0;0;0;2.56;0;19.23;0
88003;88;Aingeville;68;55;50;18;10;11;7;0;0;2;0;2;0;0;0;13;1;36;20;22;14;0;0;4;0;4;0;0;0;19.12;2
88004;88;Ainvelle;133;103;102;45;8;15;18;9;3;1;0;1;1;1;0;30;0;44.12;7.84;14.71;17.65;8.82;2.94;0.98;0;0.98;0.98;0.98;0;22.56;0
88005;88;Allarmont;188;163;162;59;15;26;43;6;2;8;2;1;0;0;0;25;0;36.42;9.26;16.05;26.54;3.7;1.23;4.94;1.23;0.62;0;0;0;13.3;0
88006;88;Ambacourt;234;198;185;61;31;34;38;7;2;5;3;2;2;0;0;36;11;32.97;16.76;18.38;20.54;3.78;1.08;2.7;1.62;1.08;1.08;0;0;15.38;5.95
88007;88;Ameuvelle;49;38;37;9;4;6;11;0;5;0;0;2;0;0;0;11;0;24.32;10.81;16.22;29.73;0;13.51;0;0;5.41;0;0;0;22.45;0
88008;88;Anglemont;106;92;88;28;6;16;20;2;3;9;2;1;1;0;0;14;2;31.82;6.82;18.18;22.73;2.27;3.41;10.23;2.27;1.14;1.14;0;0;13.21;2.27
88009;88;Anould;2703;2136;2084;778;380;375;256;145;13;69;20;32;13;3;0;567;9;37.33;18.23;17.99;12.28;6.96;0.62;3.31;0.96;1.54;0.62;0.14;0;20.98;0.43
88010;88;Aouze;164;138;131;61;13;18;21;8;1;4;0;3;1;1;0;26;4;46.56;9.92;13.74;16.03;6.11;0.76;3.05;0;2.29;0.76;0.76;0;15.85;3.05
88011;88;Arches;1207;1022;983;304;183;199;161;54;11;44;8;12;7;0;0;185;14;30.93;18.62;20.24;16.38;5.49;1.12;4.48;0.81;1.22;0.71;0;0;15.33;1.42
88012;88;Archettes;881;722;705;202;122;154;93;61;13;37;5;12;6;0;0;159;16;28.65;17.3;21.84;13.19;8.65;1.84;5.25;0.71;1.7;0.85;0;0;18.05;2.27
88013;88;Aroffe;67;50;49;15;2;6;15;8;2;0;0;1;0;0;0;17;0;30.61;4.08;12.24;30.61;16.33;4.08;0;0;2.04;0;0;0;25.37;0
88014;88;Arrentès-de-Corcieux;147;140;137;50;23;25;14;12;0;7;0;4;2;0;0;7;0;36.5;16.79;18.25;10.22;8.76;0;5.11;0;2.92;1.46;0;0;4.76;0
88015;88;Attignéville;189;174;171;63;17;26;42;10;1;8;2;1;1;0;0;15;2;36.84;9.94;15.2;24.56;5.85;0.58;4.68;1.17;0.58;0.58;0;0;7.94;1.17
88016;88;Attigny;236;185;182;66;32;32;11;15;4;12;4;4;1;1;0;51;0;36.26;17.58;17.58;6.04;8.24;2.2;6.59;2.2;2.2;0.55;0.55;0;21.61;0
88017;88;Aulnois;141;112;109;32;14;15;25;10;2;8;1;2;0;0;0;29;0;29.36;12.84;13.76;22.94;9.17;1.83;7.34;0.92;1.83;0;0;0;20.57;0
88019;88;Autigny-la-Tour;146;126;124;41;13;34;15;7;1;9;0;3;0;1;0;20;2;33.06;10.48;27.42;12.1;5.65;0.81;7.26;0;2.42;0;0.81;0;13.7;1.61
88020;88;Autreville;136;100;96;38;11;15;14;9;4;2;0;0;3;0;0;36;0;39.58;11.46;15.63;14.58;9.38;4.17;2.08;0;0;3.13;0;0;26.47;0
88021;88;Autrey;223;196;194;59;28;31;53;11;1;8;0;2;1;0;0;27;1;30.41;14.43;15.98;27.32;5.67;0.52;4.12;0;1.03;0.52;0;0;12.11;0.52
88022;88;Auzainvilliers;205;171;168;69;31;18;22;21;1;3;0;3;0;0;0;34;2;41.07;18.45;10.71;13.1;12.5;0.6;1.79;0;1.79;0;0;0;16.59;1.19
88023;88;Avillers;70;66;64;22;2;11;17;4;1;4;0;2;1;0;0;4;0;34.38;3.13;17.19;26.56;6.25;1.56;6.25;0;3.13;1.56;0;0;5.71;0
88024;88;Avrainville;84;72;69;14;8;10;21;5;3;6;0;1;1;0;0;12;0;20.29;11.59;14.49;30.43;7.25;4.35;8.7;0;1.45;1.45;0;0;14.29;0
88025;88;Avranville;52;43;42;10;2;8;17;4;0;1;0;0;0;0;0;9;1;23.81;4.76;19.05;40.48;9.52;0;2.38;0;0;0;0;0;17.31;2.38
88026;88;Aydoilles;883;756;733;191;123;172;135;43;6;42;10;9;2;0;0;127;3;26.06;16.78;23.47;18.42;5.87;0.82;5.73;1.36;1.23;0.27;0;0;14.38;0.41
88027;88;Badménil-aux-Bois;130;112;109;53;9;13;14;8;1;9;1;0;1;0;0;18;0;48.62;8.26;11.93;12.84;7.34;0.92;8.26;0.92;0;0.92;0;0;13.85;0
88028;88;La Baffe;572;481;474;94;70;124;104;31;9;28;8;5;1;0;0;91;5;19.83;14.77;26.16;21.94;6.54;1.9;5.91;1.69;1.05;0.21;0;0;15.91;1.05
88029;88;La Vôge-les-Bains;1365;1127;1104;321;210;230;192;50;19;49;10;11;7;5;0;238;9;29.08;19.02;20.83;17.39;4.53;1.72;4.44;0.91;1;0.63;0.45;0;17.44;0.82
88030;88;Bainville-aux-Saules;113;107;103;40;9;20;18;7;3;1;3;1;1;0;0;6;1;38.83;8.74;19.42;17.48;6.8;2.91;0.97;2.91;0.97;0.97;0;0;5.31;0.97
88031;88;Balléville;92;75;74;21;19;22;2;3;0;3;0;4;0;0;0;17;0;28.38;25.68;29.73;2.7;4.05;0;4.05;0;5.41;0;0;0;18.48;0
88032;88;Ban-de-Laveline;991;790;765;280;109;137;117;47;13;27;4;19;8;4;0;201;5;36.6;14.25;17.91;15.29;6.14;1.7;3.53;0.52;2.48;1.05;0.52;0;20.28;0.65
88033;88;Ban-de-Sapt;296;235;225;79;34;35;32;17;5;16;4;2;1;0;0;61;2;35.11;15.11;15.56;14.22;7.56;2.22;7.11;1.78;0.89;0.44;0;0;20.61;0.89
88035;88;Barbey-Seroux;124;90;81;45;8;7;12;6;1;1;1;0;0;0;0;34;1;55.56;9.88;8.64;14.81;7.41;1.23;1.23;1.23;0;0;0;0;27.42;1.23
88036;88;Barville;74;61;58;22;4;17;8;5;0;1;0;0;1;0;0;13;0;37.93;6.9;29.31;13.79;8.62;0;1.72;0;0;1.72;0;0;17.57;0
88037;88;Basse-sur-le-Rupt;740;621;599;120;87;134;122;48;15;43;5;14;8;3;0;119;5;20.03;14.52;22.37;20.37;8.01;2.5;7.18;0.83;2.34;1.34;0.5;0;16.08;0.83
88038;88;Battexey;32;32;32;7;7;6;5;5;1;1;0;0;0;0;0;0;0;21.88;21.88;18.75;15.63;15.63;3.13;3.13;0;0;0;0;0;0;0
88039;88;Baudricourt;263;218;210;60;52;47;23;10;4;7;2;2;3;0;0;45;3;28.57;24.76;22.38;10.95;4.76;1.9;3.33;0.95;0.95;1.43;0;0;17.11;1.43
88040;88;Bayecourt;236;186;184;48;24;21;42;22;2;17;4;2;0;2;0;50;0;26.09;13.04;11.41;22.83;11.96;1.09;9.24;2.17;1.09;0;1.09;0;21.19;0
88041;88;Bazegney;76;67;64;12;9;22;7;7;1;5;0;0;1;0;0;9;0;18.75;14.06;34.38;10.94;10.94;1.56;7.81;0;0;1.56;0;0;11.84;0
88042;88;Bazien;75;60;59;27;12;3;4;8;0;0;0;2;3;0;0;15;0;45.76;20.34;5.08;6.78;13.56;0;0;0;3.39;5.08;0;0;20;0
88043;88;Bazoilles-et-Ménil;97;81;81;38;7;15;13;3;2;2;1;0;0;0;0;16;0;46.91;8.64;18.52;16.05;3.7;2.47;2.47;1.23;0;0;0;0;16.49;0
88044;88;Bazoilles-sur-Meuse;465;382;374;136;50;71;77;22;1;6;4;6;1;0;0;83;2;36.36;13.37;18.98;20.59;5.88;0.27;1.6;1.07;1.6;0.27;0;0;17.85;0.53
88045;88;Beaufremont;82;76;76;15;8;14;30;3;0;3;0;3;0;0;0;6;0;19.74;10.53;18.42;39.47;3.95;0;3.95;0;3.95;0;0;0;7.32;0
88046;88;Beauménil;120;103;98;29;12;22;12;15;2;2;1;2;1;0;0;17;2;29.59;12.24;22.45;12.24;15.31;2.04;2.04;1.02;2.04;1.02;0;0;14.17;2.04
88047;88;Begnécourt;127;109;107;28;25;9;11;17;1;7;6;2;1;0;0;18;0;26.17;23.36;8.41;10.28;15.89;0.93;6.54;5.61;1.87;0.93;0;0;14.17;0
88048;88;Bellefontaine;819;666;648;203;90;106;134;53;9;31;13;6;3;0;0;153;1;31.33;13.89;16.36;20.68;8.18;1.39;4.78;2.01;0.93;0.46;0;0;18.68;0.15
88049;88;Belmont-lès-Darney;96;86;85;33;6;15;14;9;2;2;0;3;1;0;0;10;0;38.82;7.06;17.65;16.47;10.59;2.35;2.35;0;3.53;1.18;0;0;10.42;0
88050;88;Belmont-sur-Buttant;236;194;187;44;35;48;35;7;0;9;0;4;5;0;0;42;5;23.53;18.72;25.67;18.72;3.74;0;4.81;0;2.14;2.67;0;0;17.8;2.67
88051;88;Belmont-sur-Vair;98;79;73;23;10;12;18;5;0;3;0;2;0;0;0;19;0;31.51;13.7;16.44;24.66;6.85;0;4.11;0;2.74;0;0;0;19.39;0
88052;88;Belrupt;97;70;66;24;12;11;9;1;1;5;0;2;1;0;0;27;0;36.36;18.18;16.67;13.64;1.52;1.52;7.58;0;3.03;1.52;0;0;27.84;0
88053;88;Belval;123;96;94;35;13;23;13;3;1;3;2;1;0;0;0;27;1;37.23;13.83;24.47;13.83;3.19;1.06;3.19;2.13;1.06;0;0;0;21.95;1.06
88054;88;Bertrimoutier;303;241;234;69;28;54;43;20;3;12;0;2;3;0;0;62;2;29.49;11.97;23.08;18.38;8.55;1.28;5.13;0;0.85;1.28;0;0;20.46;0.85
88055;88;Bettegney-Saint-Brice;125;106;101;33;20;9;16;13;1;4;0;3;2;0;0;19;1;32.67;19.8;8.91;15.84;12.87;0.99;3.96;0;2.97;1.98;0;0;15.2;0.99
88056;88;Bettoncourt;87;66;61;29;7;14;2;2;3;0;1;2;1;0;0;21;0;47.54;11.48;22.95;3.28;3.28;4.92;0;1.64;3.28;1.64;0;0;24.14;0
88057;88;Le Beulay;87;79;74;22;13;20;4;4;0;8;0;3;0;0;0;8;4;29.73;17.57;27.03;5.41;5.41;0;10.81;0;4.05;0;0;0;9.2;5.41
88058;88;Biécourt;79;75;74;20;15;14;12;3;3;6;0;1;0;0;0;4;0;27.03;20.27;18.92;16.22;4.05;4.05;8.11;0;1.35;0;0;0;5.06;0
88059;88;Biffontaine;339;277;267;110;46;42;22;12;7;16;3;4;2;3;0;62;3;41.2;17.23;15.73;8.24;4.49;2.62;5.99;1.12;1.5;0.75;1.12;0;18.29;1.12
88060;88;Blémerey;17;17;14;7;0;4;2;0;0;0;0;1;0;0;0;0;2;50;0;28.57;14.29;0;0;0;0;7.14;0;0;0;0;14.29
88061;88;Bleurville;296;237;230;70;46;35;44;13;12;3;1;1;4;1;0;59;3;30.43;20;15.22;19.13;5.65;5.22;1.3;0.43;0.43;1.74;0.43;0;19.93;1.3
88062;88;Blevaincourt;101;72;66;11;21;18;7;4;0;1;0;4;0;0;0;29;3;16.67;31.82;27.27;10.61;6.06;0;1.52;0;6.06;0;0;0;28.71;4.55
88063;88;Bocquegney;128;110;107;38;19;21;18;5;0;2;0;2;1;1;0;18;3;35.51;17.76;19.63;16.82;4.67;0;1.87;0;1.87;0.93;0.93;0;14.06;2.8
88064;88;Bois-de-Champ;82;69;66;28;11;6;9;6;0;2;3;1;0;0;0;13;1;42.42;16.67;9.09;13.64;9.09;0;3.03;4.55;1.52;0;0;0;15.85;1.52
88065;88;Bonvillet;288;229;224;67;28;44;41;21;5;5;6;3;4;0;0;59;0;29.91;12.5;19.64;18.3;9.38;2.23;2.23;2.68;1.34;1.79;0;0;20.49;0
88066;88;Boulaincourt;54;51;50;17;5;8;10;5;0;4;0;1;0;0;0;3;0;34;10;16;20;10;0;8;0;2;0;0;0;5.56;0
88068;88;La Bourgonce;703;587;576;204;89;125;66;47;9;18;11;3;4;0;0;116;1;35.42;15.45;21.7;11.46;8.16;1.56;3.13;1.91;0.52;0.69;0;0;16.5;0.17
88069;88;Bouxières-aux-Bois;125;113;113;32;16;29;21;10;0;5;0;0;0;0;0;12;0;28.32;14.16;25.66;18.58;8.85;0;4.42;0;0;0;0;0;9.6;0
88070;88;Bouxurulles;132;107;106;38;20;20;8;3;1;10;1;4;1;0;0;25;0;35.85;18.87;18.87;7.55;2.83;0.94;9.43;0.94;3.77;0.94;0;0;18.94;0
88071;88;Bouzemont;49;37;35;7;2;12;2;1;0;7;0;4;0;0;0;12;0;20;5.71;34.29;5.71;2.86;0;20;0;11.43;0;0;0;24.49;0
88073;88;Brantigny;158;142;139;43;18;29;22;14;2;6;0;2;3;0;0;16;0;30.94;12.95;20.86;15.83;10.07;1.44;4.32;0;1.44;2.16;0;0;10.13;0
88074;88;Brechainville;45;35;35;18;4;1;8;2;1;1;0;0;0;0;0;10;0;51.43;11.43;2.86;22.86;5.71;2.86;2.86;0;0;0;0;0;22.22;0
88075;88;La Bresse;3723;3141;3030;556;403;703;809;239;48;141;51;54;20;6;0;582;29;18.35;13.3;23.2;26.7;7.89;1.58;4.65;1.68;1.78;0.66;0.2;0;15.63;0.96
88076;88;Brouvelieures;368;276;270;105;42;40;34;14;1;22;1;7;4;0;0;92;0;38.89;15.56;14.81;12.59;5.19;0.37;8.15;0.37;2.59;1.48;0;0;25;0
88077;88;Brû;422;354;345;120;35;61;60;48;1;10;0;7;0;3;0;68;1;34.78;10.14;17.68;17.39;13.91;0.29;2.9;0;2.03;0;0.87;0;16.11;0.29
88078;88;Bruyères;1940;1549;1494;420;262;297;251;94;16;97;16;20;18;3;0;391;11;28.11;17.54;19.88;16.8;6.29;1.07;6.49;1.07;1.34;1.2;0.2;0;20.15;0.74
88079;88;Bulgnéville;1167;965;934;262;184;215;128;65;10;49;5;11;2;3;0;202;8;28.05;19.7;23.02;13.7;6.96;1.07;5.25;0.54;1.18;0.21;0.32;0;17.31;0.86
88080;88;Bult;231;196;195;73;19;20;52;18;1;8;1;0;3;0;0;35;0;37.44;9.74;10.26;26.67;9.23;0.51;4.1;0.51;0;1.54;0;0;15.15;0
88081;88;Bussang;1060;865;839;249;183;127;133;62;27;27;12;15;3;1;0;195;7;29.68;21.81;15.14;15.85;7.39;3.22;3.22;1.43;1.79;0.36;0.12;0;18.4;0.83
88082;88;Celles-sur-Plaine;646;519;507;235;66;85;61;27;1;11;8;9;4;0;0;127;4;46.35;13.02;16.77;12.03;5.33;0.2;2.17;1.58;1.78;0.79;0;0;19.66;0.79
88083;88;Certilleux;203;167;163;48;22;44;25;9;1;6;1;5;2;0;0;36;0;29.45;13.5;26.99;15.34;5.52;0.61;3.68;0.61;3.07;1.23;0;0;17.73;0
88084;88;Chamagne;372;323;314;110;44;70;40;13;1;15;4;10;6;1;0;49;1;35.03;14.01;22.29;12.74;4.14;0.32;4.78;1.27;3.18;1.91;0.32;0;13.17;0.32
88085;88;Champdray;153;140;137;24;29;24;33;14;3;5;2;2;0;1;0;13;1;17.52;21.17;17.52;24.09;10.22;2.19;3.65;1.46;1.46;0;0.73;0;8.5;0.73
88086;88;Champ-le-Duc;479;416;405;127;73;79;56;24;8;21;2;10;4;1;0;63;2;31.36;18.02;19.51;13.83;5.93;1.98;5.19;0.49;2.47;0.99;0.25;0;13.15;0.49
88087;88;Chantraine;2671;2057;2008;391;341;528;413;113;15;153;16;21;14;3;0;614;11;19.47;16.98;26.29;20.57;5.63;0.75;7.62;0.8;1.05;0.7;0.15;0;22.99;0.55
88088;88;La Chapelle-aux-Bois;519;435;419;126;59;70;101;26;7;13;2;7;8;0;0;84;8;30.07;14.08;16.71;24.11;6.21;1.67;3.1;0.48;1.67;1.91;0;0;16.18;1.91
88089;88;La Chapelle-devant-Bruyères;467;373;361;135;60;62;54;27;2;9;0;8;3;1;0;94;12;37.4;16.62;17.17;14.96;7.48;0.55;2.49;0;2.22;0.83;0.28;0;20.13;3.32
88090;88;Charmes;2945;2287;2217;732;397;417;335;139;21;110;17;32;15;2;0;658;24;33.02;17.91;18.81;15.11;6.27;0.95;4.96;0.77;1.44;0.68;0.09;0;22.34;1.08
88091;88;Charmois-devant-Bruyères;348;287;280;80;40;68;35;22;7;19;2;1;5;1;0;61;0;28.57;14.29;24.29;12.5;7.86;2.5;6.79;0.71;0.36;1.79;0.36;0;17.53;0
88092;88;Charmois-l'Orgueilleux;437;363;349;124;51;49;68;24;4;11;2;9;6;1;0;74;2;35.53;14.61;14.04;19.48;6.88;1.15;3.15;0.57;2.58;1.72;0.29;0;16.93;0.57
88093;88;Châtas;50;43;39;6;12;3;10;4;0;1;0;2;1;0;0;7;0;15.38;30.77;7.69;25.64;10.26;0;2.56;0;5.13;2.56;0;0;14;0
88094;88;Châtel-sur-Moselle;1033;826;809;227;145;188;107;53;13;44;5;11;15;1;0;207;3;28.06;17.92;23.24;13.23;6.55;1.61;5.44;0.62;1.36;1.85;0.12;0;20.04;0.37
88095;88;Châtenois;1129;923;899;217;139;208;201;36;6;54;9;15;12;2;0;206;7;24.14;15.46;23.14;22.36;4;0.67;6.01;1;1.67;1.33;0.22;0;18.25;0.78
88096;88;Châtillon-sur-Saône;114;88;83;22;11;21;14;5;1;1;3;3;2;0;0;26;3;26.51;13.25;25.3;16.87;6.02;1.2;1.2;3.61;3.61;2.41;0;0;22.81;3.61
88097;88;Chauffecourt;31;22;20;7;2;9;1;0;0;1;0;0;0;0;0;9;0;35;10;45;5;0;0;5;0;0;0;0;0;29.03;0
88098;88;Chaumousey;699;627;604;171;102;140;125;24;6;25;5;4;2;0;0;72;5;28.31;16.89;23.18;20.7;3.97;0.99;4.14;0.83;0.66;0.33;0;0;10.3;0.83
88099;88;Chavelot;1263;1013;974;271;152;261;156;58;7;33;13;13;6;4;0;250;8;27.82;15.61;26.8;16.02;5.95;0.72;3.39;1.33;1.33;0.62;0.41;0;19.79;0.82
88100;88;Chef-Haut;41;37;37;8;8;10;3;3;0;5;0;0;0;0;0;4;0;21.62;21.62;27.03;8.11;8.11;0;13.51;0;0;0;0;0;9.76;0
88101;88;Cheniménil;910;712;688;207;120;145;100;39;10;39;7;13;6;2;0;198;4;30.09;17.44;21.08;14.53;5.67;1.45;5.67;1.02;1.89;0.87;0.29;0;21.76;0.58
88102;88;Chermisey;85;68;65;25;2;9;15;4;2;7;0;1;0;0;0;17;3;38.46;3.08;13.85;23.08;6.15;3.08;10.77;0;1.54;0;0;0;20;4.62
88103;88;Circourt;67;61;57;17;7;9;8;9;4;3;0;0;0;0;0;6;0;29.82;12.28;15.79;14.04;15.79;7.02;5.26;0;0;0;0;0;8.96;0
88104;88;Circourt-sur-Mouzon;160;137;132;32;29;24;19;9;4;8;1;2;2;2;0;23;0;24.24;21.97;18.18;14.39;6.82;3.03;6.06;0.76;1.52;1.52;1.52;0;14.38;0
88105;88;Claudon;194;159;155;54;31;20;14;14;2;9;3;2;5;1;0;35;1;34.84;20;12.9;9.03;9.03;1.29;5.81;1.94;1.29;3.23;0.65;0;18.04;0.65
88106;88;Ban-sur-Meurthe-Clefcy;844;686;657;240;134;99;110;38;8;10;7;3;6;2;0;158;8;36.53;20.4;15.07;16.74;5.78;1.22;1.52;1.07;0.46;0.91;0.3;0;18.72;1.22
88107;88;Clérey-la-Côte;41;26;26;5;7;4;8;1;0;0;0;0;1;0;0;15;0;19.23;26.92;15.38;30.77;3.85;0;0;0;0;3.85;0;0;36.59;0
88108;88;Le Clerjus;387;318;306;129;34;44;52;18;7;16;1;3;1;1;0;69;1;42.16;11.11;14.38;16.99;5.88;2.29;5.23;0.33;0.98;0.33;0.33;0;17.83;0.33
88109;88;Cleurie;576;509;487;131;77;88;104;43;10;11;6;11;6;0;0;67;4;26.9;15.81;18.07;21.36;8.83;2.05;2.26;1.23;2.26;1.23;0;0;11.63;0.82
88110;88;Clézentaine;157;145;141;45;15;20;37;12;2;3;1;5;0;1;0;12;1;31.91;10.64;14.18;26.24;8.51;1.42;2.13;0.71;3.55;0;0.71;0;7.64;0.71
88111;88;Coinches;283;245;243;86;46;27;55;15;1;8;1;3;1;0;0;38;0;35.39;18.93;11.11;22.63;6.17;0.41;3.29;0.41;1.23;0.41;0;0;13.43;0
88113;88;Combrimont;127;102;96;37;20;15;12;7;2;1;0;2;0;0;0;25;0;38.54;20.83;15.63;12.5;7.29;2.08;1.04;0;2.08;0;0;0;19.69;0
88114;88;Contrexéville;2362;1811;1753;491;397;352;252;71;23;86;20;38;14;9;0;551;22;28.01;22.65;20.08;14.38;4.05;1.31;4.91;1.14;2.17;0.8;0.51;0;23.33;1.25
88115;88;Corcieux;1083;862;837;290;141;149;147;40;17;29;4;13;5;2;0;221;7;34.65;16.85;17.8;17.56;4.78;2.03;3.46;0.48;1.55;0.6;0.24;0;20.41;0.84
88116;88;Cornimont;2633;2018;1950;490;362;365;335;129;35;128;37;34;32;3;0;615;16;25.13;18.56;18.72;17.18;6.62;1.79;6.56;1.9;1.74;1.64;0.15;0;23.36;0.82
88117;88;Courcelles-sous-Châtenois;66;57;57;18;4;10;13;5;2;2;0;2;0;1;0;9;0;31.58;7.02;17.54;22.81;8.77;3.51;3.51;0;3.51;0;1.75;0;13.64;0
88118;88;Coussey;561;453;443;168;49;85;70;34;5;19;4;6;2;1;0;108;3;37.92;11.06;19.19;15.8;7.67;1.13;4.29;0.9;1.35;0.45;0.23;0;19.25;0.68
88119;88;Crainvilliers;149;111;108;40;18;11;19;9;2;6;0;3;0;0;0;38;1;37.04;16.67;10.19;17.59;8.33;1.85;5.56;0;2.78;0;0;0;25.5;0.93
88120;88;La Croix-aux-Mines;420;320;310;115;55;50;48;24;1;7;0;5;5;0;0;100;9;37.1;17.74;16.13;15.48;7.74;0.32;2.26;0;1.61;1.61;0;0;23.81;2.9
88121;88;Damas-aux-Bois;219;195;187;53;30;33;48;11;3;4;2;3;0;0;0;24;1;28.34;16.04;17.65;25.67;5.88;1.6;2.14;1.07;1.6;0;0;0;10.96;0.53
88122;88;Damas-et-Bettegney;276;245;239;47;30;48;54;30;6;17;3;1;3;0;0;31;0;19.67;12.55;20.08;22.59;12.55;2.51;7.11;1.26;0.42;1.26;0;0;11.23;0
88123;88;Damblain;221;180;174;68;19;32;28;15;3;5;1;1;2;0;0;41;3;39.08;10.92;18.39;16.09;8.62;1.72;2.87;0.57;0.57;1.15;0;0;18.55;1.72
88124;88;Darney;659;528;512;161;93;90;96;26;6;24;3;9;3;1;0;131;8;31.45;18.16;17.58;18.75;5.08;1.17;4.69;0.59;1.76;0.59;0.2;0;19.88;1.56
88125;88;Darney-aux-Chênes;49;41;41;11;5;7;10;4;1;3;0;0;0;0;0;8;0;26.83;12.2;17.07;24.39;9.76;2.44;7.32;0;0;0;0;0;16.33;0
88126;88;Darnieulles;1127;914;895;282;173;188;130;53;5;41;7;9;6;1;0;213;8;31.51;19.33;21.01;14.53;5.92;0.56;4.58;0.78;1.01;0.67;0.11;0;18.9;0.89
88127;88;Deinvillers;48;41;39;8;6;8;8;4;1;2;0;0;2;0;0;7;2;20.51;15.38;20.51;20.51;10.26;2.56;5.13;0;0;5.13;0;0;14.58;5.13
88128;88;Denipaire;204;177;168;38;40;26;38;8;2;11;1;0;4;0;0;27;2;22.62;23.81;15.48;22.62;4.76;1.19;6.55;0.6;0;2.38;0;0;13.24;1.19
88129;88;Derbamont;93;82;78;14;12;10;18;14;0;9;0;0;1;0;0;11;3;17.95;15.38;12.82;23.08;17.95;0;11.54;0;0;1.28;0;0;11.83;3.85
88130;88;Destord;191;172;170;57;19;23;44;11;3;4;2;3;3;1;0;19;1;33.53;11.18;13.53;25.88;6.47;1.76;2.35;1.18;1.76;1.76;0.59;0;9.95;0.59
88131;88;Deycimont;241;196;189;56;19;37;34;21;3;8;1;8;1;1;0;45;0;29.63;10.05;19.58;17.99;11.11;1.59;4.23;0.53;4.23;0.53;0.53;0;18.67;0
88132;88;Deyvillers;1141;973;939;221;137;261;162;61;9;53;12;17;4;2;0;168;6;23.54;14.59;27.8;17.25;6.5;0.96;5.64;1.28;1.81;0.43;0.21;0;14.72;0.64
88133;88;Dignonville;154;147;142;34;17;20;51;9;6;3;0;1;1;0;0;7;2;23.94;11.97;14.08;35.92;6.34;4.23;2.11;0;0.7;0.7;0;0;4.55;1.41
88134;88;Dinozé;417;370;360;74;64;81;86;23;0;22;2;6;2;0;0;47;3;20.56;17.78;22.5;23.89;6.39;0;6.11;0.56;1.67;0.56;0;0;11.27;0.83
88135;88;Docelles;683;531;510;148;100;73;85;39;4;39;8;6;8;0;0;152;18;29.02;19.61;14.31;16.67;7.65;0.78;7.65;1.57;1.18;1.57;0;0;22.25;3.53
88136;88;Dogneville;1262;1072;1056;226;166;271;220;86;9;51;14;7;5;1;0;190;2;21.4;15.72;25.66;20.83;8.14;0.85;4.83;1.33;0.66;0.47;0.09;0;15.06;0.19
88137;88;Dolaincourt;73;68;68;19;10;15;14;2;1;4;2;0;1;0;0;5;0;27.94;14.71;22.06;20.59;2.94;1.47;5.88;2.94;0;1.47;0;0;6.85;0
88138;88;Dombasle-devant-Darney;81;72;69;30;9;5;12;6;0;4;3;0;0;0;0;9;0;43.48;13.04;7.25;17.39;8.7;0;5.8;4.35;0;0;0;0;11.11;0
88139;88;Dombasle-en-Xaintois;106;80;79;20;15;16;12;4;1;6;3;1;1;0;0;26;0;25.32;18.99;20.25;15.19;5.06;1.27;7.59;3.8;1.27;1.27;0;0;24.53;0
88140;88;Dombrot-le-Sec;313;255;250;80;42;39;39;24;2;14;3;3;4;0;0;58;0;32;16.8;15.6;15.6;9.6;0.8;5.6;1.2;1.2;1.6;0;0;18.53;0
88141;88;Dombrot-sur-Vair;208;174;169;62;30;22;27;14;4;4;1;2;3;0;0;34;2;36.69;17.75;13.02;15.98;8.28;2.37;2.37;0.59;1.18;1.78;0;0;16.35;1.18
88142;88;Domèvre-sur-Avière;337;288;273;79;32;70;35;25;4;21;0;6;1;0;0;49;6;28.94;11.72;25.64;12.82;9.16;1.47;7.69;0;2.2;0.37;0;0;14.54;2.2
88143;88;Domèvre-sur-Durbion;246;196;192;51;25;29;63;10;2;7;2;2;1;0;0;50;2;26.56;13.02;15.1;32.81;5.21;1.04;3.65;1.04;1.04;0.52;0;0;20.33;1.04
88144;88;Domèvre-sous-Montfort;47;42;42;11;9;3;14;3;1;1;0;0;0;0;0;5;0;26.19;21.43;7.14;33.33;7.14;2.38;2.38;0;0;0;0;0;10.64;0
88145;88;Domfaing;178;152;146;50;19;22;25;8;1;14;1;2;4;0;0;26;1;34.25;13.01;15.07;17.12;5.48;0.68;9.59;0.68;1.37;2.74;0;0;14.61;0.68
88146;88;Domjulien;138;114;112;43;13;21;26;5;0;2;0;2;0;0;0;24;2;38.39;11.61;18.75;23.21;4.46;0;1.79;0;1.79;0;0;0;17.39;1.79
88147;88;Dommartin-aux-Bois;275;234;229;63;28;41;62;11;6;7;5;2;4;0;0;41;0;27.51;12.23;17.9;27.07;4.8;2.62;3.06;2.18;0.87;1.75;0;0;14.91;0
88148;88;Dommartin-lès-Remiremont;1581;1322;1294;365;170;253;263;118;19;66;11;16;12;1;0;259;2;28.21;13.14;19.55;20.32;9.12;1.47;5.1;0.85;1.24;0.93;0.08;0;16.38;0.15
88149;88;Dommartin-lès-Vallois;38;34;34;7;7;9;3;3;0;4;0;0;0;1;0;4;0;20.59;20.59;26.47;8.82;8.82;0;11.76;0;0;0;2.94;0;10.53;0
88150;88;Dommartin-sur-Vraine;199;164;163;61;15;22;32;11;4;10;2;4;2;0;0;35;0;37.42;9.2;13.5;19.63;6.75;2.45;6.13;1.23;2.45;1.23;0;0;17.59;0
88151;88;Dompaire;841;688;657;173;112;135;132;52;9;22;4;8;9;1;0;153;10;26.33;17.05;20.55;20.09;7.91;1.37;3.35;0.61;1.22;1.37;0.15;0;18.19;1.52
88152;88;Dompierre;237;193;189;52;27;36;38;13;5;14;2;0;1;1;0;44;1;27.51;14.29;19.05;20.11;6.88;2.65;7.41;1.06;0;0.53;0.53;0;18.57;0.53
88153;88;Domptail;240;213;209;72;37;33;39;17;5;1;2;2;1;0;0;27;2;34.45;17.7;15.79;18.66;8.13;2.39;0.48;0.96;0.96;0.48;0;0;11.25;0.96
88154;88;Domrémy-la-Pucelle;115;98;95;18;13;26;23;9;1;1;1;2;0;1;0;17;1;18.95;13.68;27.37;24.21;9.47;1.05;1.05;1.05;2.11;0;1.05;0;14.78;1.05
88155;88;Domvallier;100;82;79;15;18;15;18;6;2;3;1;0;1;0;0;18;1;18.99;22.78;18.99;22.78;7.59;2.53;3.8;1.27;0;1.27;0;0;18;1.27
88156;88;Doncières;116;106;106;32;23;16;19;10;3;3;0;0;0;0;0;10;0;30.19;21.7;15.09;17.92;9.43;2.83;2.83;0;0;0;0;0;8.62;0
88157;88;Dounoux;677;589;573;153;73;119;148;46;6;20;3;3;2;0;0;88;10;26.7;12.74;20.77;25.83;8.03;1.05;3.49;0.52;0.52;0.35;0;0;13;1.75
88158;88;Eloyes;2236;1850;1783;539;296;382;290;115;15;88;17;15;24;2;0;386;17;30.23;16.6;21.42;16.26;6.45;0.84;4.94;0.95;0.84;1.35;0.11;0;17.26;0.95
88159;88;Entre-deux-Eaux;374;320;315;135;45;56;38;19;1;14;0;4;3;0;0;54;3;42.86;14.29;17.78;12.06;6.03;0.32;4.44;0;1.27;0.95;0;0;14.44;0.95
88160;88;Epinal;21109;15749;15359;2773;3228;3755;3260;637;161;1076;168;170;101;30;0;5360;121;18.05;21.02;24.45;21.23;4.15;1.05;7.01;1.09;1.11;0.66;0.2;0;25.39;0.79
88161;88;Escles;335;287;272;77;57;34;56;22;2;12;6;5;1;0;0;48;14;28.31;20.96;12.5;20.59;8.09;0.74;4.41;2.21;1.84;0.37;0;0;14.33;5.15
88162;88;Esley;165;135;133;43;15;16;22;13;5;10;0;7;2;0;0;30;0;32.33;11.28;12.03;16.54;9.77;3.76;7.52;0;5.26;1.5;0;0;18.18;0
88163;88;Essegney;530;464;453;161;51;93;69;26;4;29;4;9;5;2;0;66;1;35.54;11.26;20.53;15.23;5.74;0.88;6.4;0.88;1.99;1.1;0.44;0;12.45;0.22
88164;88;Estrennes;85;73;73;19;21;11;8;3;4;6;0;1;0;0;0;12;0;26.03;28.77;15.07;10.96;4.11;5.48;8.22;0;1.37;0;0;0;14.12;0
88165;88;Etival-Clairefontaine;2097;1685;1633;672;214;232;291;92;19;59;18;24;12;0;0;412;10;41.15;13.1;14.21;17.82;5.63;1.16;3.61;1.1;1.47;0.73;0;0;19.65;0.61
88166;88;Evaux-et-Ménil;239;216;210;84;30;50;20;14;1;5;2;4;0;0;0;23;5;40;14.29;23.81;9.52;6.67;0.48;2.38;0.95;1.9;0;0;0;9.62;2.38
88167;88;Faucompierre;201;189;184;55;36;45;22;14;2;7;1;2;0;0;0;12;3;29.89;19.57;24.46;11.96;7.61;1.09;3.8;0.54;1.09;0;0;0;5.97;1.63
88168;88;Fauconcourt;94;86;85;24;6;15;24;12;0;3;0;1;0;0;0;8;0;28.24;7.06;17.65;28.24;14.12;0;3.53;0;1.18;0;0;0;8.51;0
88169;88;Fays;216;163;154;41;33;43;16;11;1;5;0;2;2;0;0;53;1;26.62;21.43;27.92;10.39;7.14;0.65;3.25;0;1.3;1.3;0;0;24.54;0.65
88170;88;Ferdrupt;647;520;503;206;86;83;65;22;9;11;5;8;6;2;0;127;5;40.95;17.1;16.5;12.92;4.37;1.79;2.19;0.99;1.59;1.19;0.4;0;19.63;0.99
88171;88;Fignévelle;59;52;52;13;5;11;12;2;2;3;1;2;0;1;0;7;0;25;9.62;21.15;23.08;3.85;3.85;5.77;1.92;3.85;0;1.92;0;11.86;0
88172;88;Fiménil;198;167;162;64;32;16;18;9;4;8;6;5;0;0;0;31;2;39.51;19.75;9.88;11.11;5.56;2.47;4.94;3.7;3.09;0;0;0;15.66;1.23
88173;88;Florémont;383;310;298;76;54;73;48;13;2;17;3;5;5;2;0;73;3;25.5;18.12;24.5;16.11;4.36;0.67;5.7;1.01;1.68;1.68;0.67;0;19.06;1.01
88174;88;Fomerey;113;96;93;17;14;19;26;7;2;5;0;1;1;1;0;17;1;18.28;15.05;20.43;27.96;7.53;2.15;5.38;0;1.08;1.08;1.08;0;15.04;1.08
88175;88;Fontenay;391;342;331;86;48;71;51;23;10;30;1;6;5;0;0;49;2;25.98;14.5;21.45;15.41;6.95;3.02;9.06;0.3;1.81;1.51;0;0;12.53;0.6
88176;88;Fontenoy-le-Château;388;296;287;98;39;42;67;22;1;10;3;2;2;1;0;92;3;34.15;13.59;14.63;23.34;7.67;0.35;3.48;1.05;0.7;0.7;0.35;0;23.71;1.05
88177;88;La Forge;443;381;366;94;64;60;72;39;8;13;3;8;2;3;0;62;2;25.68;17.49;16.39;19.67;10.66;2.19;3.55;0.82;2.19;0.55;0.82;0;14;0.55
88178;88;Les Forges;1613;1418;1378;308;214;368;280;78;9;77;15;14;15;0;0;195;11;22.35;15.53;26.71;20.32;5.66;0.65;5.59;1.09;1.02;1.09;0;0;12.09;0.8
88179;88;Fouchécourt;39;33;33;7;8;3;8;2;0;5;0;0;0;0;0;6;0;21.21;24.24;9.09;24.24;6.06;0;15.15;0;0;0;0;0;15.38;0
88180;88;Frain;111;100;97;21;4;26;28;9;2;6;0;0;1;0;0;11;0;21.65;4.12;26.8;28.87;9.28;2.06;6.19;0;0;1.03;0;0;9.91;0
88181;88;Fraize;2186;1673;1625;669;262;259;211;87;16;65;14;24;16;2;0;513;13;41.17;16.12;15.94;12.98;5.35;0.98;4;0.86;1.48;0.98;0.12;0;23.47;0.8
88182;88;Frapelle;161;135;130;43;23;28;13;5;1;7;0;5;5;0;0;26;1;33.08;17.69;21.54;10;3.85;0.77;5.38;0;3.85;3.85;0;0;16.15;0.77
88183;88;Frebécourt;274;226;220;85;21;36;36;23;5;11;0;3;0;0;0;48;0;38.64;9.55;16.36;16.36;10.45;2.27;5;0;1.36;0;0;0;17.52;0
88184;88;Fremifontaine;382;311;293;109;46;36;43;31;8;13;4;2;1;0;0;71;2;37.2;15.7;12.29;14.68;10.58;2.73;4.44;1.37;0.68;0.34;0;0;18.59;0.68
88185;88;Frenelle-la-Grande;101;94;91;43;18;15;9;0;0;3;0;1;2;0;0;7;0;47.25;19.78;16.48;9.89;0;0;3.3;0;1.1;2.2;0;0;6.93;0
88186;88;Frenelle-la-Petite;42;34;33;16;1;3;10;1;0;0;0;2;0;0;0;8;1;48.48;3.03;9.09;30.3;3.03;0;0;0;6.06;0;0;0;19.05;3.03
88187;88;Frénois;50;42;40;18;1;2;17;1;0;0;0;1;0;0;0;8;2;45;2.5;5;42.5;2.5;0;0;0;2.5;0;0;0;16;5
88188;88;Fresse-sur-Moselle;1439;1145;1086;353;205;161;173;76;18;53;18;12;14;3;0;294;14;32.5;18.88;14.83;15.93;7;1.66;4.88;1.66;1.1;1.29;0.28;0;20.43;1.29
88189;88;Fréville;119;107;102;35;4;19;24;17;0;3;0;0;0;0;0;12;0;34.31;3.92;18.63;23.53;16.67;0;2.94;0;0;0;0;0;10.08;0
88190;88;Frizon;370;308;296;86;39;47;59;31;5;15;4;4;5;1;0;62;2;29.05;13.18;15.88;19.93;10.47;1.69;5.07;1.35;1.35;1.69;0.34;0;16.76;0.68
88192;88;Gelvécourt-et-Adompt;86;72;69;15;11;14;10;10;1;3;1;3;1;0;0;14;0;21.74;15.94;20.29;14.49;14.49;1.45;4.35;1.45;4.35;1.45;0;0;16.28;0
88193;88;Gemaingoutte;118;105;105;47;12;22;14;1;0;5;1;1;2;0;0;13;0;44.76;11.43;20.95;13.33;0.95;0;4.76;0.95;0.95;1.9;0;0;11.02;0
88194;88;Gemmelaincourt;118;103;98;31;19;12;20;6;4;5;0;0;1;0;0;15;2;31.63;19.39;12.24;20.41;6.12;4.08;5.1;0;0;1.02;0;0;12.71;2.04
88195;88;Gendreville;96;72;72;28;10;4;14;9;3;1;3;0;0;0;0;24;0;38.89;13.89;5.56;19.44;12.5;4.17;1.39;4.17;0;0;0;0;25;0
88196;88;Gérardmer;6545;5363;5210;930;1121;1229;1083;280;49;299;40;120;43;16;0;1182;42;17.85;21.52;23.59;20.79;5.37;0.94;5.74;0.77;2.3;0.83;0.31;0;18.06;0.81
88197;88;Gerbamont;314;267;258;61;38;42;68;21;7;12;3;1;4;1;0;47;1;23.64;14.73;16.28;26.36;8.14;2.71;4.65;1.16;0.39;1.55;0.39;0;14.97;0.39
88198;88;Gerbépal;441;373;356;89;65;77;62;18;6;24;4;6;5;0;0;68;3;25;18.26;21.63;17.42;5.06;1.69;6.74;1.12;1.69;1.4;0;0;15.42;0.84
88199;88;Gignéville;57;50;49;21;7;5;3;7;1;0;2;1;2;0;0;7;1;42.86;14.29;10.2;6.12;14.29;2.04;0;4.08;2.04;4.08;0;0;12.28;2.04
88200;88;Gigney;54;43;41;7;4;11;14;3;0;1;0;0;1;0;0;11;1;17.07;9.76;26.83;34.15;7.32;0;2.44;0;0;2.44;0;0;20.37;2.44
88201;88;Girancourt;680;587;565;172;83;125;85;36;4;36;6;10;6;2;0;93;8;30.44;14.69;22.12;15.04;6.37;0.71;6.37;1.06;1.77;1.06;0.35;0;13.68;1.42
88202;88;Gircourt-lès-Viéville;160;137;136;45;26;11;20;20;4;2;2;3;1;2;0;23;1;33.09;19.12;8.09;14.71;14.71;2.94;1.47;1.47;2.21;0.74;1.47;0;14.38;0.74
88203;88;Girecourt-sur-Durbion;270;236;227;73;43;33;41;10;2;11;5;3;5;1;0;34;2;32.16;18.94;14.54;18.06;4.41;0.88;4.85;2.2;1.32;2.2;0.44;0;12.59;0.88
88205;88;Girmont-Val-d'Ajol;237;202;196;45;33;33;48;18;7;2;1;4;5;0;0;35;1;22.96;16.84;16.84;24.49;9.18;3.57;1.02;0.51;2.04;2.55;0;0;14.77;0.51
88206;88;Gironcourt-sur-Vraine;668;562;549;175;126;111;57;36;5;19;1;14;4;1;0;106;3;31.88;22.95;20.22;10.38;6.56;0.91;3.46;0.18;2.55;0.73;0.18;0;15.87;0.55
88208;88;Godoncourt;111;93;89;22;8;18;13;16;4;4;0;4;0;0;0;18;2;24.72;8.99;20.22;14.61;17.98;4.49;4.49;0;4.49;0;0;0;16.22;2.25
88209;88;Golbey;6263;4802;4664;1323;876;975;710;253;47;317;46;58;51;8;0;1461;43;28.37;18.78;20.9;15.22;5.42;1.01;6.8;0.99;1.24;1.09;0.17;0;23.33;0.92
88210;88;Gorhey;145;121;113;57;7;25;10;6;1;4;0;1;2;0;0;24;4;50.44;6.19;22.12;8.85;5.31;0.88;3.54;0;0.88;1.77;0;0;16.55;3.54
88212;88;Grand;330;270;257;95;22;50;54;20;0;11;0;3;2;0;0;60;1;36.96;8.56;19.46;21.01;7.78;0;4.28;0;1.17;0.78;0;0;18.18;0.39
88213;88;La Grande-Fosse;117;99;97;26;15;24;14;4;3;9;0;2;0;0;0;18;1;26.8;15.46;24.74;14.43;4.12;3.09;9.28;0;2.06;0;0;0;15.38;1.03
88214;88;Grandrupt-de-Bains;59;51;50;8;7;17;13;3;0;1;0;1;0;0;0;8;0;16;14;34;26;6;0;2;0;2;0;0;0;13.56;0
88215;88;Grandrupt;72;64;63;28;3;13;8;3;2;3;0;1;2;0;0;8;0;44.44;4.76;20.63;12.7;4.76;3.17;4.76;0;1.59;3.17;0;0;11.11;0
88216;88;Grandvillers;565;469;449;150;66;90;59;44;6;22;3;7;2;0;0;96;8;33.41;14.7;20.04;13.14;9.8;1.34;4.9;0.67;1.56;0.45;0;0;16.99;1.78
88218;88;Granges-Aumontzey;1972;1610;1562;527;268;276;232;94;30;81;13;32;7;2;0;362;12;33.74;17.16;17.67;14.85;6.02;1.92;5.19;0.83;2.05;0.45;0.13;0;18.36;0.77
88219;88;Greux;139;124;118;33;12;22;36;8;1;4;2;0;0;0;0;15;1;27.97;10.17;18.64;30.51;6.78;0.85;3.39;1.69;0;0;0;0;10.79;0.85
88220;88;Grignoncourt;41;32;31;12;7;5;3;2;0;0;2;0;0;0;0;9;0;38.71;22.58;16.13;9.68;6.45;0;0;6.45;0;0;0;0;21.95;0
88221;88;Gruey-lès-Surance;194;153;146;53;12;27;26;13;2;10;2;0;1;0;0;41;3;36.3;8.22;18.49;17.81;8.9;1.37;6.85;1.37;0;0.68;0;0;21.13;2.05
88222;88;Gugnécourt;140;117;112;26;19;18;24;16;4;4;0;0;1;0;0;23;1;23.21;16.96;16.07;21.43;14.29;3.57;3.57;0;0;0.89;0;0;16.43;0.89
88223;88;Gugney-aux-Aulx;124;105;97;31;16;13;25;6;1;3;0;1;1;0;0;19;1;31.96;16.49;13.4;25.77;6.19;1.03;3.09;0;1.03;1.03;0;0;15.32;1.03
88224;88;Hadigny-les-Verrières;320;247;235;89;40;39;36;15;5;6;2;3;0;0;0;73;0;37.87;17.02;16.6;15.32;6.38;2.13;2.55;0.85;1.28;0;0;0;22.81;0
88225;88;Hadol;1934;1651;1592;472;240;338;275;126;22;63;25;17;9;5;0;283;9;29.65;15.08;21.23;17.27;7.91;1.38;3.96;1.57;1.07;0.57;0.31;0;14.63;0.57
88226;88;Hagécourt;100;90;87;32;15;16;10;4;1;4;2;0;3;0;0;10;0;36.78;17.24;18.39;11.49;4.6;1.15;4.6;2.3;0;3.45;0;0;10;0
88227;88;Hagnéville-et-Roncourt;77;68;67;28;6;5;13;8;1;3;1;0;1;1;0;9;0;41.79;8.96;7.46;19.4;11.94;1.49;4.48;1.49;0;1.49;1.49;0;11.69;0
88228;88;Haillainville;140;124;119;36;12;10;36;10;2;7;2;3;1;0;0;16;2;30.25;10.08;8.4;30.25;8.4;1.68;5.88;1.68;2.52;0.84;0;0;11.43;1.68
88229;88;Harchéchamp;67;63;59;24;7;9;16;2;1;0;0;0;0;0;0;4;2;40.68;11.86;15.25;27.12;3.39;1.69;0;0;0;0;0;0;5.97;3.39
88230;88;Hardancourt;29;28;22;1;2;6;8;3;0;2;0;0;0;0;0;1;3;4.55;9.09;27.27;36.36;13.64;0;9.09;0;0;0;0;0;3.45;13.64
88231;88;Haréville;385;311;303;83;46;58;64;27;6;10;3;4;1;1;0;74;2;27.39;15.18;19.14;21.12;8.91;1.98;3.3;0.99;1.32;0.33;0.33;0;19.22;0.66
88232;88;Harmonville;172;150;144;51;24;21;24;8;1;10;3;2;0;0;0;22;2;35.42;16.67;14.58;16.67;5.56;0.69;6.94;2.08;1.39;0;0;0;12.79;1.39
88233;88;Harol;434;381;365;121;29;57;82;48;3;13;4;6;2;0;0;53;2;33.15;7.95;15.62;22.47;13.15;0.82;3.56;1.1;1.64;0.55;0;0;12.21;0.55
88236;88;La Haye;110;82;81;31;11;13;18;4;1;3;0;0;0;0;0;28;0;38.27;13.58;16.05;22.22;4.94;1.23;3.7;0;0;0;0;0;25.45;0
88237;88;Hennecourt;301;255;244;79;40;38;40;19;2;13;6;3;3;1;0;46;11;32.38;16.39;15.57;16.39;7.79;0.82;5.33;2.46;1.23;1.23;0.41;0;15.28;4.51
88238;88;Hennezel;283;222;209;74;39;37;26;17;2;5;3;3;2;1;0;61;4;35.41;18.66;17.7;12.44;8.13;0.96;2.39;1.44;1.44;0.96;0.48;0;21.55;1.91
88239;88;Hergugney;111;85;82;19;8;15;16;10;2;8;2;1;1;0;0;26;0;23.17;9.76;18.29;19.51;12.2;2.44;9.76;2.44;1.22;1.22;0;0;23.42;0
88240;88;Herpelmont;227;198;188;83;29;30;19;12;4;6;2;2;0;1;0;29;1;44.15;15.43;15.96;10.11;6.38;2.13;3.19;1.06;1.06;0;0.53;0;12.78;0.53
88241;88;Houécourt;323;281;275;102;62;40;36;11;3;13;0;2;5;1;0;42;5;37.09;22.55;14.55;13.09;4;1.09;4.73;0;0.73;1.82;0.36;0;13;1.82
88242;88;Houéville;34;31;31;15;1;4;6;4;0;1;0;0;0;0;0;3;0;48.39;3.23;12.9;19.35;12.9;0;3.23;0;0;0;0;0;8.82;0
88243;88;Housseras;411;340;331;100;49;51;57;33;8;20;2;10;1;0;0;71;5;30.21;14.8;15.41;17.22;9.97;2.42;6.04;0.6;3.02;0.3;0;0;17.27;1.51
88244;88;La Houssière;407;320;308;105;54;37;56;21;6;12;4;7;5;1;0;87;3;34.09;17.53;12.01;18.18;6.82;1.95;3.9;1.3;2.27;1.62;0.32;0;21.38;0.97
88245;88;Hurbache;243;208;202;63;39;33;30;20;1;6;6;3;1;0;0;35;5;31.19;19.31;16.34;14.85;9.9;0.5;2.97;2.97;1.49;0.5;0;0;14.4;2.48
88246;88;Hymont;346;306;299;78;67;85;42;10;0;12;3;0;2;0;0;40;1;26.09;22.41;28.43;14.05;3.34;0;4.01;1;0;0.67;0;0;11.56;0.33
88247;88;Igney;924;766;740;293;127;114;99;40;4;37;3;13;9;1;0;158;23;39.59;17.16;15.41;13.38;5.41;0.54;5;0.41;1.76;1.22;0.14;0;17.1;3.11
88248;88;Isches;150;132;131;39;9;30;38;7;3;0;1;1;2;1;0;18;0;29.77;6.87;22.9;29.01;5.34;2.29;0;0.76;0.76;1.53;0.76;0;12;0
88249;88;Jainvillotte;80;62;61;15;12;11;13;3;2;2;1;1;0;1;0;18;0;24.59;19.67;18.03;21.31;4.92;3.28;3.28;1.64;1.64;0;1.64;0;22.5;0
88250;88;Jarménil;312;269;259;89;55;42;33;17;1;8;6;3;4;1;0;43;1;34.36;21.24;16.22;12.74;6.56;0.39;3.09;2.32;1.16;1.54;0.39;0;13.78;0.39
88251;88;Jeanménil;927;762;742;225;103;143;169;54;10;18;0;13;5;2;0;165;9;30.32;13.88;19.27;22.78;7.28;1.35;2.43;0;1.75;0.67;0.27;0;17.8;1.21
88252;88;Jésonville;123;103;101;27;14;23;19;7;1;5;1;2;2;0;0;20;0;26.73;13.86;22.77;18.81;6.93;0.99;4.95;0.99;1.98;1.98;0;0;16.26;0
88253;88;Jeuxey;563;482;475;104;64;108;130;25;5;24;5;8;0;2;0;81;3;21.89;13.47;22.74;27.37;5.26;1.05;5.05;1.05;1.68;0;0.42;0;14.39;0.63
88254;88;Jorxey;79;61;58;23;9;11;5;6;0;2;0;1;1;0;0;18;0;39.66;15.52;18.97;8.62;10.34;0;3.45;0;1.72;1.72;0;0;22.78;0
88255;88;Jubainville;74;69;65;17;2;11;18;10;0;3;0;4;0;0;0;5;3;26.15;3.08;16.92;27.69;15.38;0;4.62;0;6.15;0;0;0;6.76;4.62
88256;88;Jussarupt;228;184;180;66;24;23;47;10;1;5;2;1;0;1;0;44;3;36.67;13.33;12.78;26.11;5.56;0.56;2.78;1.11;0.56;0;0.56;0;19.3;1.67
88257;88;Juvaincourt;135;117;114;41;18;12;22;8;4;4;1;1;3;0;0;18;1;35.96;15.79;10.53;19.3;7.02;3.51;3.51;0.88;0.88;2.63;0;0;13.33;0.88
88258;88;Lamarche;705;539;521;190;73;104;67;45;3;23;4;9;3;0;0;166;4;36.47;14.01;19.96;12.86;8.64;0.58;4.41;0.77;1.73;0.58;0;0;23.55;0.77
88259;88;Landaville;271;227;219;85;21;29;35;23;6;9;3;3;5;0;0;44;0;38.81;9.59;13.24;15.98;10.5;2.74;4.11;1.37;1.37;2.28;0;0;16.24;0
88260;88;Langley;144;120;118;26;25;30;22;8;0;6;1;0;0;0;0;24;0;22.03;21.19;25.42;18.64;6.78;0;5.08;0.85;0;0;0;0;16.67;0
88261;88;Laval-sur-Vologne;481;410;395;125;70;74;71;25;4;15;0;5;5;1;0;71;4;31.65;17.72;18.73;17.97;6.33;1.01;3.8;0;1.27;1.27;0.25;0;14.76;1.01
88262;88;Laveline-devant-Bruyères;445;350;337;123;69;52;49;16;1;12;1;6;6;2;0;95;2;36.5;20.47;15.43;14.54;4.75;0.3;3.56;0.3;1.78;1.78;0.59;0;21.35;0.59
88263;88;Laveline-du-Houx;186;155;152;62;18;24;25;13;3;2;3;2;0;0;0;31;0;40.79;11.84;15.79;16.45;8.55;1.97;1.32;1.97;1.32;0;0;0;16.67;0
88264;88;Légéville-et-Bonfays;49;37;35;18;6;2;6;1;0;0;0;2;0;0;0;12;1;51.43;17.14;5.71;17.14;2.86;0;0;0;5.71;0;0;0;24.49;2.86
88265;88;Lemmecourt;28;22;22;10;1;1;6;3;0;1;0;0;0;0;0;6;0;45.45;4.55;4.55;27.27;13.64;0;4.55;0;0;0;0;0;21.43;0
88266;88;Lépanges-sur-Vologne;605;491;473;154;54;118;81;30;2;18;6;7;2;1;0;114;17;32.56;11.42;24.95;17.12;6.34;0.42;3.81;1.27;1.48;0.42;0.21;0;18.84;3.59
88267;88;Lerrain;358;321;314;86;54;44;73;32;3;13;1;7;1;0;0;37;2;27.39;17.2;14.01;23.25;10.19;0.96;4.14;0.32;2.23;0.32;0;0;10.34;0.64
88268;88;Lesseux;130;107;101;38;13;18;18;4;1;2;4;2;1;0;0;23;1;37.62;12.87;17.82;17.82;3.96;0.99;1.98;3.96;1.98;0.99;0;0;17.69;0.99
88269;88;Liézey;257;219;212;31;41;56;34;13;5;16;4;11;1;0;0;38;1;14.62;19.34;26.42;16.04;6.13;2.36;7.55;1.89;5.19;0.47;0;0;14.79;0.47
88270;88;Liffol-le-Grand;1619;1283;1250;411;181;256;231;87;12;40;7;11;13;1;0;336;15;32.88;14.48;20.48;18.48;6.96;0.96;3.2;0.56;0.88;1.04;0.08;0;20.75;1.2
88271;88;Lignéville;242;193;185;58;44;26;24;14;3;13;0;2;0;1;0;49;3;31.35;23.78;14.05;12.97;7.57;1.62;7.03;0;1.08;0;0.54;0;20.25;1.62
88272;88;Lironcourt;68;55;53;13;7;7;11;5;0;10;0;0;0;0;0;13;0;24.53;13.21;13.21;20.75;9.43;0;18.87;0;0;0;0;0;19.12;0
88273;88;Longchamp;380;325;315;82;64;63;62;25;0;14;3;1;1;0;0;55;2;26.03;20.32;20;19.68;7.94;0;4.44;0.95;0.32;0.32;0;0;14.47;0.63
88274;88;Longchamp-sous-Châtenois;72;64;62;19;11;8;18;2;1;3;0;0;0;0;0;8;0;30.65;17.74;12.9;29.03;3.23;1.61;4.84;0;0;0;0;0;11.11;0
88275;88;Lubine;175;134;133;47;23;21;23;9;6;1;0;1;1;1;0;41;0;35.34;17.29;15.79;17.29;6.77;4.51;0.75;0;0.75;0.75;0.75;0;23.43;0
88276;88;Lusse;350;297;287;75;53;50;56;16;5;23;0;4;4;1;0;53;4;26.13;18.47;17.42;19.51;5.57;1.74;8.01;0;1.39;1.39;0.35;0;15.14;1.39
88277;88;Luvigny;84;64;57;15;7;12;11;7;1;1;3;0;0;0;0;20;3;26.32;12.28;21.05;19.3;12.28;1.75;1.75;5.26;0;0;0;0;23.81;5.26
88278;88;Maconcourt;76;62;60;24;4;5;14;3;2;8;0;0;0;0;0;14;0;40;6.67;8.33;23.33;5;3.33;13.33;0;0;0;0;0;18.42;0
88279;88;Madecourt;52;50;49;24;5;9;7;2;0;2;0;0;0;0;0;2;0;48.98;10.2;18.37;14.29;4.08;0;4.08;0;0;0;0;0;3.85;0
88280;88;Madegney;104;80;78;41;8;14;2;9;1;3;0;0;0;0;0;24;1;52.56;10.26;17.95;2.56;11.54;1.28;3.85;0;0;0;0;0;23.08;1.28
88281;88;Madonne-et-Lamerey;309;237;226;55;29;36;64;20;2;7;3;6;4;0;0;72;2;24.34;12.83;15.93;28.32;8.85;0.88;3.1;1.33;2.65;1.77;0;0;23.3;0.88
88283;88;Malaincourt;71;54;52;16;5;7;11;1;1;4;1;2;4;0;0;17;1;30.77;9.62;13.46;21.15;1.92;1.92;7.69;1.92;3.85;7.69;0;0;23.94;1.92
88284;88;Mandray;522;417;408;159;85;61;55;14;2;13;6;7;4;2;0;105;0;38.97;20.83;14.95;13.48;3.43;0.49;3.19;1.47;1.72;0.98;0.49;0;20.11;0
88285;88;Mandres-sur-Vair;266;239;233;69;30;42;38;27;2;12;5;4;4;0;0;27;2;29.61;12.88;18.03;16.31;11.59;0.86;5.15;2.15;1.72;1.72;0;0;10.15;0.86
88286;88;Marainville-sur-Madon;70;59;56;9;4;13;20;5;2;2;0;0;0;1;0;11;0;16.07;7.14;23.21;35.71;8.93;3.57;3.57;0;0;0;1.79;0;15.71;0
88287;88;Marey;75;61;57;22;5;12;7;7;1;2;0;0;0;1;0;14;0;38.6;8.77;21.05;12.28;12.28;1.75;3.51;0;0;0;1.75;0;18.67;0
88288;88;Maroncourt;13;13;12;4;0;1;2;5;0;0;0;0;0;0;0;0;0;33.33;0;8.33;16.67;41.67;0;0;0;0;0;0;0;0;0
88289;88;Martigny-les-Bains;648;500;489;144;59;105;79;57;6;17;5;4;12;1;0;148;4;29.45;12.07;21.47;16.16;11.66;1.23;3.48;1.02;0.82;2.45;0.2;0;22.84;0.82
88290;88;Martigny-les-Gerbonvaux;82;73;72;35;8;9;8;5;0;6;0;1;0;0;0;9;1;48.61;11.11;12.5;11.11;6.94;0;8.33;0;1.39;0;0;0;10.98;1.39
88291;88;Martinvelle;111;91;89;28;4;18;27;9;2;0;0;1;0;0;0;20;1;31.46;4.49;20.22;30.34;10.11;2.25;0;0;1.12;0;0;0;18.02;1.12
88292;88;Mattaincourt;509;414;396;106;97;86;46;25;2;21;2;5;4;2;0;95;1;26.77;24.49;21.72;11.62;6.31;0.51;5.3;0.51;1.26;1.01;0.51;0;18.66;0.25
88293;88;Maxey-sur-Meuse;196;161;157;53;19;48;13;11;2;3;1;3;1;3;0;35;0;33.76;12.1;30.57;8.28;7.01;1.27;1.91;0.64;1.91;0.64;1.91;0;17.86;0
88294;88;Mazeley;209;180;176;62;20;40;35;7;3;2;3;2;2;0;0;29;2;35.23;11.36;22.73;19.89;3.98;1.7;1.14;1.7;1.14;1.14;0;0;13.88;1.14
88295;88;Mazirot;177;151;148;51;11;41;18;13;1;7;0;5;1;0;0;26;1;34.46;7.43;27.7;12.16;8.78;0.68;4.73;0;3.38;0.68;0;0;14.69;0.68
88296;88;Médonville;70;64;63;14;8;12;20;7;0;0;0;1;1;0;0;6;0;22.22;12.7;19.05;31.75;11.11;0;0;0;1.59;1.59;0;0;8.57;0
88297;88;Méménil;124;113;107;50;16;15;12;3;2;7;2;0;0;0;0;11;1;46.73;14.95;14.02;11.21;2.8;1.87;6.54;1.87;0;0;0;0;8.87;0.93
88298;88;Ménarmont;53;43;42;28;4;4;4;0;1;0;0;1;0;0;0;10;0;66.67;9.52;9.52;9.52;0;2.38;0;0;2.38;0;0;0;18.87;0
88299;88;Ménil-en-Xaintois;124;110;110;29;18;15;29;11;1;4;2;1;0;0;0;14;0;26.36;16.36;13.64;26.36;10;0.91;3.64;1.82;0.91;0;0;0;11.29;0
88300;88;Ménil-de-Senones;128;107;103;28;15;28;19;0;6;3;0;1;2;1;0;21;4;27.18;14.56;27.18;18.45;0;5.83;2.91;0;0.97;1.94;0.97;0;16.41;3.88
88301;88;Ménil-sur-Belvitte;254;208;199;72;22;47;18;21;5;4;6;1;3;0;0;46;1;36.18;11.06;23.62;9.05;10.55;2.51;2.01;3.02;0.5;1.51;0;0;18.11;0.5
88302;88;Le Ménil;897;754;726;219;103;156;121;60;12;24;11;9;11;0;0;143;9;30.17;14.19;21.49;16.67;8.26;1.65;3.31;1.52;1.24;1.52;0;0;15.94;1.24
88303;88;Midrevaux;175;153;150;67;20;29;15;8;1;6;1;2;0;1;0;22;0;44.67;13.33;19.33;10;5.33;0.67;4;0.67;1.33;0;0.67;0;12.57;0
88304;88;Mirecourt;3523;2591;2531;548;570;575;418;118;33;163;38;41;23;4;0;932;27;21.65;22.52;22.72;16.52;4.66;1.3;6.44;1.5;1.62;0.91;0.16;0;26.45;1.07
88305;88;Moncel-sur-Vair;184;159;154;47;26;39;24;11;1;3;0;2;0;1;0;25;0;30.52;16.88;25.32;15.58;7.14;0.65;1.95;0;1.3;0;0.65;0;13.59;0
88306;88;Le Mont;57;46;46;10;5;15;9;3;0;3;0;1;0;0;0;11;0;21.74;10.87;32.61;19.57;6.52;0;6.52;0;2.17;0;0;0;19.3;0
88307;88;Mont-lès-Lamarche;93;68;68;29;13;7;7;5;0;4;2;0;1;0;0;25;0;42.65;19.12;10.29;10.29;7.35;0;5.88;2.94;0;1.47;0;0;26.88;0
88308;88;Mont-lès-Neufchâteau;193;167;166;45;34;29;35;13;2;3;1;1;3;0;0;26;1;27.11;20.48;17.47;21.08;7.83;1.2;1.81;0.6;0.6;1.81;0;0;13.47;0.6
88309;88;Monthureux-le-Sec;129;106;104;30;16;13;30;8;0;4;1;1;1;0;0;23;2;28.85;15.38;12.5;28.85;7.69;0;3.85;0.96;0.96;0.96;0;0;17.83;1.92
88310;88;Monthureux-sur-Saône;617;516;505;124;85;107;109;34;9;18;5;8;3;3;0;101;1;24.55;16.83;21.19;21.58;6.73;1.78;3.56;0.99;1.58;0.59;0.59;0;16.37;0.2
88311;88;Montmotier;43;35;34;14;7;4;8;0;0;0;0;1;0;0;0;8;0;41.18;20.59;11.76;23.53;0;0;0;0;2.94;0;0;0;18.6;0
88312;88;Morelmaison;154;132;131;53;31;24;9;8;0;1;3;2;0;0;0;22;1;40.46;23.66;18.32;6.87;6.11;0;0.76;2.29;1.53;0;0;0;14.29;0.76
88313;88;Moriville;346;267;262;103;35;32;51;17;1;15;2;5;1;0;0;79;0;39.31;13.36;12.21;19.47;6.49;0.38;5.73;0.76;1.91;0.38;0;0;22.83;0
88314;88;Morizécourt;107;88;85;38;18;8;9;4;2;1;2;1;2;0;0;19;2;44.71;21.18;9.41;10.59;4.71;2.35;1.18;2.35;1.18;2.35;0;0;17.76;2.35
88315;88;Mortagne;141;124;122;44;12;24;15;15;1;4;2;2;3;0;0;17;0;36.07;9.84;19.67;12.3;12.3;0.82;3.28;1.64;1.64;2.46;0;0;12.06;0
88316;88;Morville;35;35;35;14;2;3;11;3;0;1;0;1;0;0;0;0;0;40;5.71;8.57;31.43;8.57;0;2.86;0;2.86;0;0;0;0;0
88317;88;Moussey;490;389;369;130;76;66;52;21;2;12;1;6;3;0;0;101;5;35.23;20.6;17.89;14.09;5.69;0.54;3.25;0.27;1.63;0.81;0;0;20.61;1.36
88318;88;Moyemont;166;141;138;43;25;25;27;12;0;2;0;2;2;0;0;25;2;31.16;18.12;18.12;19.57;8.7;0;1.45;0;1.45;1.45;0;0;15.06;1.45
88319;88;Moyenmoutier;2461;1920;1875;819;271;288;240;94;14;70;24;34;18;3;0;541;10;43.68;14.45;15.36;12.8;5.01;0.75;3.73;1.28;1.81;0.96;0.16;0;21.98;0.53
88320;88;Nayemont-les-Fosses;701;621;601;139;100;138;130;24;4;48;5;7;3;3;0;80;7;23.13;16.64;22.96;21.63;3.99;0.67;7.99;0.83;1.16;0.5;0.5;0;11.41;1.16
88321;88;Neufchâteau;4737;3617;3525;908;519;767;712;248;38;202;25;59;40;7;0;1120;30;25.76;14.72;21.76;20.2;7.04;1.08;5.73;0.71;1.67;1.13;0.2;0;23.64;0.85
88322;88;La Neuveville-devant-Lépanges;362;308;298;127;41;44;44;11;8;13;3;6;0;1;0;54;4;42.62;13.76;14.77;14.77;3.69;2.68;4.36;1.01;2.01;0;0.34;0;14.92;1.34
88324;88;La Neuveville-sous-Châtenois;272;225;220;61;37;56;21;19;1;16;1;5;3;0;0;47;4;27.73;16.82;25.45;9.55;8.64;0.45;7.27;0.45;2.27;1.36;0;0;17.28;1.82
88325;88;La Neuveville-sous-Montfort;157;127;126;47;18;13;26;16;3;0;1;2;0;0;0;30;1;37.3;14.29;10.32;20.63;12.7;2.38;0;0.79;1.59;0;0;0;19.11;0.79
88326;88;Neuvillers-sur-Fave;270;237;234;77;30;43;50;17;6;5;2;2;2;0;0;33;1;32.91;12.82;18.38;21.37;7.26;2.56;2.14;0.85;0.85;0.85;0;0;12.22;0.43
88327;88;Nomexy;1597;1175;1146;413;227;180;133;64;11;71;13;16;14;4;0;422;5;36.04;19.81;15.71;11.61;5.58;0.96;6.2;1.13;1.4;1.22;0.35;0;26.42;0.44
88328;88;Nompatelize;489;405;397;121;66;76;78;25;3;16;8;2;1;1;0;84;2;30.48;16.62;19.14;19.65;6.3;0.76;4.03;2.02;0.5;0.25;0.25;0;17.18;0.5
88330;88;Nonville;136;119;113;39;16;21;20;11;1;2;0;2;1;0;0;17;4;34.51;14.16;18.58;17.7;9.73;0.88;1.77;0;1.77;0.88;0;0;12.5;3.54
88331;88;Nonzeville;45;41;40;11;8;5;8;4;2;1;1;0;0;0;0;4;0;27.5;20;12.5;20;10;5;2.5;2.5;0;0;0;0;8.89;0
88332;88;Norroy;187;152;148;39;29;19;37;8;1;5;2;4;3;1;0;35;0;26.35;19.59;12.84;25;5.41;0.68;3.38;1.35;2.7;2.03;0.68;0;18.72;0
88333;88;Nossoncourt;93;80;79;29;8;8;18;9;1;3;0;1;2;0;0;13;1;36.71;10.13;10.13;22.78;11.39;1.27;3.8;0;1.27;2.53;0;0;13.98;1.27
88334;88;Oëlleville;206;188;183;49;13;35;45;25;1;11;1;3;0;0;0;18;2;26.78;7.1;19.13;24.59;13.66;0.55;6.01;0.55;1.64;0;0;0;8.74;1.09
88335;88;Offroicourt;113;101;99;31;13;28;8;14;1;4;0;0;0;0;0;12;1;31.31;13.13;28.28;8.08;14.14;1.01;4.04;0;0;0;0;0;10.62;1.01
88336;88;Ollainville;63;53;52;15;3;7;20;5;0;1;0;1;0;0;0;10;0;28.85;5.77;13.46;38.46;9.62;0;1.92;0;1.92;0;0;0;15.87;0
88338;88;Ortoncourt;66;60;56;20;9;15;5;3;0;2;0;1;1;0;0;6;0;35.71;16.07;26.79;8.93;5.36;0;3.57;0;1.79;1.79;0;0;9.09;0
88340;88;Padoux;386;331;322;136;29;42;54;43;3;5;3;6;0;1;0;55;1;42.24;9.01;13.04;16.77;13.35;0.93;1.55;0.93;1.86;0;0.31;0;14.25;0.31
88341;88;Pair-et-Grandrupt;386;338;326;91;47;77;44;34;6;16;1;5;4;1;0;48;3;27.91;14.42;23.62;13.5;10.43;1.84;4.91;0.31;1.53;1.23;0.31;0;12.44;0.92
88342;88;Pallegney;122;107;104;39;23;13;21;2;0;4;0;1;1;0;0;15;3;37.5;22.12;12.5;20.19;1.92;0;3.85;0;0.96;0.96;0;0;12.3;2.88
88343;88;Parey-sous-Montfort;113;94;90;28;11;15;19;7;4;1;3;1;1;0;0;19;3;31.11;12.22;16.67;21.11;7.78;4.44;1.11;3.33;1.11;1.11;0;0;16.81;3.33
88344;88;Pargny-sous-Mureau;136;119;115;36;19;14;30;5;0;6;1;3;1;0;0;17;1;31.3;16.52;12.17;26.09;4.35;0;5.22;0.87;2.61;0.87;0;0;12.5;0.87
88345;88;La Petite-Fosse;64;54;50;9;9;15;4;10;1;0;1;0;1;0;0;10;4;18;18;30;8;20;2;0;2;0;2;0;0;15.63;8
88346;88;La Petite-Raon;550;421;401;178;60;61;53;18;1;13;4;8;4;1;0;129;9;44.39;14.96;15.21;13.22;4.49;0.25;3.24;1;2;1;0.25;0;23.45;2.24
88347;88;Pierrefitte;83;74;71;23;19;9;15;1;1;1;0;2;0;0;0;9;1;32.39;26.76;12.68;21.13;1.41;1.41;1.41;0;2.82;0;0;0;10.84;1.41
88348;88;Pierrepont-sur-l'Arentèle;121;100;98;38;14;12;22;5;0;3;0;1;3;0;0;21;1;38.78;14.29;12.24;22.45;5.1;0;3.06;0;1.02;3.06;0;0;17.36;1.02
88349;88;Plainfaing;1296;1017;986;400;224;124;107;51;12;35;5;13;14;1;0;279;5;40.57;22.72;12.58;10.85;5.17;1.22;3.55;0.51;1.32;1.42;0.1;0;21.53;0.51
88350;88;Pleuvezain;68;53;51;20;8;7;9;3;1;2;0;0;1;0;0;15;1;39.22;15.69;13.73;17.65;5.88;1.96;3.92;0;0;1.96;0;0;22.06;1.96
88351;88;Plombières-les-Bains;1294;1059;1035;276;154;248;199;55;24;34;17;16;8;4;0;235;6;26.67;14.88;23.96;19.23;5.31;2.32;3.29;1.64;1.55;0.77;0.39;0;18.16;0.58
88352;88;Pompierre;191;160;157;30;20;30;52;10;1;6;2;4;2;0;0;31;1;19.11;12.74;19.11;33.12;6.37;0.64;3.82;1.27;2.55;1.27;0;0;16.23;0.64
88353;88;Pont-lès-Bonfays;74;67;62;18;7;11;19;1;0;6;0;0;0;0;0;7;4;29.03;11.29;17.74;30.65;1.61;0;9.68;0;0;0;0;0;9.46;6.45
88354;88;Pont-sur-Madon;111;102;100;43;17;16;10;8;1;4;0;0;1;0;0;9;1;43;17;16;10;8;1;4;0;0;1;0;0;8.11;1
88355;88;Portieux;824;644;631;221;99;93;128;34;7;26;8;10;4;1;0;180;1;35.02;15.69;14.74;20.29;5.39;1.11;4.12;1.27;1.58;0.63;0.16;0;21.84;0.16
88356;88;Les Poulières;185;162;152;75;16;31;17;6;1;5;0;0;1;0;0;23;3;49.34;10.53;20.39;11.18;3.95;0.66;3.29;0;0;0.66;0;0;12.43;1.97
88357;88;Poussay;598;489;479;129;92;85;74;38;8;27;1;14;8;3;0;109;1;26.93;19.21;17.75;15.45;7.93;1.67;5.64;0.21;2.92;1.67;0.63;0;18.23;0.21
88358;88;Pouxeux;1471;1197;1157;390;207;195;175;78;6;51;16;25;14;0;0;274;13;33.71;17.89;16.85;15.13;6.74;0.52;4.41;1.38;2.16;1.21;0;0;18.63;1.12
88359;88;Prey;73;64;64;23;10;16;6;4;0;4;0;1;0;0;0;9;0;35.94;15.63;25;9.38;6.25;0;6.25;0;1.56;0;0;0;12.33;0
88360;88;Provenchères-lès-Darney;143;107;106;43;14;16;10;11;4;6;0;0;0;2;0;36;0;40.57;13.21;15.09;9.43;10.38;3.77;5.66;0;0;0;1.89;0;25.17;0
88361;88;Provenchères-et-Colroy;1002;832;812;308;131;121;125;50;12;41;8;4;10;2;0;170;5;37.93;16.13;14.9;15.39;6.16;1.48;5.05;0.99;0.49;1.23;0.25;0;16.97;0.62
88362;88;Le Puid;111;93;93;20;16;20;21;5;1;8;0;2;0;0;0;18;0;21.51;17.2;21.51;22.58;5.38;1.08;8.6;0;2.15;0;0;0;16.22;0
88363;88;Punerot;131;109;105;33;14;15;23;5;1;5;2;4;3;0;0;22;1;31.43;13.33;14.29;21.9;4.76;0.95;4.76;1.9;3.81;2.86;0;0;16.79;0.95
88364;88;Puzieux;131;119;114;34;12;14;45;4;2;0;1;1;0;1;0;12;1;29.82;10.53;12.28;39.47;3.51;1.75;0;0.88;0.88;0;0.88;0;9.16;0.88
88365;88;Racécourt;114;99;98;20;20;29;9;5;4;7;0;4;0;0;0;15;0;20.41;20.41;29.59;9.18;5.1;4.08;7.14;0;4.08;0;0;0;13.16;0
88366;88;Rainville;252;220;213;59;35;49;41;14;2;9;0;3;1;0;0;32;0;27.7;16.43;23;19.25;6.57;0.94;4.23;0;1.41;0.47;0;0;12.7;0
88367;88;Rambervillers;3831;2696;2619;880;417;456;471;169;24;109;23;35;28;7;0;1135;24;33.6;15.92;17.41;17.98;6.45;0.92;4.16;0.88;1.34;1.07;0.27;0;29.63;0.92
88368;88;Ramecourt;149;128;120;28;32;15;14;12;0;14;1;3;1;0;0;21;2;23.33;26.67;12.5;11.67;10;0;11.67;0.83;2.5;0.83;0;0;14.09;1.67
88369;88;Ramonchamp;1474;1215;1167;427;178;181;157;111;11;43;18;25;12;4;0;259;15;36.59;15.25;15.51;13.45;9.51;0.94;3.68;1.54;2.14;1.03;0.34;0;17.57;1.29
88370;88;Rancourt;56;48;46;14;5;11;11;0;3;1;0;1;0;0;0;8;1;30.43;10.87;23.91;23.91;0;6.52;2.17;0;2.17;0;0;0;14.29;2.17
88371;88;Raon-aux-Bois;988;857;834;286;121;147;147;60;9;43;6;10;5;0;0;131;6;34.29;14.51;17.63;17.63;7.19;1.08;5.16;0.72;1.2;0.6;0;0;13.26;0.72
88372;88;Raon-l'Etape;4779;3420;3343;1211;557;554;513;181;30;171;44;42;34;6;0;1359;20;36.22;16.66;16.57;15.35;5.41;0.9;5.12;1.32;1.26;1.02;0.18;0;28.44;0.6
88373;88;Raon-sur-Plaine;141;116;114;28;35;20;12;5;2;10;0;1;1;0;0;25;0;24.56;30.7;17.54;10.53;4.39;1.75;8.77;0;0.88;0.88;0;0;17.73;0
88374;88;Rapey;19;19;17;5;1;0;6;2;0;0;1;0;1;1;0;0;1;29.41;5.88;0;35.29;11.76;0;0;5.88;0;5.88;5.88;0;0;5.88
88375;88;Raves;400;328;318;104;45;59;54;29;1;10;10;1;5;0;0;72;2;32.7;14.15;18.55;16.98;9.12;0.31;3.14;3.14;0.31;1.57;0;0;18;0.63
88376;88;Rebeuville;221;196;187;53;26;38;33;16;5;8;2;2;4;0;0;25;1;28.34;13.9;20.32;17.65;8.56;2.67;4.28;1.07;1.07;2.14;0;0;11.31;0.53
88377;88;Regnévelle;106;91;85;24;8;13;19;13;2;2;0;2;2;0;0;15;2;28.24;9.41;15.29;22.35;15.29;2.35;2.35;0;2.35;2.35;0;0;14.15;2.35
88378;88;Regney;74;58;57;31;4;4;5;8;1;2;0;1;1;0;0;16;0;54.39;7.02;7.02;8.77;14.04;1.75;3.51;0;1.75;1.75;0;0;21.62;0
88379;88;Rehaincourt;299;248;241;92;45;38;33;19;1;7;1;3;1;1;0;51;0;38.17;18.67;15.77;13.69;7.88;0.41;2.9;0.41;1.24;0.41;0.41;0;17.06;0
88380;88;Rehaupal;167;137;133;31;25;32;13;11;5;11;2;1;2;0;0;30;1;23.31;18.8;24.06;9.77;8.27;3.76;8.27;1.5;0.75;1.5;0;0;17.96;0.75
88381;88;Relanges;181;161;157;42;25;28;15;16;3;17;6;5;0;0;0;20;2;26.75;15.92;17.83;9.55;10.19;1.91;10.83;3.82;3.18;0;0;0;11.05;1.27
88382;88;Remicourt;52;50;50;16;6;4;13;5;0;2;4;0;0;0;0;2;0;32;12;8;26;10;0;4;8;0;0;0;0;3.85;0
88383;88;Remiremont;5817;4203;4097;811;688;1016;923;207;82;201;44;66;43;16;0;1614;32;19.79;16.79;24.8;22.53;5.05;2;4.91;1.07;1.61;1.05;0.39;0;27.75;0.78
88385;88;Remoncourt;434;341;331;96;65;58;57;25;1;12;3;6;7;1;0;93;5;29;19.64;17.52;17.22;7.55;0.3;3.63;0.91;1.81;2.11;0.3;0;21.43;1.51
88386;88;Remomeix;345;296;280;102;33;55;57;14;4;5;2;4;2;2;0;49;2;36.43;11.79;19.64;20.36;5;1.43;1.79;0.71;1.43;0.71;0.71;0;14.2;0.71
88387;88;Removille;159;141;135;44;15;29;24;9;5;5;0;0;3;1;0;18;1;32.59;11.11;21.48;17.78;6.67;3.7;3.7;0;0;2.22;0.74;0;11.32;0.74
88388;88;Renauvoid;104;94;93;25;19;15;20;6;5;1;0;2;0;0;0;10;0;26.88;20.43;16.13;21.51;6.45;5.38;1.08;0;2.15;0;0;0;9.62;0
88389;88;Repel;69;63;62;15;9;10;14;11;1;2;0;0;0;0;0;6;0;24.19;14.52;16.13;22.58;17.74;1.61;3.23;0;0;0;0;0;8.7;0
88390;88;Robécourt;98;73;73;20;15;13;20;2;0;2;1;0;0;0;0;25;0;27.4;20.55;17.81;27.4;2.74;0;2.74;1.37;0;0;0;0;25.51;0
88391;88;Rochesson;547;493;482;108;100;95;82;26;12;29;9;12;8;1;0;54;4;22.41;20.75;19.71;17.01;5.39;2.49;6.02;1.87;2.49;1.66;0.21;0;9.87;0.83
88393;88;Rollainville;241;222;215;42;33;49;45;22;5;9;1;1;6;2;0;19;1;19.53;15.35;22.79;20.93;10.23;2.33;4.19;0.47;0.47;2.79;0.93;0;7.88;0.47
88394;88;Romain-aux-Bois;46;41;36;17;3;9;1;5;0;0;0;0;1;0;0;5;1;47.22;8.33;25;2.78;13.89;0;0;0;0;2.78;0;0;10.87;2.78
88395;88;Romont;284;252;236;90;30;63;24;11;5;9;1;2;1;0;0;32;15;38.14;12.71;26.69;10.17;4.66;2.12;3.81;0.42;0.85;0.42;0;0;11.27;6.36
88398;88;Les Rouges-Eaux;81;72;71;30;8;9;13;7;0;2;1;0;1;0;0;9;0;42.25;11.27;12.68;18.31;9.86;0;2.82;1.41;0;1.41;0;0;11.11;0
88399;88;Le Roulier;143;121;120;39;9;19;26;12;2;9;1;2;0;1;0;22;0;32.5;7.5;15.83;21.67;10;1.67;7.5;0.83;1.67;0;0.83;0;15.38;0
88400;88;Rouvres-en-Xaintois;257;215;209;67;29;49;25;19;2;6;2;6;3;1;0;42;1;32.06;13.88;23.44;11.96;9.09;0.96;2.87;0.96;2.87;1.44;0.48;0;16.34;0.48
88401;88;Rouvres-la-Chétive;372;301;288;81;50;56;58;22;6;11;2;1;1;0;0;71;5;28.13;17.36;19.44;20.14;7.64;2.08;3.82;0.69;0.35;0.35;0;0;19.09;1.74
88402;88;Roville-aux-Chênes;182;160;154;56;7;27;37;15;2;7;0;2;0;1;0;22;2;36.36;4.55;17.53;24.03;9.74;1.3;4.55;0;1.3;0;0.65;0;12.09;1.3
88403;88;Rozerotte;144;117;115;34;20;21;24;7;2;3;1;2;1;0;0;27;0;29.57;17.39;18.26;20.87;6.09;1.74;2.61;0.87;1.74;0.87;0;0;18.75;0
88404;88;Rozières-sur-Mouzon;60;49;47;9;7;14;10;5;1;1;0;0;0;0;0;11;2;19.15;14.89;29.79;21.28;10.64;2.13;2.13;0;0;0;0;0;18.33;4.26
88406;88;Rugney;96;90;89;38;16;13;11;7;0;4;0;0;0;0;0;6;1;42.7;17.98;14.61;12.36;7.87;0;4.49;0;0;0;0;0;6.25;1.12
88407;88;Ruppes;132;115;112;39;15;18;12;19;4;2;0;2;1;0;0;17;0;34.82;13.39;16.07;10.71;16.96;3.57;1.79;0;1.79;0.89;0;0;12.88;0
88408;88;Rupt-sur-Moselle;2694;2215;2143;761;338;361;324;150;32;98;21;30;25;3;0;479;20;35.51;15.77;16.85;15.12;7;1.49;4.57;0.98;1.4;1.17;0.14;0;17.78;0.93
88409;88;Saint-Amé;1687;1407;1366;388;185;330;200;104;27;67;17;28;16;4;0;280;8;28.4;13.54;24.16;14.64;7.61;1.98;4.9;1.24;2.05;1.17;0.29;0;16.6;0.59
88410;88;Sainte-Barbe;239;195;187;56;32;24;36;22;1;4;2;8;1;1;0;44;5;29.95;17.11;12.83;19.25;11.76;0.53;2.14;1.07;4.28;0.53;0.53;0;18.41;2.67
88411;88;Saint-Baslemont;80;61;57;17;10;13;10;5;0;1;1;0;0;0;0;19;2;29.82;17.54;22.81;17.54;8.77;0;1.75;1.75;0;0;0;0;23.75;3.51
88412;88;Saint-Benoît-la-Chipotte;337;284;276;99;43;40;57;21;3;6;1;3;3;0;0;53;6;35.87;15.58;14.49;20.65;7.61;1.09;2.17;0.36;1.09;1.09;0;0;15.73;2.17
88413;88;Saint-Dié;14089;10240;9946;2418;1797;2266;1873;493;99;622;133;132;101;12;0;3849;95;24.31;18.07;22.78;18.83;4.96;1;6.25;1.34;1.33;1.02;0.12;0;27.32;0.96
88415;88;Saint-Etienne-lès-Remiremont;2730;2197;2148;553;352;464;422;145;25;124;20;27;14;2;0;533;7;25.74;16.39;21.6;19.65;6.75;1.16;5.77;0.93;1.26;0.65;0.09;0;19.52;0.33
88416;88;Saint-Genest;75;60;60;15;4;9;25;5;0;2;0;0;0;0;0;15;0;25;6.67;15;41.67;8.33;0;3.33;0;0;0;0;0;20;0
88417;88;Saint-Gorgon;307;245;239;79;36;46;42;19;7;0;1;6;3;0;0;62;2;33.05;15.06;19.25;17.57;7.95;2.93;0;0.42;2.51;1.26;0;0;20.2;0.84
88418;88;Sainte-Hélène;365;283;272;120;34;38;38;15;4;13;2;3;3;2;0;82;2;44.12;12.5;13.97;13.97;5.51;1.47;4.78;0.74;1.1;1.1;0.74;0;22.47;0.74
88419;88;Saint-Jean-d'Ormont;114;93;90;28;11;13;19;9;3;2;1;3;0;1;0;21;2;31.11;12.22;14.44;21.11;10;3.33;2.22;1.11;3.33;0;1.11;0;18.42;2.22
88421;88;Saint-Julien;110;84;79;29;12;5;27;6;0;0;0;0;0;0;0;26;2;36.71;15.19;6.33;34.18;7.59;0;0;0;0;0;0;0;23.64;2.53
88423;88;Saint-Léonard;998;805;778;289;118;147;100;46;5;32;9;20;11;1;0;193;11;37.15;15.17;18.89;12.85;5.91;0.64;4.11;1.16;2.57;1.41;0.13;0;19.34;1.41
88424;88;Sainte-Marguerite;1843;1572;1518;449;249;306;269;112;22;69;11;11;15;5;0;271;14;29.58;16.4;20.16;17.72;7.38;1.45;4.55;0.72;0.72;0.99;0.33;0;14.7;0.92
88425;88;Saint-Maurice-sur-Mortagne;122;106;102;42;11;19;9;6;4;3;3;3;1;1;0;16;0;41.18;10.78;18.63;8.82;5.88;3.92;2.94;2.94;2.94;0.98;0.98;0;13.11;0
88426;88;Saint-Maurice-sur-Moselle;1070;887;847;289;126;131;151;65;12;37;9;20;6;1;0;183;8;34.12;14.88;15.47;17.83;7.67;1.42;4.37;1.06;2.36;0.71;0.12;0;17.1;0.94
88427;88;Saint-Menge;103;82;78;14;11;20;16;10;1;2;4;0;0;0;0;21;4;17.95;14.1;25.64;20.51;12.82;1.28;2.56;5.13;0;0;0;0;20.39;5.13
88428;88;Saint-Michel-sur-Meurthe;1685;1355;1316;424;176;261;229;88;15;75;25;13;8;2;0;330;19;32.22;13.37;19.83;17.4;6.69;1.14;5.7;1.9;0.99;0.61;0.15;0;19.58;1.44
88429;88;Saint-Nabord;3143;2700;2618;699;405;526;543;197;29;131;28;30;22;8;0;443;28;26.7;15.47;20.09;20.74;7.52;1.11;5;1.07;1.15;0.84;0.31;0;14.09;1.07
88430;88;Saint-Ouen-lès-Parey;383;327;320;112;36;61;57;20;7;17;2;4;4;0;0;56;3;35;11.25;19.06;17.81;6.25;2.19;5.31;0.63;1.25;1.25;0;0;14.62;0.94
88431;88;Saint-Paul;99;85;82;33;15;8;17;6;1;0;0;1;1;0;0;14;3;40.24;18.29;9.76;20.73;7.32;1.22;0;0;1.22;1.22;0;0;14.14;3.66
88432;88;Saint-Pierremont;115;100;97;47;6;8;19;8;4;3;0;0;2;0;0;15;3;48.45;6.19;8.25;19.59;8.25;4.12;3.09;0;0;2.06;0;0;13.04;3.09
88433;88;Saint-Prancher;64;52;50;16;7;6;8;9;2;2;0;0;0;0;0;12;2;32;14;12;16;18;4;4;0;0;0;0;0;18.75;4
88434;88;Saint-Remimont;173;143;137;43;25;33;16;11;2;4;0;3;0;0;0;30;5;31.39;18.25;24.09;11.68;8.03;1.46;2.92;0;2.19;0;0;0;17.34;3.65
88435;88;Saint-Remy;411;345;336;100;38;74;72;18;2;18;3;10;1;0;0;66;1;29.76;11.31;22.02;21.43;5.36;0.6;5.36;0.89;2.98;0.3;0;0;16.06;0.3
88436;88;Saint-Stail;73;61;61;20;13;15;2;2;3;1;3;0;1;1;0;12;0;32.79;21.31;24.59;3.28;3.28;4.92;1.64;4.92;0;1.64;1.64;0;16.44;0
88437;88;Saint-Vallier;78;67;65;27;6;14;11;4;0;2;1;0;0;0;0;11;2;41.54;9.23;21.54;16.92;6.15;0;3.08;1.54;0;0;0;0;14.1;3.08
88438;88;La Salle;313;265;260;99;38;44;42;10;0;16;3;5;3;0;0;48;4;38.08;14.62;16.92;16.15;3.85;0;6.15;1.15;1.92;1.15;0;0;15.34;1.54
88439;88;Sanchey;756;652;640;181;97;128;111;56;6;45;5;5;5;1;0;104;5;28.28;15.16;20;17.34;8.75;0.94;7.03;0.78;0.78;0.78;0.16;0;13.76;0.78
88440;88;Sandaucourt;161;132;128;33;14;34;24;11;1;4;0;6;1;0;0;29;1;25.78;10.94;26.56;18.75;8.59;0.78;3.13;0;4.69;0.78;0;0;18.01;0.78
88441;88;Sans-Vallois;81;71;70;19;7;7;24;8;4;0;0;0;1;0;0;10;0;27.14;10;10;34.29;11.43;5.71;0;0;0;1.43;0;0;12.35;0
88442;88;Sapois;516;435;420;107;89;86;61;35;3;24;3;8;3;1;0;81;3;25.48;21.19;20.48;14.52;8.33;0.71;5.71;0.71;1.9;0.71;0.24;0;15.7;0.71
88443;88;Sartes;91;79;77;15;2;15;34;5;0;1;0;2;3;0;0;12;1;19.48;2.6;19.48;44.16;6.49;0;1.3;0;2.6;3.9;0;0;13.19;1.3
88444;88;Le Saulcy;286;217;214;61;35;33;45;12;4;15;7;2;0;0;0;69;0;28.5;16.36;15.42;21.03;5.61;1.87;7.01;3.27;0.93;0;0;0;24.13;0
88445;88;Saulcy-sur-Meurthe;1731;1434;1392;495;211;276;231;70;8;62;7;19;12;1;0;297;17;35.56;15.16;19.83;16.59;5.03;0.57;4.45;0.5;1.36;0.86;0.07;0;17.16;1.22
88446;88;Saulxures-lès-Bulgnéville;198;161;154;79;12;19;18;9;1;8;2;4;2;0;0;37;1;51.3;7.79;12.34;11.69;5.84;0.65;5.19;1.3;2.6;1.3;0;0;18.69;0.65
88447;88;Saulxures-sur-Moselotte;2079;1613;1545;416;332;263;268;109;22;77;18;21;13;6;0;466;14;26.93;21.49;17.02;17.35;7.06;1.42;4.98;1.17;1.36;0.84;0.39;0;22.41;0.91
88448;88;Sauville;158;137;135;41;8;22;44;10;1;3;3;1;2;0;0;21;0;30.37;5.93;16.3;32.59;7.41;0.74;2.22;2.22;0.74;1.48;0;0;13.29;0
88449;88;Savigny;157;131;127;36;13;32;18;16;1;5;0;2;4;0;0;26;1;28.35;10.24;25.2;14.17;12.6;0.79;3.94;0;1.57;3.15;0;0;16.56;0.79
88450;88;Senaide;176;134;129;60;10;19;23;10;0;6;0;0;0;1;0;42;1;46.51;7.75;14.73;17.83;7.75;0;4.65;0;0;0;0.78;0;23.86;0.78
88451;88;Senones;1614;1231;1198;382;215;230;173;50;8;67;36;20;15;2;0;383;11;31.89;17.95;19.2;14.44;4.17;0.67;5.59;3.01;1.67;1.25;0.17;0;23.73;0.92
88452;88;Senonges;111;92;87;42;17;8;7;4;0;3;2;4;0;0;0;19;0;48.28;19.54;9.2;8.05;4.6;0;3.45;2.3;4.6;0;0;0;17.12;0
88453;88;Seraumont;35;26;25;10;2;0;2;5;3;2;0;1;0;0;0;9;0;40;8;0;8;20;12;8;0;4;0;0;0;25.71;0
88454;88;Sercoeur;179;155;148;42;15;23;33;22;1;6;0;5;1;0;0;24;1;28.38;10.14;15.54;22.3;14.86;0.68;4.05;0;3.38;0.68;0;0;13.41;0.68
88455;88;Serécourt;113;89;86;23;9;17;12;16;3;5;1;0;0;0;0;24;1;26.74;10.47;19.77;13.95;18.6;3.49;5.81;1.16;0;0;0;0;21.24;1.16
88456;88;Serocourt;88;70;68;20;11;8;11;6;0;10;0;2;0;0;0;18;0;29.41;16.18;11.76;16.18;8.82;0;14.71;0;2.94;0;0;0;20.45;0
88457;88;Sionne;105;87;86;29;13;14;24;3;1;2;0;0;0;0;0;18;0;33.72;15.12;16.28;27.91;3.49;1.16;2.33;0;0;0;0;0;17.14;0
88458;88;Socourt;208;177;171;59;27;42;19;13;0;7;0;3;1;0;0;31;1;34.5;15.79;24.56;11.11;7.6;0;4.09;0;1.75;0.58;0;0;14.9;0.58
88459;88;Soncourt;46;37;37;9;2;5;15;5;0;1;0;0;0;0;0;9;0;24.32;5.41;13.51;40.54;13.51;0;2.7;0;0;0;0;0;19.57;0
88460;88;Soulosse-sous-Saint-Elophe;493;396;385;127;47;52;90;46;4;11;1;6;1;0;0;97;5;32.99;12.21;13.51;23.38;11.95;1.04;2.86;0.26;1.56;0.26;0;0;19.68;1.3
88461;88;Suriauville;167;137;131;36;23;20;34;11;0;1;0;3;2;1;0;30;1;27.48;17.56;15.27;25.95;8.4;0;0.76;0;2.29;1.53;0.76;0;17.96;0.76
88462;88;Le Syndicat;1553;1316;1272;365;204;246;208;120;21;59;10;21;12;6;0;237;12;28.69;16.04;19.34;16.35;9.43;1.65;4.64;0.79;1.65;0.94;0.47;0;15.26;0.94
88463;88;Taintrux;1304;1032;1004;344;150;212;111;78;7;70;6;14;9;3;0;272;28;34.26;14.94;21.12;11.06;7.77;0.7;6.97;0.6;1.39;0.9;0.3;0;20.86;2.79
88464;88;Tendon;426;354;340;107;68;54;53;31;4;15;1;2;4;1;0;72;4;31.47;20;15.88;15.59;9.12;1.18;4.41;0.29;0.59;1.18;0.29;0;16.9;1.18
88465;88;Capavenir;6904;5213;5032;1623;907;982;776;275;51;253;49;66;40;10;0;1691;44;32.25;18.02;19.52;15.42;5.47;1.01;5.03;0.97;1.31;0.79;0.2;0;24.49;0.87
88466;88;They-sous-Montfort;137;103;99;47;13;9;11;11;2;1;1;3;1;0;0;34;3;47.47;13.13;9.09;11.11;11.11;2.02;1.01;1.01;3.03;1.01;0;0;24.82;3.03
88467;88;Thiéfosse;479;400;384;123;71;55;44;35;7;29;4;11;3;2;0;79;4;32.03;18.49;14.32;11.46;9.11;1.82;7.55;1.04;2.86;0.78;0.52;0;16.49;1.04
88468;88;Le Thillot;2450;1821;1759;538;304;285;318;110;24;92;25;47;10;6;0;629;17;30.59;17.28;16.2;18.08;6.25;1.36;5.23;1.42;2.67;0.57;0.34;0;25.67;0.97
88469;88;Thiraucourt;81;69;69;22;12;11;8;7;5;3;0;1;0;0;0;12;0;31.88;17.39;15.94;11.59;10.14;7.25;4.35;0;1.45;0;0;0;14.81;0
88470;88;Le Tholy;1236;1035;1006;246;186;193;202;77;19;55;5;11;11;1;0;201;6;24.45;18.49;19.18;20.08;7.65;1.89;5.47;0.5;1.09;1.09;0.1;0;16.26;0.6
88471;88;Les Thons;111;83;81;24;12;13;17;3;1;3;1;5;1;1;0;28;0;29.63;14.81;16.05;20.99;3.7;1.23;3.7;1.23;6.17;1.23;1.23;0;25.23;0
88472;88;Thuillières;116;100;95;28;10;12;24;6;0;13;2;0;0;0;0;16;5;29.47;10.53;12.63;25.26;6.32;0;13.68;2.11;0;0;0;0;13.79;5.26
88473;88;Tignécourt;104;81;77;24;8;13;22;7;2;0;0;1;0;0;0;23;2;31.17;10.39;16.88;28.57;9.09;2.6;0;0;1.3;0;0;0;22.12;2.6
88474;88;Tilleux;48;45;45;15;5;6;9;9;1;0;0;0;0;0;0;3;0;33.33;11.11;13.33;20;20;2.22;0;0;0;0;0;0;6.25;0
88475;88;Tollaincourt;113;87;82;19;11;14;21;12;4;0;0;0;1;0;0;26;2;23.17;13.41;17.07;25.61;14.63;4.88;0;0;0;1.22;0;0;23.01;2.44
88476;88;Totainville;88;72;69;24;15;15;4;4;0;2;0;3;2;0;0;16;0;34.78;21.74;21.74;5.8;5.8;0;2.9;0;4.35;2.9;0;0;18.18;0
88477;88;Trampot;91;77;75;25;4;15;22;8;0;0;0;0;1;0;0;14;0;33.33;5.33;20;29.33;10.67;0;0;0;0;1.33;0;0;15.38;0
88478;88;Tranqueville-Graux;63;56;55;23;6;7;8;0;5;3;0;1;2;0;0;7;1;41.82;10.91;12.73;14.55;0;9.09;5.45;0;1.82;3.64;0;0;11.11;1.82
88479;88;Trémonzey;186;152;148;49;19;20;31;20;1;4;0;2;0;2;0;34;3;33.11;12.84;13.51;20.95;13.51;0.68;2.7;0;1.35;0;1.35;0;18.28;2.03
88480;88;Ubexy;157;111;108;32;21;22;17;6;2;5;0;2;1;0;0;46;1;29.63;19.44;20.37;15.74;5.56;1.85;4.63;0;1.85;0.93;0;0;29.3;0.93
88481;88;Uriménil;1072;883;854;325;115;147;128;57;12;43;12;9;6;0;0;189;8;38.06;13.47;17.21;14.99;6.67;1.41;5.04;1.41;1.05;0.7;0;0;17.63;0.94
88482;88;Urville;53;48;46;16;3;7;6;3;1;2;6;0;1;1;0;5;1;34.78;6.52;15.22;13.04;6.52;2.17;4.35;13.04;0;2.17;2.17;0;9.43;2.17
88483;88;Uxegney;1930;1606;1573;451;262;350;264;106;20;75;8;22;14;1;0;324;10;28.67;16.66;22.25;16.78;6.74;1.27;4.77;0.51;1.4;0.89;0.06;0;16.79;0.64
88484;88;Uzemain;910;742;719;219;117;125;124;61;11;40;6;9;4;3;0;168;5;30.46;16.27;17.39;17.25;8.48;1.53;5.56;0.83;1.25;0.56;0.42;0;18.46;0.7
88485;88;La Vacheresse-et-la-Rouillie;107;84;81;21;12;18;10;8;2;2;1;2;4;1;0;23;0;25.93;14.81;22.22;12.35;9.88;2.47;2.47;1.23;2.47;4.94;1.23;0;21.5;0
88486;88;Vagney;3131;2652;2576;662;373;554;493;210;50;131;34;39;23;7;0;479;23;25.7;14.48;21.51;19.14;8.15;1.94;5.09;1.32;1.51;0.89;0.27;0;15.3;0.89
88487;88;Le Val-d'Ajol;3303;2700;2577;734;327;452;608;203;48;92;22;46;37;8;0;603;42;28.48;12.69;17.54;23.59;7.88;1.86;3.57;0.85;1.79;1.44;0.31;0;18.26;1.63
88488;88;Valfroicourt;204;178;167;49;34;36;34;3;1;7;0;1;1;1;0;26;4;29.34;20.36;21.56;20.36;1.8;0.6;4.19;0;0.6;0.6;0.6;0;12.75;2.4
88489;88;Valleroy-aux-Saules;224;193;186;39;49;47;29;11;1;6;0;2;0;2;0;31;1;20.97;26.34;25.27;15.59;5.91;0.54;3.23;0;1.08;0;1.08;0;13.84;0.54
88490;88;Valleroy-le-Sec;148;126;120;50;27;8;17;9;0;2;3;3;1;0;0;22;3;41.67;22.5;6.67;14.17;7.5;0;1.67;2.5;2.5;0.83;0;0;14.86;2.5
88491;88;Les Vallois;78;68;66;19;6;10;12;15;2;1;0;1;0;0;0;10;1;28.79;9.09;15.15;18.18;22.73;3.03;1.52;0;1.52;0;0;0;12.82;1.52
88492;88;Le Valtin;95;75;73;4;7;16;36;2;1;4;1;2;0;0;0;20;1;5.48;9.59;21.92;49.32;2.74;1.37;5.48;1.37;2.74;0;0;0;21.05;1.37
88493;88;Varmonzey;19;19;19;4;1;3;6;4;0;0;0;0;0;1;0;0;0;21.05;5.26;15.79;31.58;21.05;0;0;0;0;0;5.26;0;0;0
88494;88;Vaubexy;100;83;81;30;18;12;16;2;0;1;1;0;0;1;0;17;0;37.04;22.22;14.81;19.75;2.47;0;1.23;1.23;0;0;1.23;0;17;0
88495;88;Vaudéville;156;136;132;26;13;40;37;5;0;8;1;2;0;0;0;20;1;19.7;9.85;30.3;28.03;3.79;0;6.06;0.76;1.52;0;0;0;12.82;0.76
88496;88;Vaudoncourt;106;97;94;20;8;20;29;10;1;0;1;2;2;1;0;9;2;21.28;8.51;21.28;30.85;10.64;1.06;0;1.06;2.13;2.13;1.06;0;8.49;2.13
88497;88;Vaxoncourt;353;299;290;99;46;54;43;26;0;13;4;2;3;0;0;54;3;34.14;15.86;18.62;14.83;8.97;0;4.48;1.38;0.69;1.03;0;0;15.3;1.03
88498;88;Vecoux;754;623;600;157;100;134;110;43;13;21;4;8;9;1;0;131;3;26.17;16.67;22.33;18.33;7.17;2.17;3.5;0.67;1.33;1.5;0.17;0;17.37;0.5
88499;88;Velotte-et-Tatignécourt;125;109;107;21;21;31;9;8;2;10;3;0;1;1;0;16;0;19.63;19.63;28.97;8.41;7.48;1.87;9.35;2.8;0;0.93;0.93;0;12.8;0
88500;88;Ventron;752;621;603;158;86;105;136;55;9;34;1;11;7;1;0;131;7;26.2;14.26;17.41;22.55;9.12;1.49;5.64;0.17;1.82;1.16;0.17;0;17.42;1.16
88501;88;Le Vermont;77;68;65;20;10;9;17;5;3;0;0;0;0;1;0;9;0;30.77;15.38;13.85;26.15;7.69;4.62;0;0;0;0;1.54;0;11.69;0
88502;88;Vervezelle;127;110;110;33;25;20;13;7;0;8;1;1;2;0;0;17;0;30;22.73;18.18;11.82;6.36;0;7.27;0.91;0.91;1.82;0;0;13.39;0
88503;88;Vexaincourt;132;105;99;33;6;20;22;6;2;4;2;1;3;0;0;27;1;33.33;6.06;20.2;22.22;6.06;2.02;4.04;2.02;1.01;3.03;0;0;20.45;1.01
88504;88;Vicherey;139;113;108;35;12;21;24;7;2;5;0;2;0;0;0;26;2;32.41;11.11;19.44;22.22;6.48;1.85;4.63;0;1.85;0;0;0;18.71;1.85
88505;88;Vienville;105;94;90;41;10;19;13;2;0;3;1;1;0;0;0;11;0;45.56;11.11;21.11;14.44;2.22;0;3.33;1.11;1.11;0;0;0;10.48;0
88506;88;Vieux-Moulin;293;247;237;91;28;43;33;14;5;14;2;5;2;0;0;46;9;38.4;11.81;18.14;13.92;5.91;2.11;5.91;0.84;2.11;0.84;0;0;15.7;3.8
88507;88;Villers;205;172;168;29;30;42;36;13;4;10;0;2;2;0;0;33;4;17.26;17.86;25;21.43;7.74;2.38;5.95;0;1.19;1.19;0;0;16.1;2.38
88508;88;Ville-sur-Illon;374;330;316;102;54;47;64;28;2;9;1;6;3;0;0;44;3;32.28;17.09;14.87;20.25;8.86;0.63;2.85;0.32;1.9;0.95;0;0;11.76;0.95
88509;88;Villoncourt;94;84;80;15;12;13;25;7;0;5;2;1;0;0;0;10;1;18.75;15;16.25;31.25;8.75;0;6.25;2.5;1.25;0;0;0;10.64;1.25
88510;88;Villotte;154;112;106;48;11;15;15;10;0;3;0;1;3;0;0;42;0;45.28;10.38;14.15;14.15;9.43;0;2.83;0;0.94;2.83;0;0;27.27;0
88511;88;Villouxel;75;58;57;24;7;11;4;3;1;3;1;1;2;0;0;17;0;42.11;12.28;19.3;7.02;5.26;1.75;5.26;1.75;1.75;3.51;0;0;22.67;0
88512;88;Viménil;169;150;147;66;19;23;20;10;3;4;0;1;1;0;0;19;0;44.9;12.93;15.65;13.61;6.8;2.04;2.72;0;0.68;0.68;0;0;11.24;0
88513;88;Vincey;1676;1313;1283;482;253;222;131;86;8;53;9;19;16;4;0;363;12;37.57;19.72;17.3;10.21;6.7;0.62;4.13;0.7;1.48;1.25;0.31;0;21.66;0.94
88514;88;Viocourt;127;107;106;17;9;18;35;15;4;3;1;1;3;0;0;20;0;16.04;8.49;16.98;33.02;14.15;3.77;2.83;0.94;0.94;2.83;0;0;15.75;0
88515;88;Vioménil;135;108;106;39;18;15;14;4;4;9;1;0;2;0;0;27;0;36.79;16.98;14.15;13.21;3.77;3.77;8.49;0.94;0;1.89;0;0;20;0
88516;88;Vittel;4439;3391;3321;710;556;668;856;215;34;162;36;45;30;9;0;1048;17;21.38;16.74;20.11;25.78;6.47;1.02;4.88;1.08;1.36;0.9;0.27;0;23.61;0.51
88517;88;Viviers-le-Gras;148;129;122;47;18;9;22;7;3;8;2;2;3;1;0;19;1;38.52;14.75;7.38;18.03;5.74;2.46;6.56;1.64;1.64;2.46;0.82;0;12.84;0.82
88518;88;Viviers-lès-Offroicourt;28;23;23;5;3;3;7;4;1;0;0;0;0;0;0;5;0;21.74;13.04;13.04;30.43;17.39;4.35;0;0;0;0;0;0;17.86;0
88519;88;La Voivre;539;450;439;143;49;106;72;30;7;16;3;5;5;3;0;89;2;32.57;11.16;24.15;16.4;6.83;1.59;3.64;0.68;1.14;1.14;0.68;0;16.51;0.46
88520;88;Les Voivres;260;220;215;82;31;40;36;9;4;6;0;6;1;0;0;40;1;38.14;14.42;18.6;16.74;4.19;1.86;2.79;0;2.79;0.47;0;0;15.38;0.47
88521;88;Vomécourt;233;185;181;58;29;25;44;12;0;10;1;2;0;0;0;48;1;32.04;16.02;13.81;24.31;6.63;0;5.52;0.55;1.1;0;0;0;20.6;0.55
88522;88;Vomécourt-sur-Madon;64;58;56;19;10;13;10;2;1;1;0;0;0;0;0;6;0;33.93;17.86;23.21;17.86;3.57;1.79;1.79;0;0;0;0;0;9.38;0
88523;88;Vouxey;117;94;88;21;15;19;18;8;0;3;1;0;3;0;0;23;2;23.86;17.05;21.59;20.45;9.09;0;3.41;1.14;0;3.41;0;0;19.66;2.27
88524;88;Vrécourt;266;213;208;64;33;26;47;18;4;10;3;3;0;0;0;53;1;30.77;15.87;12.5;22.6;8.65;1.92;4.81;1.44;1.44;0;0;0;19.92;0.48
88525;88;Vroville;112;95;93;24;15;22;12;13;0;3;0;2;2;0;0;17;1;25.81;16.13;23.66;12.9;13.98;0;3.23;0;2.15;2.15;0;0;15.18;1.08
88526;88;Wisembach;321;278;274;111;29;45;44;20;2;12;3;7;1;0;0;43;1;40.51;10.58;16.42;16.06;7.3;0.73;4.38;1.09;2.55;0.36;0;0;13.4;0.36
88527;88;Xaffévillers;118;91;89;29;17;7;24;3;0;4;2;1;2;0;0;27;1;32.58;19.1;7.87;26.97;3.37;0;4.49;2.25;1.12;2.25;0;0;22.88;1.12
88528;88;Xamontarupt;134;105;100;26;12;25;11;9;0;12;2;2;1;0;0;29;3;26;12;25;11;9;0;12;2;2;1;0;0;21.64;3
88529;88;Xaronval;90;82;80;20;18;14;15;5;1;7;0;0;0;0;0;8;2;25;22.5;17.5;18.75;6.25;1.25;8.75;0;0;0;0;0;8.89;2.5
88530;88;Xertigny;2044;1649;1604;624;224;264;250;95;14;76;11;29;15;2;0;395;0;38.9;13.97;16.46;15.59;5.92;0.87;4.74;0.69;1.81;0.94;0.12;0;19.32;0
88531;88;Xonrupt-Longemer;1382;1145;1113;225;205;277;226;74;14;50;8;20;10;4;0;237;2;20.22;18.42;24.89;20.31;6.65;1.26;4.49;0.72;1.8;0.9;0.36;0;17.15;0.18
88532;88;Zincourt;84;70;70;10;10;16;17;9;2;5;0;1;0;0;0;14;0;14.29;14.29;22.86;24.29;12.86;2.86;7.14;0;1.43;0;0;0;16.67;0